1.000e+00 1.047e+00 2 
1.047e+00 1.096e+00 3 
1.096e+00 1.148e+00 3 
1.148e+00 1.202e+00 2 
1.202e+00 1.259e+00 0 
1.259e+00 1.318e+00 5 
1.318e+00 1.380e+00 1 
1.380e+00 1.445e+00 4 
1.445e+00 1.514e+00 4 
1.514e+00 1.585e+00 9 
1.585e+00 1.660e+00 8 
1.660e+00 1.738e+00 4 
1.738e+00 1.820e+00 10 
1.820e+00 1.905e+00 7 
1.905e+00 1.995e+00 4 
1.995e+00 2.089e+00 12 
2.089e+00 2.188e+00 11 
2.188e+00 2.291e+00 12 
2.291e+00 2.399e+00 6 
2.399e+00 2.512e+00 10 
2.512e+00 2.630e+00 27 
2.630e+00 2.754e+00 11 
2.754e+00 2.884e+00 12 
2.884e+00 3.020e+00 20 
3.020e+00 3.162e+00 18 
3.162e+00 3.311e+00 27 
3.311e+00 3.467e+00 18 
3.467e+00 3.631e+00 40 
3.631e+00 3.802e+00 26 
3.802e+00 3.981e+00 25 
3.981e+00 4.169e+00 33 
4.169e+00 4.365e+00 29 
4.365e+00 4.571e+00 52 
4.571e+00 4.786e+00 47 
4.786e+00 5.012e+00 40 
5.012e+00 5.248e+00 78 
5.248e+00 5.495e+00 73 
5.495e+00 5.754e+00 61 
5.754e+00 6.026e+00 83 
6.026e+00 6.310e+00 88 
6.310e+00 6.607e+00 74 
6.607e+00 6.918e+00 108 
6.918e+00 7.244e+00 93 
7.244e+00 7.586e+00 119 
7.586e+00 7.943e+00 140 
7.943e+00 8.318e+00 143 
8.318e+00 8.710e+00 152 
8.710e+00 9.120e+00 171 
9.120e+00 9.550e+00 202 
9.550e+00 1.000e+01 203 
1.000e+01 1.047e+01 237 
1.047e+01 1.096e+01 253 
1.096e+01 1.148e+01 220 
1.148e+01 1.202e+01 300 
1.202e+01 1.259e+01 303 
1.259e+01 1.318e+01 380 
1.318e+01 1.380e+01 377 
1.380e+01 1.445e+01 445 
1.445e+01 1.514e+01 462 
1.514e+01 1.585e+01 498 
1.585e+01 1.660e+01 576 
1.660e+01 1.738e+01 589 
1.738e+01 1.820e+01 645 
1.820e+01 1.905e+01 739 
1.905e+01 1.995e+01 871 
1.995e+01 2.089e+01 952 
2.089e+01 2.188e+01 1019 
2.188e+01 2.291e+01 1102 
2.291e+01 2.399e+01 1124 
2.399e+01 2.512e+01 1300 
2.512e+01 2.630e+01 1464 
2.630e+01 2.754e+01 1438 
2.754e+01 2.884e+01 1720 
2.884e+01 3.020e+01 1805 
3.020e+01 3.162e+01 2089 
3.162e+01 3.311e+01 2369 
3.311e+01 3.467e+01 2395 
3.467e+01 3.631e+01 2700 
3.631e+01 3.802e+01 2949 
3.802e+01 3.981e+01 3382 
3.981e+01 4.169e+01 3553 
4.169e+01 4.365e+01 3859 
4.365e+01 4.571e+01 4349 
4.571e+01 4.786e+01 4900 
4.786e+01 5.012e+01 5276 
5.012e+01 5.248e+01 5632 
5.248e+01 5.495e+01 6272 
5.495e+01 5.754e+01 6808 
5.754e+01 6.026e+01 7597 
6.026e+01 6.310e+01 8300 
6.310e+01 6.607e+01 8770 
6.607e+01 6.918e+01 9803 
6.918e+01 7.244e+01 11001 
7.244e+01 7.586e+01 12006 
7.586e+01 7.943e+01 13176 
7.943e+01 8.318e+01 14075 
8.318e+01 8.710e+01 15648 
8.710e+01 9.120e+01 17228 
9.120e+01 9.550e+01 18550 
9.550e+01 1.000e+02 20544 
1.000e+02 1.047e+02 22553 
1.047e+02 1.096e+02 24946 
1.096e+02 1.148e+02 27231 
1.148e+02 1.202e+02 30361 
1.202e+02 1.259e+02 32687 
1.259e+02 1.318e+02 35698 
1.318e+02 1.380e+02 39600 
1.380e+02 1.445e+02 43206 
1.445e+02 1.514e+02 47245 
1.514e+02 1.585e+02 51722 
1.585e+02 1.660e+02 57335 
1.660e+02 1.738e+02 61996 
1.738e+02 1.820e+02 68404 
1.820e+02 1.905e+02 74813 
1.905e+02 1.995e+02 82661 
1.995e+02 2.089e+02 90011 
2.089e+02 2.188e+02 98730 
2.188e+02 2.291e+02 108750 
2.291e+02 2.399e+02 118779 
2.399e+02 2.512e+02 130137 
2.512e+02 2.630e+02 143078 
2.630e+02 2.754e+02 156944 
2.754e+02 2.884e+02 172078 
2.884e+02 3.020e+02 188747 
3.020e+02 3.162e+02 206758 
3.162e+02 3.311e+02 226769 
3.311e+02 3.467e+02 248795 
3.467e+02 3.631e+02 271198 
3.631e+02 3.802e+02 298536 
3.802e+02 3.981e+02 326750 
3.981e+02 4.169e+02 359031 
4.169e+02 4.365e+02 393442 
4.365e+02 4.571e+02 430879 
4.571e+02 4.786e+02 473948 
4.786e+02 5.012e+02 518245 
5.012e+02 5.248e+02 568766 
5.248e+02 5.495e+02 623131 
5.495e+02 5.754e+02 682218 
5.754e+02 6.026e+02 748633 
6.026e+02 6.310e+02 821043 
6.310e+02 6.607e+02 899411 
6.607e+02 6.918e+02 987523 
6.918e+02 7.244e+02 1080799 
7.244e+02 7.586e+02 1186572 
7.586e+02 7.943e+02 1299813 
7.943e+02 8.318e+02 1425528 
8.318e+02 8.710e+02 1565218 
8.710e+02 9.120e+02 1713271 
9.120e+02 9.550e+02 1877080 
9.550e+02 1.000e+03 2058902 
1.000e+03 1.047e+03 2257522 
1.047e+03 1.096e+03 2472907 
1.096e+03 1.148e+03 2712349 
1.148e+03 1.202e+03 2976141 
1.202e+03 1.259e+03 3259578 
1.259e+03 1.318e+03 3571619 
1.318e+03 1.380e+03 3915922 
1.380e+03 1.445e+03 4292217 
1.445e+03 1.514e+03 4704442 
1.514e+03 1.585e+03 5162378 
1.585e+03 1.660e+03 5653275 
1.660e+03 1.738e+03 6195526 
1.738e+03 1.820e+03 6792584 
1.820e+03 1.905e+03 7442986 
1.905e+03 1.995e+03 8155849 
1.995e+03 2.089e+03 8940789 
2.089e+03 2.188e+03 9804317 
2.188e+03 2.291e+03 10742890 
2.291e+03 2.399e+03 11765128 
2.399e+03 2.512e+03 12900921 
2.512e+03 2.630e+03 14144417 
2.630e+03 2.754e+03 15496121 
2.754e+03 2.884e+03 16975655 
2.884e+03 3.020e+03 18597617 
3.020e+03 3.162e+03 20388309 
3.162e+03 3.311e+03 22334231 
3.311e+03 3.467e+03 24467804 
3.467e+03 3.631e+03 26816434 
3.631e+03 3.802e+03 29366921 
3.802e+03 3.981e+03 32188350 
3.981e+03 4.169e+03 35243715 
4.169e+03 4.365e+03 38606485 
4.365e+03 4.571e+03 42307949 
4.571e+03 4.786e+03 46349520 
4.786e+03 5.012e+03 50762893 
5.012e+03 5.248e+03 55603817 
5.248e+03 5.495e+03 60895509 
5.495e+03 5.754e+03 66681476 
5.754e+03 6.026e+03 73012026 
6.026e+03 6.310e+03 79956024 
6.310e+03 6.607e+03 87559004 
6.607e+03 6.918e+03 95892740 
6.918e+03 7.244e+03 104967905 
7.244e+03 7.586e+03 114891959 
7.586e+03 7.943e+03 125780714 
7.943e+03 8.318e+03 137673404 
8.318e+03 8.710e+03 150651469 
8.710e+03 9.120e+03 164874612 
9.120e+03 9.550e+03 180409311 
9.550e+03 1.000e+04 197384244 
1.000e+04 1.047e+04 215954144 
1.047e+04 1.096e+04 236262942 
1.096e+04 1.148e+04 258412956 
1.148e+04 1.202e+04 282595870 
1.202e+04 1.259e+04 309066936 
1.259e+04 1.318e+04 337911760 
1.318e+04 1.380e+04 369397974 
1.380e+04 1.445e+04 403797448 
1.445e+04 1.514e+04 441273594 
1.514e+04 1.585e+04 482161812 
1.585e+04 1.660e+04 526784350 
1.660e+04 1.738e+04 575427751 
1.738e+04 1.820e+04 628406853 
1.820e+04 1.905e+04 686204010 
1.905e+04 1.995e+04 749106137 
1.995e+04 2.089e+04 817434634 
2.089e+04 2.188e+04 891979593 
2.188e+04 2.291e+04 972957538 
2.291e+04 2.399e+04 1060982864 
2.399e+04 2.512e+04 1156708710 
2.512e+04 2.630e+04 1260775819 
2.630e+04 2.754e+04 1373693441 
2.754e+04 2.884e+04 1496211839 
2.884e+04 3.020e+04 1628959671 
3.020e+04 3.162e+04 1772649062 
3.162e+04 3.311e+04 1928678761 
3.311e+04 3.467e+04 2097375927 
3.467e+04 3.631e+04 2279785857 
3.631e+04 3.802e+04 2476954172 
3.802e+04 3.981e+04 2689802909 
3.981e+04 4.169e+04 2919157738 
4.169e+04 4.365e+04 3166324320 
4.365e+04 4.571e+04 3432306116 
4.571e+04 4.786e+04 3717812668 
4.786e+04 5.012e+04 4024512986 
5.012e+04 5.248e+04 4353324187 
5.248e+04 5.495e+04 4704905811 
5.495e+04 5.754e+04 5080773496 
5.754e+04 6.026e+04 5481919349 
6.026e+04 6.310e+04 5908008243 
6.310e+04 6.607e+04 6360888930 
6.607e+04 6.918e+04 6840338638 
6.918e+04 7.244e+04 7347186346 
7.244e+04 7.586e+04 7881676395 
7.586e+04 7.943e+04 8442166111 
7.943e+04 8.318e+04 9028344461 
8.318e+04 8.710e+04 9639248594 
8.710e+04 9.120e+04 10272138759 
9.120e+04 9.550e+04 10924810141 
9.550e+04 1.000e+05 11595354987 
1.000e+05 1.047e+05 12278660901 
1.047e+05 1.096e+05 12968692028 
1.096e+05 1.148e+05 13659035810 
1.148e+05 1.202e+05 14338444409 
