1.000e+00 1.047e+00 9 
1.047e+00 1.096e+00 26 
1.096e+00 1.148e+00 20 
1.148e+00 1.202e+00 18 
1.202e+00 1.259e+00 17 
1.259e+00 1.318e+00 12 
1.318e+00 1.380e+00 16 
1.380e+00 1.445e+00 26 
1.445e+00 1.514e+00 35 
1.514e+00 1.585e+00 29 
1.585e+00 1.660e+00 30 
1.660e+00 1.738e+00 15 
1.738e+00 1.820e+00 45 
1.820e+00 1.905e+00 52 
1.905e+00 1.995e+00 46 
1.995e+00 2.089e+00 43 
2.089e+00 2.188e+00 71 
2.188e+00 2.291e+00 66 
2.291e+00 2.399e+00 55 
2.399e+00 2.512e+00 51 
2.512e+00 2.630e+00 94 
2.630e+00 2.754e+00 83 
2.754e+00 2.884e+00 87 
2.884e+00 3.020e+00 92 
3.020e+00 3.162e+00 102 
3.162e+00 3.311e+00 153 
3.311e+00 3.467e+00 112 
3.467e+00 3.631e+00 157 
3.631e+00 3.802e+00 166 
3.802e+00 3.981e+00 179 
3.981e+00 4.169e+00 201 
4.169e+00 4.365e+00 227 
4.365e+00 4.571e+00 237 
4.571e+00 4.786e+00 287 
4.786e+00 5.012e+00 260 
5.012e+00 5.248e+00 301 
5.248e+00 5.495e+00 362 
5.495e+00 5.754e+00 346 
5.754e+00 6.026e+00 460 
6.026e+00 6.310e+00 475 
6.310e+00 6.607e+00 446 
6.607e+00 6.918e+00 518 
6.918e+00 7.244e+00 624 
7.244e+00 7.586e+00 613 
7.586e+00 7.943e+00 724 
7.943e+00 8.318e+00 737 
8.318e+00 8.710e+00 832 
8.710e+00 9.120e+00 925 
9.120e+00 9.550e+00 932 
9.550e+00 1.000e+01 1067 
1.000e+01 1.047e+01 1193 
1.047e+01 1.096e+01 1286 
1.096e+01 1.148e+01 1395 
1.148e+01 1.202e+01 1575 
1.202e+01 1.259e+01 1647 
1.259e+01 1.318e+01 1959 
1.318e+01 1.380e+01 2114 
1.380e+01 1.445e+01 2245 
1.445e+01 1.514e+01 2333 
1.514e+01 1.585e+01 2636 
1.585e+01 1.660e+01 2842 
1.660e+01 1.738e+01 3174 
1.738e+01 1.820e+01 3434 
1.820e+01 1.905e+01 3702 
1.905e+01 1.995e+01 4068 
1.995e+01 2.089e+01 4287 
2.089e+01 2.188e+01 4734 
2.188e+01 2.291e+01 5014 
2.291e+01 2.399e+01 5754 
2.399e+01 2.512e+01 6026 
2.512e+01 2.630e+01 6545 
2.630e+01 2.754e+01 7170 
2.754e+01 2.884e+01 7766 
2.884e+01 3.020e+01 8221 
3.020e+01 3.162e+01 8823 
3.162e+01 3.311e+01 9633 
3.311e+01 3.467e+01 10326 
3.467e+01 3.631e+01 11187 
3.631e+01 3.802e+01 11789 
3.802e+01 3.981e+01 12776 
3.981e+01 4.169e+01 13861 
4.169e+01 4.365e+01 14856 
4.365e+01 4.571e+01 15874 
4.571e+01 4.786e+01 16950 
4.786e+01 5.012e+01 18267 
5.012e+01 5.248e+01 19720 
5.248e+01 5.495e+01 20853 
5.495e+01 5.754e+01 22304 
5.754e+01 6.026e+01 24300 
6.026e+01 6.310e+01 25962 
6.310e+01 6.607e+01 27637 
6.607e+01 6.918e+01 29695 
6.918e+01 7.244e+01 32068 
7.244e+01 7.586e+01 34238 
7.586e+01 7.943e+01 36388 
7.943e+01 8.318e+01 39405 
8.318e+01 8.710e+01 42499 
8.710e+01 9.120e+01 45067 
9.120e+01 9.550e+01 48919 
9.550e+01 1.000e+02 53095 
1.000e+02 1.047e+02 56649 
1.047e+02 1.096e+02 60809 
1.096e+02 1.148e+02 65750 
1.148e+02 1.202e+02 70522 
1.202e+02 1.259e+02 76356 
1.259e+02 1.318e+02 82278 
1.318e+02 1.380e+02 88471 
1.380e+02 1.445e+02 95826 
1.445e+02 1.514e+02 103811 
1.514e+02 1.585e+02 111026 
1.585e+02 1.660e+02 121028 
1.660e+02 1.738e+02 130420 
1.738e+02 1.820e+02 140993 
1.820e+02 1.905e+02 153096 
1.905e+02 1.995e+02 164805 
1.995e+02 2.089e+02 177744 
2.089e+02 2.188e+02 192195 
2.188e+02 2.291e+02 207968 
2.291e+02 2.399e+02 224289 
2.399e+02 2.512e+02 242581 
2.512e+02 2.630e+02 261400 
2.630e+02 2.754e+02 282024 
2.754e+02 2.884e+02 305265 
2.884e+02 3.020e+02 329984 
3.020e+02 3.162e+02 357288 
3.162e+02 3.311e+02 386861 
3.311e+02 3.467e+02 417677 
3.467e+02 3.631e+02 452511 
3.631e+02 3.802e+02 487358 
3.802e+02 3.981e+02 527088 
3.981e+02 4.169e+02 570486 
4.169e+02 4.365e+02 619810 
4.365e+02 4.571e+02 669448 
4.571e+02 4.786e+02 723598 
4.786e+02 5.012e+02 783055 
5.012e+02 5.248e+02 846603 
5.248e+02 5.495e+02 916060 
5.495e+02 5.754e+02 995118 
5.754e+02 6.026e+02 1078888 
6.026e+02 6.310e+02 1168231 
6.310e+02 6.607e+02 1269941 
6.607e+02 6.918e+02 1374806 
6.918e+02 7.244e+02 1493948 
7.244e+02 7.586e+02 1621604 
7.586e+02 7.943e+02 1763478 
7.943e+02 8.318e+02 1914026 
8.318e+02 8.710e+02 2077214 
8.710e+02 9.120e+02 2260189 
9.120e+02 9.550e+02 2456695 
9.550e+02 1.000e+03 2675117 
1.000e+03 1.047e+03 2912528 
1.047e+03 1.096e+03 3165703 
1.096e+03 1.148e+03 3446825 
1.148e+03 1.202e+03 3759533 
1.202e+03 1.259e+03 4094194 
1.259e+03 1.318e+03 4452859 
1.318e+03 1.380e+03 4854088 
1.380e+03 1.445e+03 5281552 
1.445e+03 1.514e+03 5752288 
1.514e+03 1.585e+03 6273923 
1.585e+03 1.660e+03 6838026 
1.660e+03 1.738e+03 7447453 
1.738e+03 1.820e+03 8108015 
1.820e+03 1.905e+03 8839067 
1.905e+03 1.995e+03 9634496 
1.995e+03 2.089e+03 10492871 
2.089e+03 2.188e+03 11432723 
2.188e+03 2.291e+03 12450624 
2.291e+03 2.399e+03 13564780 
2.399e+03 2.512e+03 14786197 
2.512e+03 2.630e+03 16122544 
2.630e+03 2.754e+03 17584296 
2.754e+03 2.884e+03 19167612 
2.884e+03 3.020e+03 20900486 
3.020e+03 3.162e+03 22767812 
3.162e+03 3.311e+03 24826898 
3.311e+03 3.467e+03 27072988 
3.467e+03 3.631e+03 29537189 
3.631e+03 3.802e+03 32229654 
3.802e+03 3.981e+03 35148307 
3.981e+03 4.169e+03 38301616 
4.169e+03 4.365e+03 41781864 
4.365e+03 4.571e+03 45618342 
4.571e+03 4.786e+03 49732301 
4.786e+03 5.012e+03 54283857 
5.012e+03 5.248e+03 59213208 
5.248e+03 5.495e+03 64546246 
5.495e+03 5.754e+03 70368505 
5.754e+03 6.026e+03 76717643 
6.026e+03 6.310e+03 83668508 
6.310e+03 6.607e+03 91222385 
6.607e+03 6.918e+03 99481292 
6.918e+03 7.244e+03 108511979 
7.244e+03 7.586e+03 118329743 
7.586e+03 7.943e+03 129021866 
7.943e+03 8.318e+03 140803146 
8.318e+03 8.710e+03 153542107 
8.710e+03 9.120e+03 167405632 
9.120e+03 9.550e+03 182502356 
9.550e+03 1.000e+04 199008283 
1.000e+04 1.047e+04 217100085 
1.047e+04 1.096e+04 236691797 
1.096e+04 1.148e+04 258120142 
1.148e+04 1.202e+04 281362370 
1.202e+04 1.259e+04 306771045 
1.259e+04 1.318e+04 334891007 
1.318e+04 1.380e+04 365333950 
1.380e+04 1.445e+04 398682323 
1.445e+04 1.514e+04 434842214 
1.514e+04 1.585e+04 474390189 
1.585e+04 1.660e+04 517284951 
1.660e+04 1.738e+04 563973490 
1.738e+04 1.820e+04 615068715 
1.820e+04 1.905e+04 671232753 
1.905e+04 1.995e+04 732125768 
1.995e+04 2.089e+04 798874785 
2.089e+04 2.188e+04 871063136 
2.188e+04 2.291e+04 950410611 
2.291e+04 2.399e+04 1037342025 
2.399e+04 2.512e+04 1131653883 
2.512e+04 2.630e+04 1232714674 
2.630e+04 2.754e+04 1343828761 
2.754e+04 2.884e+04 1465213884 
2.884e+04 3.020e+04 1597146902 
3.020e+04 3.162e+04 1738900896 
3.162e+04 3.311e+04 1892628933 
3.311e+04 3.467e+04 2056357920 
3.467e+04 3.631e+04 2234495788 
3.631e+04 3.802e+04 2428249418 
3.802e+04 3.981e+04 2637827995 
3.981e+04 4.169e+04 2865548885 
4.169e+04 4.365e+04 3111555919 
4.365e+04 4.571e+04 3375815476 
4.571e+04 4.786e+04 3662702261 
4.786e+04 5.012e+04 3966208174 
5.012e+04 5.248e+04 4294521329 
5.248e+04 5.495e+04 4645617836 
5.495e+04 5.754e+04 5020513364 
5.754e+04 6.026e+04 5413506955 
6.026e+04 6.310e+04 5831113771 
6.310e+04 6.607e+04 6280253805 
6.607e+04 6.918e+04 6756306045 
6.918e+04 7.244e+04 7260436836 
7.244e+04 7.586e+04 7790062724 
7.586e+04 7.943e+04 8334531292 
7.943e+04 8.318e+04 8902180856 
8.318e+04 8.710e+04 9512891421 
8.710e+04 9.120e+04 10157382496 
9.120e+04 9.550e+04 10815780399 
9.550e+04 1.000e+05 11482102302 
1.000e+05 1.047e+05 12128819138 
1.047e+05 1.096e+05 12802394893 
1.096e+05 1.148e+05 13444202632 
1.148e+05 1.202e+05 14113470891 
