1.000e+00 1.047e+00 28 
1.047e+00 1.096e+00 67 
1.096e+00 1.148e+00 73 
1.148e+00 1.202e+00 57 
1.202e+00 1.259e+00 73 
1.259e+00 1.318e+00 72 
1.318e+00 1.380e+00 58 
1.380e+00 1.445e+00 91 
1.445e+00 1.514e+00 141 
1.514e+00 1.585e+00 84 
1.585e+00 1.660e+00 86 
1.660e+00 1.738e+00 107 
1.738e+00 1.820e+00 151 
1.820e+00 1.905e+00 170 
1.905e+00 1.995e+00 131 
1.995e+00 2.089e+00 132 
2.089e+00 2.188e+00 218 
2.188e+00 2.291e+00 232 
2.291e+00 2.399e+00 198 
2.399e+00 2.512e+00 255 
2.512e+00 2.630e+00 340 
2.630e+00 2.754e+00 277 
2.754e+00 2.884e+00 339 
2.884e+00 3.020e+00 427 
3.020e+00 3.162e+00 369 
3.162e+00 3.311e+00 478 
3.311e+00 3.467e+00 433 
3.467e+00 3.631e+00 551 
3.631e+00 3.802e+00 574 
3.802e+00 3.981e+00 586 
3.981e+00 4.169e+00 685 
4.169e+00 4.365e+00 743 
4.365e+00 4.571e+00 857 
4.571e+00 4.786e+00 977 
4.786e+00 5.012e+00 917 
5.012e+00 5.248e+00 1171 
5.248e+00 5.495e+00 1263 
5.495e+00 5.754e+00 1161 
5.754e+00 6.026e+00 1410 
6.026e+00 6.310e+00 1572 
6.310e+00 6.607e+00 1683 
6.607e+00 6.918e+00 1942 
6.918e+00 7.244e+00 2058 
7.244e+00 7.586e+00 2185 
7.586e+00 7.943e+00 2395 
7.943e+00 8.318e+00 2614 
8.318e+00 8.710e+00 2813 
8.710e+00 9.120e+00 2961 
9.120e+00 9.550e+00 3291 
9.550e+00 1.000e+01 3503 
1.000e+01 1.047e+01 3900 
1.047e+01 1.096e+01 4320 
1.096e+01 1.148e+01 4400 
1.148e+01 1.202e+01 5064 
1.202e+01 1.259e+01 5157 
1.259e+01 1.318e+01 5830 
1.318e+01 1.380e+01 6433 
1.380e+01 1.445e+01 6732 
1.445e+01 1.514e+01 7128 
1.514e+01 1.585e+01 7565 
1.585e+01 1.660e+01 8227 
1.660e+01 1.738e+01 8870 
1.738e+01 1.820e+01 9365 
1.820e+01 1.905e+01 9937 
1.905e+01 1.995e+01 10837 
1.995e+01 2.089e+01 11489 
2.089e+01 2.188e+01 12434 
2.188e+01 2.291e+01 12894 
2.291e+01 2.399e+01 13528 
2.399e+01 2.512e+01 14539 
2.512e+01 2.630e+01 15212 
2.630e+01 2.754e+01 16174 
2.754e+01 2.884e+01 17318 
2.884e+01 3.020e+01 17962 
3.020e+01 3.162e+01 18950 
3.162e+01 3.311e+01 19953 
3.311e+01 3.467e+01 21144 
3.467e+01 3.631e+01 21925 
3.631e+01 3.802e+01 23485 
3.802e+01 3.981e+01 24643 
3.981e+01 4.169e+01 26040 
4.169e+01 4.365e+01 27625 
4.365e+01 4.571e+01 28803 
4.571e+01 4.786e+01 31452 
4.786e+01 5.012e+01 33031 
5.012e+01 5.248e+01 35062 
5.248e+01 5.495e+01 37982 
5.495e+01 5.754e+01 39992 
5.754e+01 6.026e+01 43221 
6.026e+01 6.310e+01 45907 
6.310e+01 6.607e+01 49417 
6.607e+01 6.918e+01 53198 
6.918e+01 7.244e+01 57439 
7.244e+01 7.586e+01 61630 
7.586e+01 7.943e+01 66730 
7.943e+01 8.318e+01 71314 
8.318e+01 8.710e+01 77125 
8.710e+01 9.120e+01 82690 
9.120e+01 9.550e+01 89397 
9.550e+01 1.000e+02 96057 
1.000e+02 1.047e+02 102795 
1.047e+02 1.096e+02 110579 
1.096e+02 1.148e+02 118823 
1.148e+02 1.202e+02 127777 
1.202e+02 1.259e+02 138041 
1.259e+02 1.318e+02 148934 
1.318e+02 1.380e+02 159968 
1.380e+02 1.445e+02 172159 
1.445e+02 1.514e+02 185151 
1.514e+02 1.585e+02 199263 
1.585e+02 1.660e+02 214133 
1.660e+02 1.738e+02 230871 
1.738e+02 1.820e+02 248515 
1.820e+02 1.905e+02 266588 
1.905e+02 1.995e+02 287122 
1.995e+02 2.089e+02 308141 
2.089e+02 2.188e+02 331933 
2.188e+02 2.291e+02 358302 
2.291e+02 2.399e+02 384637 
2.399e+02 2.512e+02 415024 
2.512e+02 2.630e+02 448421 
2.630e+02 2.754e+02 483890 
2.754e+02 2.884e+02 520580 
2.884e+02 3.020e+02 562427 
3.020e+02 3.162e+02 607495 
3.162e+02 3.311e+02 654636 
3.311e+02 3.467e+02 708747 
3.467e+02 3.631e+02 766089 
3.631e+02 3.802e+02 827912 
3.802e+02 3.981e+02 897007 
3.981e+02 4.169e+02 970415 
4.169e+02 4.365e+02 1052470 
4.365e+02 4.571e+02 1142805 
4.571e+02 4.786e+02 1240627 
4.786e+02 5.012e+02 1344055 
5.012e+02 5.248e+02 1458122 
5.248e+02 5.495e+02 1580548 
5.495e+02 5.754e+02 1717308 
5.754e+02 6.026e+02 1866619 
6.026e+02 6.310e+02 2026624 
6.310e+02 6.607e+02 2200744 
6.607e+02 6.918e+02 2395248 
6.918e+02 7.244e+02 2602902 
7.244e+02 7.586e+02 2830029 
7.586e+02 7.943e+02 3071918 
7.943e+02 8.318e+02 3340578 
8.318e+02 8.710e+02 3627480 
8.710e+02 9.120e+02 3950614 
9.120e+02 9.550e+02 4291018 
9.550e+02 1.000e+03 4667838 
1.000e+03 1.047e+03 5076163 
1.047e+03 1.096e+03 5516778 
1.096e+03 1.148e+03 6010198 
1.148e+03 1.202e+03 6540289 
1.202e+03 1.259e+03 7115141 
1.259e+03 1.318e+03 7743991 
1.318e+03 1.380e+03 8432584 
1.380e+03 1.445e+03 9175040 
1.445e+03 1.514e+03 9992896 
1.514e+03 1.585e+03 10890379 
1.585e+03 1.660e+03 11846102 
1.660e+03 1.738e+03 12888429 
1.738e+03 1.820e+03 14014187 
1.820e+03 1.905e+03 15262864 
1.905e+03 1.995e+03 16607108 
1.995e+03 2.089e+03 18065023 
2.089e+03 2.188e+03 19684731 
2.188e+03 2.291e+03 21445732 
2.291e+03 2.399e+03 23355699 
2.399e+03 2.512e+03 25450437 
2.512e+03 2.630e+03 27725967 
2.630e+03 2.754e+03 30183343 
2.754e+03 2.884e+03 32868582 
2.884e+03 3.020e+03 35804679 
3.020e+03 3.162e+03 39040788 
3.162e+03 3.311e+03 42572507 
3.311e+03 3.467e+03 46390939 
3.467e+03 3.631e+03 50548263 
3.631e+03 3.802e+03 55111288 
3.802e+03 3.981e+03 60064470 
3.981e+03 4.169e+03 65480166 
4.169e+03 4.365e+03 71392462 
4.365e+03 4.571e+03 77785329 
4.571e+03 4.786e+03 84768839 
4.786e+03 5.012e+03 92367801 
5.012e+03 5.248e+03 100674434 
5.248e+03 5.495e+03 109709399 
5.495e+03 5.754e+03 119634065 
5.754e+03 6.026e+03 130485180 
6.026e+03 6.310e+03 142294274 
6.310e+03 6.607e+03 155120782 
6.607e+03 6.918e+03 169149520 
6.918e+03 7.244e+03 184421696 
7.244e+03 7.586e+03 201248235 
7.586e+03 7.943e+03 219603368 
7.943e+03 8.318e+03 239599822 
8.318e+03 8.710e+03 261451467 
8.710e+03 9.120e+03 285499941 
9.120e+03 9.550e+03 311531240 
9.550e+03 1.000e+04 340294452 
1.000e+04 1.047e+04 371543716 
1.047e+04 1.096e+04 405481141 
1.096e+04 1.148e+04 442760094 
1.148e+04 1.202e+04 483177488 
1.202e+04 1.259e+04 527020198 
1.259e+04 1.318e+04 574943423 
1.318e+04 1.380e+04 627838624 
1.380e+04 1.445e+04 685816556 
1.445e+04 1.514e+04 748537615 
1.514e+04 1.585e+04 817495392 
1.585e+04 1.660e+04 891955262 
1.660e+04 1.738e+04 974094262 
1.738e+04 1.820e+04 1063412114 
1.820e+04 1.905e+04 1160187166 
1.905e+04 1.995e+04 1264618850 
1.995e+04 2.089e+04 1378516707 
2.089e+04 2.188e+04 1502841552 
2.188e+04 2.291e+04 1637253395 
2.291e+04 2.399e+04 1784664619 
2.399e+04 2.512e+04 1945990360 
2.512e+04 2.630e+04 2121493778 
2.630e+04 2.754e+04 2312703669 
2.754e+04 2.884e+04 2518590941 
2.884e+04 3.020e+04 2740901328 
3.020e+04 3.162e+04 2980136011 
3.162e+04 3.311e+04 3238893617 
3.311e+04 3.467e+04 3518258763 
3.467e+04 3.631e+04 3819694356 
3.631e+04 3.802e+04 4142993687 
3.802e+04 3.981e+04 4498292212 
3.981e+04 4.169e+04 4878614286 
4.169e+04 4.365e+04 5292852407 
4.365e+04 4.571e+04 5738015688 
4.571e+04 4.786e+04 6208454156 
4.786e+04 5.012e+04 6722248677 
5.012e+04 5.248e+04 7284414238 
5.248e+04 5.495e+04 7880256332 
5.495e+04 5.754e+04 8515731184 
5.754e+04 6.026e+04 9170446641 
6.026e+04 6.310e+04 9865929544 
6.310e+04 6.607e+04 10609992276 
6.607e+04 6.918e+04 11407605343 
6.918e+04 7.244e+04 12249271814 
7.244e+04 7.586e+04 13114204169 
7.586e+04 7.943e+04 14042667795 
7.943e+04 8.318e+04 15003440917 
8.318e+04 8.710e+04 16019861455 
8.710e+04 9.120e+04 17094457701 
9.120e+04 9.550e+04 18204649855 
9.550e+04 1.000e+05 19349020013 
1.000e+05 1.047e+05 20511658352 
1.047e+05 1.096e+05 21706411369 
1.096e+05 1.148e+05 22953816793 
1.148e+05 1.202e+05 24142091989 
