1.000e+00 1.047e+00 3 
1.047e+00 1.096e+00 9 
1.096e+00 1.148e+00 11 
1.148e+00 1.202e+00 4 
1.202e+00 1.259e+00 8 
1.259e+00 1.318e+00 8 
1.318e+00 1.380e+00 3 
1.380e+00 1.445e+00 13 
1.445e+00 1.514e+00 19 
1.514e+00 1.585e+00 16 
1.585e+00 1.660e+00 5 
1.660e+00 1.738e+00 9 
1.738e+00 1.820e+00 24 
1.820e+00 1.905e+00 28 
1.905e+00 1.995e+00 23 
1.995e+00 2.089e+00 16 
2.089e+00 2.188e+00 24 
2.188e+00 2.291e+00 35 
2.291e+00 2.399e+00 28 
2.399e+00 2.512e+00 37 
2.512e+00 2.630e+00 40 
2.630e+00 2.754e+00 36 
2.754e+00 2.884e+00 39 
2.884e+00 3.020e+00 40 
3.020e+00 3.162e+00 32 
3.162e+00 3.311e+00 54 
3.311e+00 3.467e+00 53 
3.467e+00 3.631e+00 65 
3.631e+00 3.802e+00 69 
3.802e+00 3.981e+00 68 
3.981e+00 4.169e+00 69 
4.169e+00 4.365e+00 85 
4.365e+00 4.571e+00 99 
4.571e+00 4.786e+00 123 
4.786e+00 5.012e+00 99 
5.012e+00 5.248e+00 110 
5.248e+00 5.495e+00 164 
5.495e+00 5.754e+00 164 
5.754e+00 6.026e+00 181 
6.026e+00 6.310e+00 197 
6.310e+00 6.607e+00 224 
6.607e+00 6.918e+00 223 
6.918e+00 7.244e+00 247 
7.244e+00 7.586e+00 264 
7.586e+00 7.943e+00 330 
7.943e+00 8.318e+00 323 
8.318e+00 8.710e+00 345 
8.710e+00 9.120e+00 404 
9.120e+00 9.550e+00 422 
9.550e+00 1.000e+01 503 
1.000e+01 1.047e+01 539 
1.047e+01 1.096e+01 500 
1.096e+01 1.148e+01 590 
1.148e+01 1.202e+01 713 
1.202e+01 1.259e+01 763 
1.259e+01 1.318e+01 832 
1.318e+01 1.380e+01 958 
1.380e+01 1.445e+01 1000 
1.445e+01 1.514e+01 1113 
1.514e+01 1.585e+01 1174 
1.585e+01 1.660e+01 1364 
1.660e+01 1.738e+01 1486 
1.738e+01 1.820e+01 1637 
1.820e+01 1.905e+01 1727 
1.905e+01 1.995e+01 1869 
1.995e+01 2.089e+01 2127 
2.089e+01 2.188e+01 2217 
2.188e+01 2.291e+01 2521 
2.291e+01 2.399e+01 2759 
2.399e+01 2.512e+01 2974 
2.512e+01 2.630e+01 3256 
2.630e+01 2.754e+01 3634 
2.754e+01 2.884e+01 3965 
2.884e+01 3.020e+01 4289 
3.020e+01 3.162e+01 4826 
3.162e+01 3.311e+01 5169 
3.311e+01 3.467e+01 5752 
3.467e+01 3.631e+01 6170 
3.631e+01 3.802e+01 6676 
3.802e+01 3.981e+01 7514 
3.981e+01 4.169e+01 8270 
4.169e+01 4.365e+01 9139 
4.365e+01 4.571e+01 9863 
4.571e+01 4.786e+01 10892 
4.786e+01 5.012e+01 11934 
5.012e+01 5.248e+01 13112 
5.248e+01 5.495e+01 14284 
5.495e+01 5.754e+01 15647 
5.754e+01 6.026e+01 17325 
6.026e+01 6.310e+01 18773 
6.310e+01 6.607e+01 20660 
6.607e+01 6.918e+01 22688 
6.918e+01 7.244e+01 24952 
7.244e+01 7.586e+01 27515 
7.586e+01 7.943e+01 29849 
7.943e+01 8.318e+01 32707 
8.318e+01 8.710e+01 36106 
8.710e+01 9.120e+01 39530 
9.120e+01 9.550e+01 43381 
9.550e+01 1.000e+02 47621 
1.000e+02 1.047e+02 51627 
1.047e+02 1.096e+02 56816 
1.096e+02 1.148e+02 62210 
1.148e+02 1.202e+02 68449 
1.202e+02 1.259e+02 75482 
1.259e+02 1.318e+02 81947 
1.318e+02 1.380e+02 90185 
1.380e+02 1.445e+02 98819 
1.445e+02 1.514e+02 108649 
1.514e+02 1.585e+02 118870 
1.585e+02 1.660e+02 130311 
1.660e+02 1.738e+02 143016 
1.738e+02 1.820e+02 156531 
1.820e+02 1.905e+02 171781 
1.905e+02 1.995e+02 188841 
1.995e+02 2.089e+02 206075 
2.089e+02 2.188e+02 226088 
2.188e+02 2.291e+02 248209 
2.291e+02 2.399e+02 272284 
2.399e+02 2.512e+02 297661 
2.512e+02 2.630e+02 326970 
2.630e+02 2.754e+02 358448 
2.754e+02 2.884e+02 394410 
2.884e+02 3.020e+02 432551 
3.020e+02 3.162e+02 472441 
3.162e+02 3.311e+02 517945 
3.311e+02 3.467e+02 566457 
3.467e+02 3.631e+02 623519 
3.631e+02 3.802e+02 684347 
3.802e+02 3.981e+02 750256 
3.981e+02 4.169e+02 823624 
4.169e+02 4.365e+02 900251 
4.365e+02 4.571e+02 987634 
4.571e+02 4.786e+02 1082391 
4.786e+02 5.012e+02 1187632 
5.012e+02 5.248e+02 1304465 
5.248e+02 5.495e+02 1429166 
5.495e+02 5.754e+02 1566554 
5.754e+02 6.026e+02 1718193 
6.026e+02 6.310e+02 1881756 
6.310e+02 6.607e+02 2064129 
6.607e+02 6.918e+02 2259683 
6.918e+02 7.244e+02 2477333 
7.244e+02 7.586e+02 2718720 
7.586e+02 7.943e+02 2980391 
7.943e+02 8.318e+02 3264709 
8.318e+02 8.710e+02 3579309 
8.710e+02 9.120e+02 3925601 
9.120e+02 9.550e+02 4307218 
9.550e+02 1.000e+03 4720039 
1.000e+03 1.047e+03 5176463 
1.047e+03 1.096e+03 5673171 
1.096e+03 1.148e+03 6216947 
1.148e+03 1.202e+03 6815463 
1.202e+03 1.259e+03 7471212 
1.259e+03 1.318e+03 8196045 
1.318e+03 1.380e+03 8981284 
1.380e+03 1.445e+03 9836411 
1.445e+03 1.514e+03 10787215 
1.514e+03 1.585e+03 11822381 
1.585e+03 1.660e+03 12963896 
1.660e+03 1.738e+03 14201693 
1.738e+03 1.820e+03 15572733 
1.820e+03 1.905e+03 17066645 
1.905e+03 1.995e+03 18704260 
1.995e+03 2.089e+03 20505440 
2.089e+03 2.188e+03 22474663 
2.188e+03 2.291e+03 24624391 
2.291e+03 2.399e+03 26996056 
2.399e+03 2.512e+03 29569599 
2.512e+03 2.630e+03 32410837 
2.630e+03 2.754e+03 35529602 
2.754e+03 2.884e+03 38943399 
2.884e+03 3.020e+03 42670514 
3.020e+03 3.162e+03 46765720 
3.162e+03 3.311e+03 51247501 
3.311e+03 3.467e+03 56142349 
3.467e+03 3.631e+03 61536777 
3.631e+03 3.802e+03 67414460 
3.802e+03 3.981e+03 73862801 
3.981e+03 4.169e+03 80929003 
4.169e+03 4.365e+03 88644508 
4.365e+03 4.571e+03 97113188 
4.571e+03 4.786e+03 106406751 
4.786e+03 5.012e+03 116539370 
5.012e+03 5.248e+03 127668397 
5.248e+03 5.495e+03 139853636 
5.495e+03 5.754e+03 153127401 
5.754e+03 6.026e+03 167788809 
6.026e+03 6.310e+03 183738677 
6.310e+03 6.607e+03 201207172 
6.607e+03 6.918e+03 220321498 
6.918e+03 7.244e+03 241230317 
7.244e+03 7.586e+03 264083339 
7.586e+03 7.943e+03 289076293 
7.943e+03 8.318e+03 316395188 
8.318e+03 8.710e+03 346297104 
8.710e+03 9.120e+03 379107735 
9.120e+03 9.550e+03 414895711 
9.550e+03 1.000e+04 453942383 
1.000e+04 1.047e+04 496850940 
1.047e+04 1.096e+04 543594758 
1.096e+04 1.148e+04 594651362 
1.148e+04 1.202e+04 650512779 
1.202e+04 1.259e+04 711537627 
1.259e+04 1.318e+04 778120845 
1.318e+04 1.380e+04 850625523 
1.380e+04 1.445e+04 930032549 
1.445e+04 1.514e+04 1016667047 
1.514e+04 1.585e+04 1111153571 
1.585e+04 1.660e+04 1214092132 
1.660e+04 1.738e+04 1326443309 
1.738e+04 1.820e+04 1449103407 
1.820e+04 1.905e+04 1582365989 
1.905e+04 1.995e+04 1727443342 
1.995e+04 2.089e+04 1885512852 
2.089e+04 2.188e+04 2057327378 
2.188e+04 2.291e+04 2244739001 
2.291e+04 2.399e+04 2448458449 
2.399e+04 2.512e+04 2670161171 
2.512e+04 2.630e+04 2911519645 
2.630e+04 2.754e+04 3173116164 
2.754e+04 2.884e+04 3457490195 
2.884e+04 3.020e+04 3765645917 
3.020e+04 3.162e+04 4099104437 
3.162e+04 3.311e+04 4459682660 
3.311e+04 3.467e+04 4850970216 
3.467e+04 3.631e+04 5274567046 
3.631e+04 3.802e+04 5732425342 
3.802e+04 3.981e+04 6226842286 
3.981e+04 4.169e+04 6760072144 
4.169e+04 4.365e+04 7332976735 
4.365e+04 4.571e+04 7951027168 
4.571e+04 4.786e+04 8613375953 
4.786e+04 5.012e+04 9323483105 
5.012e+04 5.248e+04 10084898715 
5.248e+04 5.495e+04 10898814442 
5.495e+04 5.754e+04 11765928858 
5.754e+04 6.026e+04 12688537339 
6.026e+04 6.310e+04 13668009364 
6.310e+04 6.607e+04 14705872912 
6.607e+04 6.918e+04 15799857698 
6.918e+04 7.244e+04 16953718802 
7.244e+04 7.586e+04 18171714107 
7.586e+04 7.943e+04 19451619547 
7.943e+04 8.318e+04 20792151305 
8.318e+04 8.710e+04 22190831093 
8.710e+04 9.120e+04 23639781673 
9.120e+04 9.550e+04 25135997311 
9.550e+04 1.000e+05 26666478076 
1.000e+05 1.047e+05 28224769403 
1.047e+05 1.096e+05 29794625250 
1.096e+05 1.148e+05 31361829574 
1.148e+05 1.202e+05 32908007476 
