1.000e+00 1.047e+00 19 
1.047e+00 1.096e+00 42 
1.096e+00 1.148e+00 51 
1.148e+00 1.202e+00 31 
1.202e+00 1.259e+00 29 
1.259e+00 1.318e+00 32 
1.318e+00 1.380e+00 46 
1.380e+00 1.445e+00 51 
1.445e+00 1.514e+00 83 
1.514e+00 1.585e+00 69 
1.585e+00 1.660e+00 59 
1.660e+00 1.738e+00 73 
1.738e+00 1.820e+00 98 
1.820e+00 1.905e+00 108 
1.905e+00 1.995e+00 82 
1.995e+00 2.089e+00 94 
2.089e+00 2.188e+00 108 
2.188e+00 2.291e+00 161 
2.291e+00 2.399e+00 160 
2.399e+00 2.512e+00 131 
2.512e+00 2.630e+00 254 
2.630e+00 2.754e+00 169 
2.754e+00 2.884e+00 198 
2.884e+00 3.020e+00 248 
3.020e+00 3.162e+00 245 
3.162e+00 3.311e+00 335 
3.311e+00 3.467e+00 297 
3.467e+00 3.631e+00 365 
3.631e+00 3.802e+00 338 
3.802e+00 3.981e+00 395 
3.981e+00 4.169e+00 458 
4.169e+00 4.365e+00 495 
4.365e+00 4.571e+00 517 
4.571e+00 4.786e+00 612 
4.786e+00 5.012e+00 615 
5.012e+00 5.248e+00 774 
5.248e+00 5.495e+00 759 
5.495e+00 5.754e+00 807 
5.754e+00 6.026e+00 931 
6.026e+00 6.310e+00 1007 
6.310e+00 6.607e+00 1096 
6.607e+00 6.918e+00 1208 
6.918e+00 7.244e+00 1295 
7.244e+00 7.586e+00 1421 
7.586e+00 7.943e+00 1515 
7.943e+00 8.318e+00 1722 
8.318e+00 8.710e+00 1937 
8.710e+00 9.120e+00 2007 
9.120e+00 9.550e+00 2136 
9.550e+00 1.000e+01 2355 
1.000e+01 1.047e+01 2608 
1.047e+01 1.096e+01 2879 
1.096e+01 1.148e+01 3051 
1.148e+01 1.202e+01 3281 
1.202e+01 1.259e+01 3567 
1.259e+01 1.318e+01 3976 
1.318e+01 1.380e+01 4291 
1.380e+01 1.445e+01 4571 
1.445e+01 1.514e+01 4917 
1.514e+01 1.585e+01 5242 
1.585e+01 1.660e+01 5769 
1.660e+01 1.738e+01 6379 
1.738e+01 1.820e+01 6830 
1.820e+01 1.905e+01 7131 
1.905e+01 1.995e+01 7973 
1.995e+01 2.089e+01 8302 
2.089e+01 2.188e+01 9044 
2.188e+01 2.291e+01 9685 
2.291e+01 2.399e+01 10284 
2.399e+01 2.512e+01 10821 
2.512e+01 2.630e+01 11704 
2.630e+01 2.754e+01 12337 
2.754e+01 2.884e+01 13266 
2.884e+01 3.020e+01 14088 
3.020e+01 3.162e+01 15086 
3.162e+01 3.311e+01 15955 
3.311e+01 3.467e+01 16937 
3.467e+01 3.631e+01 17861 
3.631e+01 3.802e+01 19209 
3.802e+01 3.981e+01 20472 
3.981e+01 4.169e+01 21309 
4.169e+01 4.365e+01 22821 
4.365e+01 4.571e+01 24404 
4.571e+01 4.786e+01 25802 
4.786e+01 5.012e+01 27484 
5.012e+01 5.248e+01 29263 
5.248e+01 5.495e+01 30949 
5.495e+01 5.754e+01 33116 
5.754e+01 6.026e+01 35565 
6.026e+01 6.310e+01 37820 
6.310e+01 6.607e+01 40280 
6.607e+01 6.918e+01 43124 
6.918e+01 7.244e+01 46291 
7.244e+01 7.586e+01 49821 
7.586e+01 7.943e+01 53629 
7.943e+01 8.318e+01 57191 
8.318e+01 8.710e+01 62119 
8.710e+01 9.120e+01 66638 
9.120e+01 9.550e+01 71156 
9.550e+01 1.000e+02 77182 
1.000e+02 1.047e+02 83441 
1.047e+02 1.096e+02 89354 
1.096e+02 1.148e+02 97101 
1.148e+02 1.202e+02 104175 
1.202e+02 1.259e+02 111814 
1.259e+02 1.318e+02 121034 
1.318e+02 1.380e+02 129998 
1.380e+02 1.445e+02 140191 
1.445e+02 1.514e+02 151064 
1.514e+02 1.585e+02 164265 
1.585e+02 1.660e+02 175261 
1.660e+02 1.738e+02 189481 
1.738e+02 1.820e+02 204717 
1.820e+02 1.905e+02 220742 
1.905e+02 1.995e+02 237552 
1.995e+02 2.089e+02 256970 
2.089e+02 2.188e+02 277035 
2.188e+02 2.291e+02 298855 
2.291e+02 2.399e+02 322111 
2.399e+02 2.512e+02 347055 
2.512e+02 2.630e+02 373902 
2.630e+02 2.754e+02 403009 
2.754e+02 2.884e+02 436969 
2.884e+02 3.020e+02 471910 
3.020e+02 3.162e+02 508225 
3.162e+02 3.311e+02 549358 
3.311e+02 3.467e+02 594251 
3.467e+02 3.631e+02 641885 
3.631e+02 3.802e+02 695315 
3.802e+02 3.981e+02 751521 
3.981e+02 4.169e+02 811275 
4.169e+02 4.365e+02 878876 
4.365e+02 4.571e+02 952239 
4.571e+02 4.786e+02 1031354 
4.786e+02 5.012e+02 1121479 
5.012e+02 5.248e+02 1216582 
5.248e+02 5.495e+02 1319898 
5.495e+02 5.754e+02 1434404 
5.754e+02 6.026e+02 1561597 
6.026e+02 6.310e+02 1694556 
6.310e+02 6.607e+02 1839919 
6.607e+02 6.918e+02 2007464 
6.918e+02 7.244e+02 2178211 
7.244e+02 7.586e+02 2373659 
7.586e+02 7.943e+02 2585440 
7.943e+02 8.318e+02 2813350 
8.318e+02 8.710e+02 3062713 
8.710e+02 9.120e+02 3336314 
9.120e+02 9.550e+02 3629491 
9.550e+02 1.000e+03 3952720 
1.000e+03 1.047e+03 4305311 
1.047e+03 1.096e+03 4689907 
1.096e+03 1.148e+03 5112599 
1.148e+03 1.202e+03 5568058 
1.202e+03 1.259e+03 6066741 
1.259e+03 1.318e+03 6610293 
1.318e+03 1.380e+03 7197966 
1.380e+03 1.445e+03 7842093 
1.445e+03 1.514e+03 8547554 
1.514e+03 1.585e+03 9311705 
1.585e+03 1.660e+03 10143977 
1.660e+03 1.738e+03 11055401 
1.738e+03 1.820e+03 12052563 
1.820e+03 1.905e+03 13125590 
1.905e+03 1.995e+03 14301707 
1.995e+03 2.089e+03 15587480 
2.089e+03 2.188e+03 16983346 
2.188e+03 2.291e+03 18542390 
2.291e+03 2.399e+03 20200516 
2.399e+03 2.512e+03 22032881 
2.512e+03 2.630e+03 24033478 
2.630e+03 2.754e+03 26205965 
2.754e+03 2.884e+03 28558374 
2.884e+03 3.020e+03 31161560 
3.020e+03 3.162e+03 33995343 
3.162e+03 3.311e+03 37064780 
3.311e+03 3.467e+03 40447047 
3.467e+03 3.631e+03 44104550 
3.631e+03 3.802e+03 48111039 
3.802e+03 3.981e+03 52471554 
3.981e+03 4.169e+03 57227305 
4.169e+03 4.365e+03 62435615 
4.365e+03 4.571e+03 68093879 
4.571e+03 4.786e+03 74346396 
4.786e+03 5.012e+03 81232587 
5.012e+03 5.248e+03 88590855 
5.248e+03 5.495e+03 96651750 
5.495e+03 5.754e+03 105496583 
5.754e+03 6.026e+03 115127501 
6.026e+03 6.310e+03 125675857 
6.310e+03 6.607e+03 137274323 
6.607e+03 6.918e+03 149876465 
6.918e+03 7.244e+03 163595552 
7.244e+03 7.586e+03 178592891 
7.586e+03 7.943e+03 195096376 
7.943e+03 8.318e+03 213060146 
8.318e+03 8.710e+03 232890682 
8.710e+03 9.120e+03 254483309 
9.120e+03 9.550e+03 277920226 
9.550e+03 1.000e+04 303805623 
1.000e+04 1.047e+04 332103910 
1.047e+04 1.096e+04 362862188 
1.096e+04 1.148e+04 396287364 
1.148e+04 1.202e+04 433118822 
1.202e+04 1.259e+04 473295088 
1.259e+04 1.318e+04 517157965 
1.318e+04 1.380e+04 565013494 
1.380e+04 1.445e+04 616903938 
1.445e+04 1.514e+04 673201118 
1.514e+04 1.585e+04 734472649 
1.585e+04 1.660e+04 801354506 
1.660e+04 1.738e+04 874953050 
1.738e+04 1.820e+04 954478980 
1.820e+04 1.905e+04 1040959477 
1.905e+04 1.995e+04 1135401985 
1.995e+04 2.089e+04 1236819405 
2.089e+04 2.188e+04 1347657371 
2.188e+04 2.291e+04 1467884883 
2.291e+04 2.399e+04 1599468948 
2.399e+04 2.512e+04 1741536473 
2.512e+04 2.630e+04 1895842118 
2.630e+04 2.754e+04 2064258775 
2.754e+04 2.884e+04 2247858508 
2.884e+04 3.020e+04 2443940085 
3.020e+04 3.162e+04 2655727278 
3.162e+04 3.311e+04 2884387062 
3.311e+04 3.467e+04 3135067695 
3.467e+04 3.631e+04 3408358325 
3.631e+04 3.802e+04 3701300775 
3.802e+04 3.981e+04 4020913352 
3.981e+04 4.169e+04 4361325488 
4.169e+04 4.365e+04 4730017953 
4.365e+04 4.571e+04 5127660179 
4.571e+04 4.786e+04 5556778967 
4.786e+04 5.012e+04 6020703713 
5.012e+04 5.248e+04 6515004468 
5.248e+04 5.495e+04 7041086260 
5.495e+04 5.754e+04 7608605664 
5.754e+04 6.026e+04 8217399829 
6.026e+04 6.310e+04 8859913097 
6.310e+04 6.607e+04 9545696814 
6.607e+04 6.918e+04 10274771876 
6.918e+04 7.244e+04 11040063608 
7.244e+04 7.586e+04 11854229458 
7.586e+04 7.943e+04 12713385049 
7.943e+04 8.318e+04 13635138535 
8.318e+04 8.710e+04 14603075219 
8.710e+04 9.120e+04 15603772038 
9.120e+04 9.550e+04 16665994279 
9.550e+04 1.000e+05 17723936426 
1.000e+05 1.047e+05 18777311287 
1.047e+05 1.096e+05 19820849208 
1.096e+05 1.148e+05 20850549402 
1.148e+05 1.202e+05 21871921218 
