1.000e+00 1.047e+00 1 
1.047e+00 1.096e+00 1 
1.096e+00 1.148e+00 3 
1.148e+00 1.202e+00 2 
1.202e+00 1.259e+00 0 
1.259e+00 1.318e+00 3 
1.318e+00 1.380e+00 0 
1.380e+00 1.445e+00 4 
1.445e+00 1.514e+00 5 
1.514e+00 1.585e+00 5 
1.585e+00 1.660e+00 5 
1.660e+00 1.738e+00 6 
1.738e+00 1.820e+00 10 
1.820e+00 1.905e+00 7 
1.905e+00 1.995e+00 6 
1.995e+00 2.089e+00 5 
2.089e+00 2.188e+00 10 
2.188e+00 2.291e+00 13 
2.291e+00 2.399e+00 10 
2.399e+00 2.512e+00 14 
2.512e+00 2.630e+00 22 
2.630e+00 2.754e+00 9 
2.754e+00 2.884e+00 14 
2.884e+00 3.020e+00 18 
3.020e+00 3.162e+00 16 
3.162e+00 3.311e+00 29 
3.311e+00 3.467e+00 30 
3.467e+00 3.631e+00 28 
3.631e+00 3.802e+00 27 
3.802e+00 3.981e+00 31 
3.981e+00 4.169e+00 32 
4.169e+00 4.365e+00 40 
4.365e+00 4.571e+00 46 
4.571e+00 4.786e+00 45 
4.786e+00 5.012e+00 52 
5.012e+00 5.248e+00 66 
5.248e+00 5.495e+00 57 
5.495e+00 5.754e+00 86 
5.754e+00 6.026e+00 72 
6.026e+00 6.310e+00 84 
6.310e+00 6.607e+00 110 
6.607e+00 6.918e+00 90 
6.918e+00 7.244e+00 121 
7.244e+00 7.586e+00 102 
7.586e+00 7.943e+00 129 
7.943e+00 8.318e+00 141 
8.318e+00 8.710e+00 185 
8.710e+00 9.120e+00 189 
9.120e+00 9.550e+00 184 
9.550e+00 1.000e+01 211 
1.000e+01 1.047e+01 247 
1.047e+01 1.096e+01 230 
1.096e+01 1.148e+01 272 
1.148e+01 1.202e+01 312 
1.202e+01 1.259e+01 343 
1.259e+01 1.318e+01 330 
1.318e+01 1.380e+01 395 
1.380e+01 1.445e+01 415 
1.445e+01 1.514e+01 436 
1.514e+01 1.585e+01 489 
1.585e+01 1.660e+01 567 
1.660e+01 1.738e+01 672 
1.738e+01 1.820e+01 696 
1.820e+01 1.905e+01 741 
1.905e+01 1.995e+01 802 
1.995e+01 2.089e+01 857 
2.089e+01 2.188e+01 1005 
2.188e+01 2.291e+01 1043 
2.291e+01 2.399e+01 1185 
2.399e+01 2.512e+01 1345 
2.512e+01 2.630e+01 1444 
2.630e+01 2.754e+01 1566 
2.754e+01 2.884e+01 1703 
2.884e+01 3.020e+01 1847 
3.020e+01 3.162e+01 2092 
3.162e+01 3.311e+01 2262 
3.311e+01 3.467e+01 2445 
3.467e+01 3.631e+01 2760 
3.631e+01 3.802e+01 3101 
3.802e+01 3.981e+01 3247 
3.981e+01 4.169e+01 3682 
4.169e+01 4.365e+01 3915 
4.365e+01 4.571e+01 4337 
4.571e+01 4.786e+01 4599 
4.786e+01 5.012e+01 5103 
5.012e+01 5.248e+01 5757 
5.248e+01 5.495e+01 6203 
5.495e+01 5.754e+01 6782 
5.754e+01 6.026e+01 7420 
6.026e+01 6.310e+01 8203 
6.310e+01 6.607e+01 9060 
6.607e+01 6.918e+01 9679 
6.918e+01 7.244e+01 10875 
7.244e+01 7.586e+01 11863 
7.586e+01 7.943e+01 13297 
7.943e+01 8.318e+01 14418 
8.318e+01 8.710e+01 15846 
8.710e+01 9.120e+01 17213 
9.120e+01 9.550e+01 18913 
9.550e+01 1.000e+02 20447 
1.000e+02 1.047e+02 22847 
1.047e+02 1.096e+02 24600 
1.096e+02 1.148e+02 27121 
1.148e+02 1.202e+02 29786 
1.202e+02 1.259e+02 32803 
1.259e+02 1.318e+02 35694 
1.318e+02 1.380e+02 39508 
1.380e+02 1.445e+02 43161 
1.445e+02 1.514e+02 47863 
1.514e+02 1.585e+02 52042 
1.585e+02 1.660e+02 56524 
1.660e+02 1.738e+02 62062 
1.738e+02 1.820e+02 68047 
1.820e+02 1.905e+02 74838 
1.905e+02 1.995e+02 82509 
1.995e+02 2.089e+02 90271 
2.089e+02 2.188e+02 98870 
2.188e+02 2.291e+02 108595 
2.291e+02 2.399e+02 118597 
2.399e+02 2.512e+02 130691 
2.512e+02 2.630e+02 143147 
2.630e+02 2.754e+02 156857 
2.754e+02 2.884e+02 171225 
2.884e+02 3.020e+02 188499 
3.020e+02 3.162e+02 206587 
3.162e+02 3.311e+02 226374 
3.311e+02 3.467e+02 248077 
3.467e+02 3.631e+02 272145 
3.631e+02 3.802e+02 298713 
3.802e+02 3.981e+02 327257 
3.981e+02 4.169e+02 358349 
4.169e+02 4.365e+02 393553 
4.365e+02 4.571e+02 431246 
4.571e+02 4.786e+02 473207 
4.786e+02 5.012e+02 518168 
5.012e+02 5.248e+02 567018 
5.248e+02 5.495e+02 623331 
5.495e+02 5.754e+02 683450 
5.754e+02 6.026e+02 748410 
6.026e+02 6.310e+02 820809 
6.310e+02 6.607e+02 899638 
6.607e+02 6.918e+02 987383 
6.918e+02 7.244e+02 1082879 
7.244e+02 7.586e+02 1185439 
7.586e+02 7.943e+02 1298148 
7.943e+02 8.318e+02 1423850 
8.318e+02 8.710e+02 1562446 
8.710e+02 9.120e+02 1712449 
9.120e+02 9.550e+02 1878421 
9.550e+02 1.000e+03 2059874 
1.000e+03 1.047e+03 2255922 
1.047e+03 1.096e+03 2473075 
1.096e+03 1.148e+03 2712003 
1.148e+03 1.202e+03 2972601 
1.202e+03 1.259e+03 3257704 
1.259e+03 1.318e+03 3572265 
1.318e+03 1.380e+03 3914521 
1.380e+03 1.445e+03 4292482 
1.445e+03 1.514e+03 4705922 
1.514e+03 1.585e+03 5159820 
1.585e+03 1.660e+03 5651738 
1.660e+03 1.738e+03 6200690 
1.738e+03 1.820e+03 6793769 
1.820e+03 1.905e+03 7440525 
1.905e+03 1.995e+03 8158572 
1.995e+03 2.089e+03 8939162 
2.089e+03 2.188e+03 9800721 
2.188e+03 2.291e+03 10736304 
2.291e+03 2.399e+03 11769776 
2.399e+03 2.512e+03 12896892 
2.512e+03 2.630e+03 14138249 
2.630e+03 2.754e+03 15488966 
2.754e+03 2.884e+03 16977159 
2.884e+03 3.020e+03 18600445 
3.020e+03 3.162e+03 20386318 
3.162e+03 3.311e+03 22328149 
3.311e+03 3.467e+03 24473149 
3.467e+03 3.631e+03 26808023 
3.631e+03 3.802e+03 29374199 
3.802e+03 3.981e+03 32185425 
3.981e+03 4.169e+03 35262478 
4.169e+03 4.365e+03 38637701 
4.365e+03 4.571e+03 42313941 
4.571e+03 4.786e+03 46349347 
4.786e+03 5.012e+03 50755467 
5.012e+03 5.248e+03 55610993 
5.248e+03 5.495e+03 60886201 
5.495e+03 5.754e+03 66683376 
5.754e+03 6.026e+03 73036072 
6.026e+03 6.310e+03 79975977 
6.310e+03 6.607e+03 87579823 
6.607e+03 6.918e+03 95882269 
6.918e+03 7.244e+03 104979720 
7.244e+03 7.586e+03 114936041 
7.586e+03 7.943e+03 125768730 
7.943e+03 8.318e+03 137693931 
8.318e+03 8.710e+03 150666393 
8.710e+03 9.120e+03 164889377 
9.120e+03 9.550e+03 180458264 
9.550e+03 1.000e+04 197432697 
1.000e+04 1.047e+04 215963668 
1.047e+04 1.096e+04 236270854 
1.096e+04 1.148e+04 258404320 
1.148e+04 1.202e+04 282628192 
1.202e+04 1.259e+04 309043806 
1.259e+04 1.318e+04 337905633 
1.318e+04 1.380e+04 369330111 
1.380e+04 1.445e+04 403745190 
1.445e+04 1.514e+04 441195102 
1.514e+04 1.585e+04 482105367 
1.585e+04 1.660e+04 526703118 
1.660e+04 1.738e+04 575307517 
1.738e+04 1.820e+04 628292524 
1.820e+04 1.905e+04 685971771 
1.905e+04 1.995e+04 748822377 
1.995e+04 2.089e+04 817230345 
2.089e+04 2.188e+04 891750235 
2.188e+04 2.291e+04 972700913 
2.291e+04 2.399e+04 1060709126 
2.399e+04 2.512e+04 1156362362 
2.512e+04 2.630e+04 1260303622 
2.630e+04 2.754e+04 1373185517 
2.754e+04 2.884e+04 1495644372 
2.884e+04 3.020e+04 1628333294 
3.020e+04 3.162e+04 1772224414 
3.162e+04 3.311e+04 1928096113 
3.311e+04 3.467e+04 2096785487 
3.467e+04 3.631e+04 2279106044 
3.631e+04 3.802e+04 2476064837 
3.802e+04 3.981e+04 2688616071 
3.981e+04 4.169e+04 2917790191 
4.169e+04 4.365e+04 3164631254 
4.365e+04 4.571e+04 3430303185 
4.571e+04 4.786e+04 3715360121 
4.786e+04 5.012e+04 4021831045 
5.012e+04 5.248e+04 4350171380 
5.248e+04 5.495e+04 4701079306 
5.495e+04 5.754e+04 5076387179 
5.754e+04 6.026e+04 5476453862 
6.026e+04 6.310e+04 5901802246 
6.310e+04 6.607e+04 6354108721 
6.607e+04 6.918e+04 6833308682 
6.918e+04 7.244e+04 7339063489 
7.244e+04 7.586e+04 7871932849 
7.586e+04 7.943e+04 8431627150 
7.943e+04 8.318e+04 9016708460 
8.318e+04 8.710e+04 9627256762 
8.710e+04 9.120e+04 10260761618 
9.120e+04 9.550e+04 10913827120 
9.550e+04 1.000e+05 11583801971 
1.000e+05 1.047e+05 12264310092 
1.047e+05 1.096e+05 12951566375 
1.096e+05 1.148e+05 13639363611 
1.148e+05 1.202e+05 14317531367 
