1.000e+00 1.047e+00 4 
1.047e+00 1.096e+00 4 
1.096e+00 1.148e+00 3 
1.148e+00 1.202e+00 3 
1.202e+00 1.259e+00 6 
1.259e+00 1.318e+00 4 
1.318e+00 1.380e+00 5 
1.380e+00 1.445e+00 4 
1.445e+00 1.514e+00 10 
1.514e+00 1.585e+00 3 
1.585e+00 1.660e+00 3 
1.660e+00 1.738e+00 2 
1.738e+00 1.820e+00 9 
1.820e+00 1.905e+00 4 
1.905e+00 1.995e+00 8 
1.995e+00 2.089e+00 12 
2.089e+00 2.188e+00 15 
2.188e+00 2.291e+00 5 
2.291e+00 2.399e+00 9 
2.399e+00 2.512e+00 7 
2.512e+00 2.630e+00 15 
2.630e+00 2.754e+00 11 
2.754e+00 2.884e+00 15 
2.884e+00 3.020e+00 22 
3.020e+00 3.162e+00 23 
3.162e+00 3.311e+00 19 
3.311e+00 3.467e+00 20 
3.467e+00 3.631e+00 27 
3.631e+00 3.802e+00 24 
3.802e+00 3.981e+00 30 
3.981e+00 4.169e+00 44 
4.169e+00 4.365e+00 45 
4.365e+00 4.571e+00 45 
4.571e+00 4.786e+00 57 
4.786e+00 5.012e+00 57 
5.012e+00 5.248e+00 66 
5.248e+00 5.495e+00 70 
5.495e+00 5.754e+00 56 
5.754e+00 6.026e+00 81 
6.026e+00 6.310e+00 72 
6.310e+00 6.607e+00 88 
6.607e+00 6.918e+00 96 
6.918e+00 7.244e+00 95 
7.244e+00 7.586e+00 129 
7.586e+00 7.943e+00 144 
7.943e+00 8.318e+00 172 
8.318e+00 8.710e+00 144 
8.710e+00 9.120e+00 162 
9.120e+00 9.550e+00 200 
9.550e+00 1.000e+01 204 
1.000e+01 1.047e+01 244 
1.047e+01 1.096e+01 250 
1.096e+01 1.148e+01 268 
1.148e+01 1.202e+01 335 
1.202e+01 1.259e+01 313 
1.259e+01 1.318e+01 375 
1.318e+01 1.380e+01 398 
1.380e+01 1.445e+01 416 
1.445e+01 1.514e+01 513 
1.514e+01 1.585e+01 543 
1.585e+01 1.660e+01 568 
1.660e+01 1.738e+01 605 
1.738e+01 1.820e+01 663 
1.820e+01 1.905e+01 704 
1.905e+01 1.995e+01 804 
1.995e+01 2.089e+01 931 
2.089e+01 2.188e+01 969 
2.188e+01 2.291e+01 1089 
2.291e+01 2.399e+01 1191 
2.399e+01 2.512e+01 1327 
2.512e+01 2.630e+01 1410 
2.630e+01 2.754e+01 1565 
2.754e+01 2.884e+01 1733 
2.884e+01 3.020e+01 1872 
3.020e+01 3.162e+01 2139 
3.162e+01 3.311e+01 2239 
3.311e+01 3.467e+01 2560 
3.467e+01 3.631e+01 2610 
3.631e+01 3.802e+01 2968 
3.802e+01 3.981e+01 3277 
3.981e+01 4.169e+01 3631 
4.169e+01 4.365e+01 3831 
4.365e+01 4.571e+01 4325 
4.571e+01 4.786e+01 4762 
4.786e+01 5.012e+01 5144 
5.012e+01 5.248e+01 5650 
5.248e+01 5.495e+01 6331 
5.495e+01 5.754e+01 6914 
5.754e+01 6.026e+01 7557 
6.026e+01 6.310e+01 8234 
6.310e+01 6.607e+01 9006 
6.607e+01 6.918e+01 9919 
6.918e+01 7.244e+01 10966 
7.244e+01 7.586e+01 11846 
7.586e+01 7.943e+01 12991 
7.943e+01 8.318e+01 14279 
8.318e+01 8.710e+01 15599 
8.710e+01 9.120e+01 17226 
9.120e+01 9.550e+01 18889 
9.550e+01 1.000e+02 20634 
1.000e+02 1.047e+02 22595 
1.047e+02 1.096e+02 24979 
1.096e+02 1.148e+02 27268 
1.148e+02 1.202e+02 29924 
1.202e+02 1.259e+02 32583 
1.259e+02 1.318e+02 35998 
1.318e+02 1.380e+02 39569 
1.380e+02 1.445e+02 43178 
1.445e+02 1.514e+02 47291 
1.514e+02 1.585e+02 51944 
1.585e+02 1.660e+02 57143 
1.660e+02 1.738e+02 62263 
1.738e+02 1.820e+02 68439 
1.820e+02 1.905e+02 75334 
1.905e+02 1.995e+02 82627 
1.995e+02 2.089e+02 90447 
2.089e+02 2.188e+02 98625 
2.188e+02 2.291e+02 108144 
2.291e+02 2.399e+02 118871 
2.399e+02 2.512e+02 129812 
2.512e+02 2.630e+02 142192 
2.630e+02 2.754e+02 156295 
2.754e+02 2.884e+02 171666 
2.884e+02 3.020e+02 188326 
3.020e+02 3.162e+02 206072 
3.162e+02 3.311e+02 226423 
3.311e+02 3.467e+02 248905 
3.467e+02 3.631e+02 273150 
3.631e+02 3.802e+02 298845 
3.802e+02 3.981e+02 326856 
3.981e+02 4.169e+02 359460 
4.169e+02 4.365e+02 392424 
4.365e+02 4.571e+02 431120 
4.571e+02 4.786e+02 472795 
4.786e+02 5.012e+02 517665 
5.012e+02 5.248e+02 567387 
5.248e+02 5.495e+02 623748 
5.495e+02 5.754e+02 682437 
5.754e+02 6.026e+02 749441 
6.026e+02 6.310e+02 820484 
6.310e+02 6.607e+02 900423 
6.607e+02 6.918e+02 987746 
6.918e+02 7.244e+02 1082561 
7.244e+02 7.586e+02 1185321 
7.586e+02 7.943e+02 1299462 
7.943e+02 8.318e+02 1426190 
8.318e+02 8.710e+02 1560602 
8.710e+02 9.120e+02 1711231 
9.120e+02 9.550e+02 1877861 
9.550e+02 1.000e+03 2060275 
1.000e+03 1.047e+03 2257478 
1.047e+03 1.096e+03 2475300 
1.096e+03 1.148e+03 2714811 
1.148e+03 1.202e+03 2974211 
1.202e+03 1.259e+03 3261336 
1.259e+03 1.318e+03 3570424 
1.318e+03 1.380e+03 3914160 
1.380e+03 1.445e+03 4292932 
1.445e+03 1.514e+03 4709872 
1.514e+03 1.585e+03 5161226 
1.585e+03 1.660e+03 5654637 
1.660e+03 1.738e+03 6196058 
1.738e+03 1.820e+03 6788365 
1.820e+03 1.905e+03 7439761 
1.905e+03 1.995e+03 8157471 
1.995e+03 2.089e+03 8940622 
2.089e+03 2.188e+03 9799815 
2.188e+03 2.291e+03 10739200 
2.291e+03 2.399e+03 11771433 
2.399e+03 2.512e+03 12894851 
2.512e+03 2.630e+03 14126709 
2.630e+03 2.754e+03 15493094 
2.754e+03 2.884e+03 16971135 
2.884e+03 3.020e+03 18590906 
3.020e+03 3.162e+03 20381059 
3.162e+03 3.311e+03 22336569 
3.311e+03 3.467e+03 24478722 
3.467e+03 3.631e+03 26816566 
3.631e+03 3.802e+03 29371014 
3.802e+03 3.981e+03 32181678 
3.981e+03 4.169e+03 35263946 
4.169e+03 4.365e+03 38619155 
4.365e+03 4.571e+03 42308408 
4.571e+03 4.786e+03 46333478 
4.786e+03 5.012e+03 50771240 
5.012e+03 5.248e+03 55587822 
5.248e+03 5.495e+03 60888879 
5.495e+03 5.754e+03 66673675 
5.754e+03 6.026e+03 73028389 
6.026e+03 6.310e+03 79968630 
6.310e+03 6.607e+03 87550900 
6.607e+03 6.918e+03 95856953 
6.918e+03 7.244e+03 104941554 
7.244e+03 7.586e+03 114899880 
7.586e+03 7.943e+03 125773463 
7.943e+03 8.318e+03 137633476 
8.318e+03 8.710e+03 150631527 
8.710e+03 9.120e+03 164848782 
9.120e+03 9.550e+03 180396745 
9.550e+03 1.000e+04 197363548 
1.000e+04 1.047e+04 215924179 
1.047e+04 1.096e+04 236248567 
1.096e+04 1.148e+04 258369357 
1.148e+04 1.202e+04 282573567 
1.202e+04 1.259e+04 309001812 
1.259e+04 1.318e+04 337830537 
1.318e+04 1.380e+04 369350104 
1.380e+04 1.445e+04 403719303 
1.445e+04 1.514e+04 441164905 
1.514e+04 1.585e+04 482011175 
1.585e+04 1.660e+04 526529914 
1.660e+04 1.738e+04 575131909 
1.738e+04 1.820e+04 628019405 
1.820e+04 1.905e+04 685652641 
1.905e+04 1.995e+04 748485576 
1.995e+04 2.089e+04 816737300 
2.089e+04 2.188e+04 891182521 
2.188e+04 2.291e+04 972091913 
2.291e+04 2.399e+04 1060066722 
2.399e+04 2.512e+04 1155683286 
2.512e+04 2.630e+04 1259551651 
2.630e+04 2.754e+04 1372257530 
2.754e+04 2.884e+04 1494654176 
2.884e+04 3.020e+04 1627288957 
3.020e+04 3.162e+04 1770988213 
3.162e+04 3.311e+04 1926832610 
3.311e+04 3.467e+04 2095397308 
3.467e+04 3.631e+04 2277500570 
3.631e+04 3.802e+04 2474395537 
3.802e+04 3.981e+04 2686827687 
3.981e+04 4.169e+04 2915702359 
4.169e+04 4.365e+04 3162673578 
4.365e+04 4.571e+04 3427892423 
4.571e+04 4.786e+04 3713152060 
4.786e+04 5.012e+04 4019367368 
5.012e+04 5.248e+04 4347526072 
5.248e+04 5.495e+04 4698644065 
5.495e+04 5.754e+04 5073811342 
5.754e+04 6.026e+04 5473860244 
6.026e+04 6.310e+04 5898822935 
6.310e+04 6.607e+04 6350232972 
6.607e+04 6.918e+04 6828807205 
6.918e+04 7.244e+04 7334315965 
7.244e+04 7.586e+04 7867303901 
7.586e+04 7.943e+04 8427844638 
7.943e+04 8.318e+04 9013508831 
8.318e+04 8.710e+04 9624124220 
8.710e+04 9.120e+04 10256810354 
9.120e+04 9.550e+04 10909897589 
9.550e+04 1.000e+05 11579717405 
1.000e+05 1.047e+05 12261053830 
1.047e+05 1.096e+05 12949624465 
1.096e+05 1.148e+05 13639239656 
1.148e+05 1.202e+05 14316937273 
