1.000e+00 1.047e+00 7 
1.047e+00 1.096e+00 5 
1.096e+00 1.148e+00 9 
1.148e+00 1.202e+00 2 
1.202e+00 1.259e+00 7 
1.259e+00 1.318e+00 7 
1.318e+00 1.380e+00 3 
1.380e+00 1.445e+00 10 
1.445e+00 1.514e+00 12 
1.514e+00 1.585e+00 11 
1.585e+00 1.660e+00 9 
1.660e+00 1.738e+00 18 
1.738e+00 1.820e+00 12 
1.820e+00 1.905e+00 8 
1.905e+00 1.995e+00 12 
1.995e+00 2.089e+00 17 
2.089e+00 2.188e+00 21 
2.188e+00 2.291e+00 29 
2.291e+00 2.399e+00 20 
2.399e+00 2.512e+00 20 
2.512e+00 2.630e+00 29 
2.630e+00 2.754e+00 26 
2.754e+00 2.884e+00 26 
2.884e+00 3.020e+00 44 
3.020e+00 3.162e+00 31 
3.162e+00 3.311e+00 36 
3.311e+00 3.467e+00 35 
3.467e+00 3.631e+00 57 
3.631e+00 3.802e+00 44 
3.802e+00 3.981e+00 60 
3.981e+00 4.169e+00 56 
4.169e+00 4.365e+00 70 
4.365e+00 4.571e+00 82 
4.571e+00 4.786e+00 97 
4.786e+00 5.012e+00 96 
5.012e+00 5.248e+00 113 
5.248e+00 5.495e+00 103 
5.495e+00 5.754e+00 121 
5.754e+00 6.026e+00 144 
6.026e+00 6.310e+00 158 
6.310e+00 6.607e+00 202 
6.607e+00 6.918e+00 211 
6.918e+00 7.244e+00 167 
7.244e+00 7.586e+00 206 
7.586e+00 7.943e+00 249 
7.943e+00 8.318e+00 295 
8.318e+00 8.710e+00 311 
8.710e+00 9.120e+00 342 
9.120e+00 9.550e+00 359 
9.550e+00 1.000e+01 373 
1.000e+01 1.047e+01 411 
1.047e+01 1.096e+01 460 
1.096e+01 1.148e+01 520 
1.148e+01 1.202e+01 608 
1.202e+01 1.259e+01 564 
1.259e+01 1.318e+01 672 
1.318e+01 1.380e+01 756 
1.380e+01 1.445e+01 772 
1.445e+01 1.514e+01 949 
1.514e+01 1.585e+01 955 
1.585e+01 1.660e+01 1048 
1.660e+01 1.738e+01 1189 
1.738e+01 1.820e+01 1262 
1.820e+01 1.905e+01 1431 
1.905e+01 1.995e+01 1587 
1.995e+01 2.089e+01 1670 
2.089e+01 2.188e+01 1905 
2.188e+01 2.291e+01 2111 
2.291e+01 2.399e+01 2306 
2.399e+01 2.512e+01 2486 
2.512e+01 2.630e+01 2726 
2.630e+01 2.754e+01 2949 
2.754e+01 2.884e+01 3330 
2.884e+01 3.020e+01 3540 
3.020e+01 3.162e+01 3937 
3.162e+01 3.311e+01 4158 
3.311e+01 3.467e+01 4656 
3.467e+01 3.631e+01 5045 
3.631e+01 3.802e+01 5482 
3.802e+01 3.981e+01 6189 
3.981e+01 4.169e+01 6860 
4.169e+01 4.365e+01 7485 
4.365e+01 4.571e+01 8049 
4.571e+01 4.786e+01 9119 
4.786e+01 5.012e+01 9883 
5.012e+01 5.248e+01 10769 
5.248e+01 5.495e+01 11754 
5.495e+01 5.754e+01 13055 
5.754e+01 6.026e+01 14296 
6.026e+01 6.310e+01 15483 
6.310e+01 6.607e+01 17027 
6.607e+01 6.918e+01 18617 
6.918e+01 7.244e+01 20546 
7.244e+01 7.586e+01 22413 
7.586e+01 7.943e+01 25045 
7.943e+01 8.318e+01 27059 
8.318e+01 8.710e+01 29522 
8.710e+01 9.120e+01 32638 
9.120e+01 9.550e+01 35947 
9.550e+01 1.000e+02 39060 
1.000e+02 1.047e+02 42781 
1.047e+02 1.096e+02 46860 
1.096e+02 1.148e+02 51161 
1.148e+02 1.202e+02 56733 
1.202e+02 1.259e+02 62332 
1.259e+02 1.318e+02 67896 
1.318e+02 1.380e+02 74443 
1.380e+02 1.445e+02 81720 
1.445e+02 1.514e+02 89237 
1.514e+02 1.585e+02 98545 
1.585e+02 1.660e+02 107324 
1.660e+02 1.738e+02 117995 
1.738e+02 1.820e+02 129935 
1.820e+02 1.905e+02 142300 
1.905e+02 1.995e+02 155201 
1.995e+02 2.089e+02 171151 
2.089e+02 2.188e+02 186109 
2.188e+02 2.291e+02 205015 
2.291e+02 2.399e+02 225523 
2.399e+02 2.512e+02 245931 
2.512e+02 2.630e+02 270372 
2.630e+02 2.754e+02 296240 
2.754e+02 2.884e+02 324964 
2.884e+02 3.020e+02 356471 
3.020e+02 3.162e+02 391095 
3.162e+02 3.311e+02 428986 
3.311e+02 3.467e+02 469708 
3.467e+02 3.631e+02 514537 
3.631e+02 3.802e+02 565037 
3.802e+02 3.981e+02 619913 
3.981e+02 4.169e+02 678652 
4.169e+02 4.365e+02 744247 
4.365e+02 4.571e+02 817234 
4.571e+02 4.786e+02 894645 
4.786e+02 5.012e+02 978928 
5.012e+02 5.248e+02 1075581 
5.248e+02 5.495e+02 1180245 
5.495e+02 5.754e+02 1292597 
5.754e+02 6.026e+02 1416652 
6.026e+02 6.310e+02 1551937 
6.310e+02 6.607e+02 1702284 
6.607e+02 6.918e+02 1865825 
6.918e+02 7.244e+02 2044814 
7.244e+02 7.586e+02 2244081 
7.586e+02 7.943e+02 2461239 
7.943e+02 8.318e+02 2700897 
8.318e+02 8.710e+02 2955038 
8.710e+02 9.120e+02 3243174 
9.120e+02 9.550e+02 3552049 
9.550e+02 1.000e+03 3893951 
1.000e+03 1.047e+03 4269253 
1.047e+03 1.096e+03 4680324 
1.096e+03 1.148e+03 5134715 
1.148e+03 1.202e+03 5624530 
1.202e+03 1.259e+03 6166185 
1.259e+03 1.318e+03 6760439 
1.318e+03 1.380e+03 7411208 
1.380e+03 1.445e+03 8122536 
1.445e+03 1.514e+03 8905648 
1.514e+03 1.585e+03 9756922 
1.585e+03 1.660e+03 10697963 
1.660e+03 1.738e+03 11716303 
1.738e+03 1.820e+03 12843415 
1.820e+03 1.905e+03 14075622 
1.905e+03 1.995e+03 15434594 
1.995e+03 2.089e+03 16925205 
2.089e+03 2.188e+03 18529255 
2.188e+03 2.291e+03 20309914 
2.291e+03 2.399e+03 22258845 
2.399e+03 2.512e+03 24397103 
2.512e+03 2.630e+03 26716539 
2.630e+03 2.754e+03 29279229 
2.754e+03 2.884e+03 32075789 
2.884e+03 3.020e+03 35148369 
3.020e+03 3.162e+03 38516373 
3.162e+03 3.311e+03 42192797 
3.311e+03 3.467e+03 46223201 
3.467e+03 3.631e+03 50639751 
3.631e+03 3.802e+03 55491034 
3.802e+03 3.981e+03 60768318 
3.981e+03 4.169e+03 66588947 
4.169e+03 4.365e+03 72952671 
4.365e+03 4.571e+03 79891355 
4.571e+03 4.786e+03 87504666 
4.786e+03 5.012e+03 95850576 
5.012e+03 5.248e+03 104989393 
5.248e+03 5.495e+03 114983853 
5.495e+03 5.754e+03 125914521 
5.754e+03 6.026e+03 137887058 
6.026e+03 6.310e+03 150950388 
6.310e+03 6.607e+03 165265718 
6.607e+03 6.918e+03 180997315 
6.918e+03 7.244e+03 198168795 
7.244e+03 7.586e+03 216903938 
7.586e+03 7.943e+03 237388353 
7.943e+03 8.318e+03 259816948 
8.318e+03 8.710e+03 284378010 
8.710e+03 9.120e+03 311233997 
9.120e+03 9.550e+03 340502174 
9.550e+03 1.000e+04 372522573 
1.000e+04 1.047e+04 407477657 
1.047e+04 1.096e+04 445652329 
1.096e+04 1.148e+04 487414273 
1.148e+04 1.202e+04 532984944 
1.202e+04 1.259e+04 582661323 
1.259e+04 1.318e+04 637057886 
1.318e+04 1.380e+04 696455722 
1.380e+04 1.445e+04 760996409 
1.445e+04 1.514e+04 831603674 
1.514e+04 1.585e+04 908562959 
1.585e+04 1.660e+04 992489039 
1.660e+04 1.738e+04 1084100090 
1.738e+04 1.820e+04 1183658539 
1.820e+04 1.905e+04 1292229723 
1.905e+04 1.995e+04 1410619012 
1.995e+04 2.089e+04 1539458722 
2.089e+04 2.188e+04 1679409623 
2.188e+04 2.291e+04 1831630448 
2.291e+04 2.399e+04 1997752544 
2.399e+04 2.512e+04 2178296233 
2.512e+04 2.630e+04 2374119278 
2.630e+04 2.754e+04 2586834479 
2.754e+04 2.884e+04 2818406644 
2.884e+04 3.020e+04 3068909492 
3.020e+04 3.162e+04 3341056476 
3.162e+04 3.311e+04 3636023143 
3.311e+04 3.467e+04 3955395468 
3.467e+04 3.631e+04 4300966260 
3.631e+04 3.802e+04 4675133414 
3.802e+04 3.981e+04 5078671786 
3.981e+04 4.169e+04 5514483750 
4.169e+04 4.365e+04 5985262760 
4.365e+04 4.571e+04 6492858052 
4.571e+04 4.786e+04 7038827548 
4.786e+04 5.012e+04 7627468285 
5.012e+04 5.248e+04 8259743744 
5.248e+04 5.495e+04 8934695176 
5.495e+04 5.754e+04 9654281008 
5.754e+04 6.026e+04 10420174507 
6.026e+04 6.310e+04 11231173710 
6.310e+04 6.607e+04 12086412561 
6.607e+04 6.918e+04 12988638473 
6.918e+04 7.244e+04 13941178315 
7.244e+04 7.586e+04 14948357654 
7.586e+04 7.943e+04 16007772616 
7.943e+04 8.318e+04 17121411669 
8.318e+04 8.710e+04 18288641920 
8.710e+04 9.120e+04 19504980399 
9.120e+04 9.550e+04 20756583418 
9.550e+04 1.000e+05 22037301757 
1.000e+05 1.047e+05 23340363063 
1.047e+05 1.096e+05 24672790959 
1.096e+05 1.148e+05 26020952946 
1.148e+05 1.202e+05 27365154461 
