1.000e+00 1.047e+00 6 
1.047e+00 1.096e+00 7 
1.096e+00 1.148e+00 11 
1.148e+00 1.202e+00 6 
1.202e+00 1.259e+00 12 
1.259e+00 1.318e+00 7 
1.318e+00 1.380e+00 6 
1.380e+00 1.445e+00 7 
1.445e+00 1.514e+00 13 
1.514e+00 1.585e+00 9 
1.585e+00 1.660e+00 13 
1.660e+00 1.738e+00 11 
1.738e+00 1.820e+00 20 
1.820e+00 1.905e+00 17 
1.905e+00 1.995e+00 20 
1.995e+00 2.089e+00 15 
2.089e+00 2.188e+00 31 
2.188e+00 2.291e+00 31 
2.291e+00 2.399e+00 18 
2.399e+00 2.512e+00 36 
2.512e+00 2.630e+00 43 
2.630e+00 2.754e+00 41 
2.754e+00 2.884e+00 31 
2.884e+00 3.020e+00 47 
3.020e+00 3.162e+00 49 
3.162e+00 3.311e+00 47 
3.311e+00 3.467e+00 54 
3.467e+00 3.631e+00 72 
3.631e+00 3.802e+00 60 
3.802e+00 3.981e+00 71 
3.981e+00 4.169e+00 87 
4.169e+00 4.365e+00 89 
4.365e+00 4.571e+00 92 
4.571e+00 4.786e+00 132 
4.786e+00 5.012e+00 110 
5.012e+00 5.248e+00 140 
5.248e+00 5.495e+00 160 
5.495e+00 5.754e+00 147 
5.754e+00 6.026e+00 205 
6.026e+00 6.310e+00 190 
6.310e+00 6.607e+00 208 
6.607e+00 6.918e+00 219 
6.918e+00 7.244e+00 256 
7.244e+00 7.586e+00 296 
7.586e+00 7.943e+00 331 
7.943e+00 8.318e+00 364 
8.318e+00 8.710e+00 338 
8.710e+00 9.120e+00 394 
9.120e+00 9.550e+00 433 
9.550e+00 1.000e+01 473 
1.000e+01 1.047e+01 537 
1.047e+01 1.096e+01 601 
1.096e+01 1.148e+01 627 
1.148e+01 1.202e+01 767 
1.202e+01 1.259e+01 807 
1.259e+01 1.318e+01 814 
1.318e+01 1.380e+01 920 
1.380e+01 1.445e+01 1011 
1.445e+01 1.514e+01 1042 
1.514e+01 1.585e+01 1184 
1.585e+01 1.660e+01 1336 
1.660e+01 1.738e+01 1524 
1.738e+01 1.820e+01 1546 
1.820e+01 1.905e+01 1733 
1.905e+01 1.995e+01 1953 
1.995e+01 2.089e+01 2126 
2.089e+01 2.188e+01 2340 
2.188e+01 2.291e+01 2515 
2.291e+01 2.399e+01 2806 
2.399e+01 2.512e+01 3136 
2.512e+01 2.630e+01 3393 
2.630e+01 2.754e+01 3673 
2.754e+01 2.884e+01 4007 
2.884e+01 3.020e+01 4440 
3.020e+01 3.162e+01 4986 
3.162e+01 3.311e+01 5380 
3.311e+01 3.467e+01 5719 
3.467e+01 3.631e+01 6273 
3.631e+01 3.802e+01 7085 
3.802e+01 3.981e+01 7565 
3.981e+01 4.169e+01 8413 
4.169e+01 4.365e+01 9190 
4.365e+01 4.571e+01 10186 
4.571e+01 4.786e+01 11143 
4.786e+01 5.012e+01 12281 
5.012e+01 5.248e+01 13324 
5.248e+01 5.495e+01 14534 
5.495e+01 5.754e+01 16015 
5.754e+01 6.026e+01 17536 
6.026e+01 6.310e+01 19367 
6.310e+01 6.607e+01 21264 
6.607e+01 6.918e+01 23251 
6.918e+01 7.244e+01 25629 
7.244e+01 7.586e+01 28066 
7.586e+01 7.943e+01 30833 
7.943e+01 8.318e+01 33500 
8.318e+01 8.710e+01 36803 
8.710e+01 9.120e+01 40403 
9.120e+01 9.550e+01 44293 
9.550e+01 1.000e+02 48504 
1.000e+02 1.047e+02 53053 
1.047e+02 1.096e+02 58535 
1.096e+02 1.148e+02 63654 
1.148e+02 1.202e+02 70106 
1.202e+02 1.259e+02 76264 
1.259e+02 1.318e+02 83943 
1.318e+02 1.380e+02 92103 
1.380e+02 1.445e+02 101960 
1.445e+02 1.514e+02 110818 
1.514e+02 1.585e+02 121254 
1.585e+02 1.660e+02 133260 
1.660e+02 1.738e+02 145420 
1.738e+02 1.820e+02 159739 
1.820e+02 1.905e+02 176013 
1.905e+02 1.995e+02 192820 
1.995e+02 2.089e+02 211639 
2.089e+02 2.188e+02 232279 
2.188e+02 2.291e+02 254330 
2.291e+02 2.399e+02 279197 
2.399e+02 2.512e+02 304902 
2.512e+02 2.630e+02 333540 
2.630e+02 2.754e+02 366135 
2.754e+02 2.884e+02 402690 
2.884e+02 3.020e+02 439205 
3.020e+02 3.162e+02 484454 
3.162e+02 3.311e+02 531677 
3.311e+02 3.467e+02 582810 
3.467e+02 3.631e+02 637090 
3.631e+02 3.802e+02 698856 
3.802e+02 3.981e+02 766155 
3.981e+02 4.169e+02 839943 
4.169e+02 4.365e+02 923285 
4.365e+02 4.571e+02 1011392 
4.571e+02 4.786e+02 1108685 
4.786e+02 5.012e+02 1212098 
5.012e+02 5.248e+02 1332623 
5.248e+02 5.495e+02 1458411 
5.495e+02 5.754e+02 1598860 
5.754e+02 6.026e+02 1752399 
6.026e+02 6.310e+02 1921729 
6.310e+02 6.607e+02 2106202 
6.607e+02 6.918e+02 2313084 
6.918e+02 7.244e+02 2534339 
7.244e+02 7.586e+02 2778312 
7.586e+02 7.943e+02 3044831 
7.943e+02 8.318e+02 3342970 
8.318e+02 8.710e+02 3663521 
8.710e+02 9.120e+02 4018030 
9.120e+02 9.550e+02 4398469 
9.550e+02 1.000e+03 4825444 
1.000e+03 1.047e+03 5286764 
1.047e+03 1.096e+03 5798675 
1.096e+03 1.148e+03 6355562 
1.148e+03 1.202e+03 6961081 
1.202e+03 1.259e+03 7630503 
1.259e+03 1.318e+03 8365570 
1.318e+03 1.380e+03 9170667 
1.380e+03 1.445e+03 10052606 
1.445e+03 1.514e+03 11013176 
1.514e+03 1.585e+03 12078191 
1.585e+03 1.660e+03 13243357 
1.660e+03 1.738e+03 14514120 
1.738e+03 1.820e+03 15912095 
1.820e+03 1.905e+03 17437198 
1.905e+03 1.995e+03 19100790 
1.995e+03 2.089e+03 20937003 
2.089e+03 2.188e+03 22956865 
2.188e+03 2.291e+03 25151876 
2.291e+03 2.399e+03 27570784 
2.399e+03 2.512e+03 30211233 
2.512e+03 2.630e+03 33114459 
2.630e+03 2.754e+03 36283953 
2.754e+03 2.884e+03 39752790 
2.884e+03 3.020e+03 43586379 
3.020e+03 3.162e+03 47759428 
3.162e+03 3.311e+03 52343777 
3.311e+03 3.467e+03 57334188 
3.467e+03 3.631e+03 62814692 
3.631e+03 3.802e+03 68822880 
3.802e+03 3.981e+03 75426754 
3.981e+03 4.169e+03 82650581 
4.169e+03 4.365e+03 90514241 
4.365e+03 4.571e+03 99163648 
4.571e+03 4.786e+03 108602102 
4.786e+03 5.012e+03 119002368 
5.012e+03 5.248e+03 130331983 
5.248e+03 5.495e+03 142739129 
5.495e+03 5.754e+03 156406091 
5.754e+03 6.026e+03 171245800 
6.026e+03 6.310e+03 187529753 
6.310e+03 6.607e+03 205337999 
6.607e+03 6.918e+03 224882593 
6.918e+03 7.244e+03 246204822 
7.244e+03 7.586e+03 269560387 
7.586e+03 7.943e+03 295133273 
7.943e+03 8.318e+03 323036604 
8.318e+03 8.710e+03 353595389 
8.710e+03 9.120e+03 387029709 
9.120e+03 9.550e+03 423594908 
9.550e+03 1.000e+04 463604233 
1.000e+04 1.047e+04 507255759 
1.047e+04 1.096e+04 555045826 
1.096e+04 1.148e+04 607187860 
1.148e+04 1.202e+04 664249366 
1.202e+04 1.259e+04 726509286 
1.259e+04 1.318e+04 794427433 
1.318e+04 1.380e+04 868379728 
1.380e+04 1.445e+04 949141807 
1.445e+04 1.514e+04 1037377449 
1.514e+04 1.585e+04 1133705877 
1.585e+04 1.660e+04 1238843240 
1.660e+04 1.738e+04 1353457793 
1.738e+04 1.820e+04 1478403663 
1.820e+04 1.905e+04 1614675798 
1.905e+04 1.995e+04 1763058800 
1.995e+04 2.089e+04 1924803708 
2.089e+04 2.188e+04 2100445740 
2.188e+04 2.291e+04 2291199037 
2.291e+04 2.399e+04 2498788561 
2.399e+04 2.512e+04 2723963628 
2.512e+04 2.630e+04 2968822117 
2.630e+04 2.754e+04 3234898902 
2.754e+04 2.884e+04 3523267054 
2.884e+04 3.020e+04 3836138688 
3.020e+04 3.162e+04 4173542923 
3.162e+04 3.311e+04 4539489002 
3.311e+04 3.467e+04 4935891965 
3.467e+04 3.631e+04 5365242124 
3.631e+04 3.802e+04 5829744175 
3.802e+04 3.981e+04 6331270990 
3.981e+04 4.169e+04 6872879443 
4.169e+04 4.365e+04 7456209862 
4.365e+04 4.571e+04 8085511606 
4.571e+04 4.786e+04 8761006652 
4.786e+04 5.012e+04 9485895365 
5.012e+04 5.248e+04 10262662527 
5.248e+04 5.495e+04 11091790287 
5.495e+04 5.754e+04 11978245209 
5.754e+04 6.026e+04 12919531101 
6.026e+04 6.310e+04 13918144079 
6.310e+04 6.607e+04 14978577539 
6.607e+04 6.918e+04 16101562194 
6.918e+04 7.244e+04 17290526549 
7.244e+04 7.586e+04 18546647939 
7.586e+04 7.943e+04 19862360505 
7.943e+04 8.318e+04 21250044192 
8.318e+04 8.710e+04 22701127371 
8.710e+04 9.120e+04 24199238937 
9.120e+04 9.550e+04 25752903701 
9.550e+04 1.000e+05 27340525191 
1.000e+05 1.047e+05 28957264731 
1.047e+05 1.096e+05 30575866941 
1.096e+05 1.148e+05 32183935712 
1.148e+05 1.202e+05 33757875766 
