1.000e+00 1.047e+00 3 
1.047e+00 1.096e+00 5 
1.096e+00 1.148e+00 4 
1.148e+00 1.202e+00 1 
1.202e+00 1.259e+00 4 
1.259e+00 1.318e+00 9 
1.318e+00 1.380e+00 2 
1.380e+00 1.445e+00 4 
1.445e+00 1.514e+00 7 
1.514e+00 1.585e+00 2 
1.585e+00 1.660e+00 7 
1.660e+00 1.738e+00 3 
1.738e+00 1.820e+00 3 
1.820e+00 1.905e+00 5 
1.905e+00 1.995e+00 2 
1.995e+00 2.089e+00 4 
2.089e+00 2.188e+00 17 
2.188e+00 2.291e+00 10 
2.291e+00 2.399e+00 8 
2.399e+00 2.512e+00 19 
2.512e+00 2.630e+00 30 
2.630e+00 2.754e+00 14 
2.754e+00 2.884e+00 18 
2.884e+00 3.020e+00 20 
3.020e+00 3.162e+00 27 
3.162e+00 3.311e+00 28 
3.311e+00 3.467e+00 25 
3.467e+00 3.631e+00 25 
3.631e+00 3.802e+00 36 
3.802e+00 3.981e+00 35 
3.981e+00 4.169e+00 45 
4.169e+00 4.365e+00 40 
4.365e+00 4.571e+00 32 
4.571e+00 4.786e+00 45 
4.786e+00 5.012e+00 57 
5.012e+00 5.248e+00 71 
5.248e+00 5.495e+00 77 
5.495e+00 5.754e+00 79 
5.754e+00 6.026e+00 84 
6.026e+00 6.310e+00 83 
6.310e+00 6.607e+00 103 
6.607e+00 6.918e+00 95 
6.918e+00 7.244e+00 114 
7.244e+00 7.586e+00 107 
7.586e+00 7.943e+00 124 
7.943e+00 8.318e+00 146 
8.318e+00 8.710e+00 157 
8.710e+00 9.120e+00 142 
9.120e+00 9.550e+00 204 
9.550e+00 1.000e+01 205 
1.000e+01 1.047e+01 200 
1.047e+01 1.096e+01 250 
1.096e+01 1.148e+01 237 
1.148e+01 1.202e+01 287 
1.202e+01 1.259e+01 323 
1.259e+01 1.318e+01 395 
1.318e+01 1.380e+01 420 
1.380e+01 1.445e+01 407 
1.445e+01 1.514e+01 481 
1.514e+01 1.585e+01 534 
1.585e+01 1.660e+01 577 
1.660e+01 1.738e+01 601 
1.738e+01 1.820e+01 717 
1.820e+01 1.905e+01 739 
1.905e+01 1.995e+01 811 
1.995e+01 2.089e+01 842 
2.089e+01 2.188e+01 1019 
2.188e+01 2.291e+01 1090 
2.291e+01 2.399e+01 1200 
2.399e+01 2.512e+01 1287 
2.512e+01 2.630e+01 1440 
2.630e+01 2.754e+01 1598 
2.754e+01 2.884e+01 1778 
2.884e+01 3.020e+01 1875 
3.020e+01 3.162e+01 2077 
3.162e+01 3.311e+01 2185 
3.311e+01 3.467e+01 2491 
3.467e+01 3.631e+01 2745 
3.631e+01 3.802e+01 3017 
3.802e+01 3.981e+01 3318 
3.981e+01 4.169e+01 3495 
4.169e+01 4.365e+01 3931 
4.365e+01 4.571e+01 4233 
4.571e+01 4.786e+01 4748 
4.786e+01 5.012e+01 5203 
5.012e+01 5.248e+01 5634 
5.248e+01 5.495e+01 6091 
5.495e+01 5.754e+01 6830 
5.754e+01 6.026e+01 7508 
6.026e+01 6.310e+01 8206 
6.310e+01 6.607e+01 9104 
6.607e+01 6.918e+01 10062 
6.918e+01 7.244e+01 11077 
7.244e+01 7.586e+01 11730 
7.586e+01 7.943e+01 13247 
7.943e+01 8.318e+01 14229 
8.318e+01 8.710e+01 15644 
8.710e+01 9.120e+01 17489 
9.120e+01 9.550e+01 18661 
9.550e+01 1.000e+02 20460 
1.000e+02 1.047e+02 22448 
1.047e+02 1.096e+02 24657 
1.096e+02 1.148e+02 27006 
1.148e+02 1.202e+02 30099 
1.202e+02 1.259e+02 32586 
1.259e+02 1.318e+02 36139 
1.318e+02 1.380e+02 39418 
1.380e+02 1.445e+02 42561 
1.445e+02 1.514e+02 47450 
1.514e+02 1.585e+02 52079 
1.585e+02 1.660e+02 56915 
1.660e+02 1.738e+02 62446 
1.738e+02 1.820e+02 68373 
1.820e+02 1.905e+02 75134 
1.905e+02 1.995e+02 82325 
1.995e+02 2.089e+02 90416 
2.089e+02 2.188e+02 98892 
2.188e+02 2.291e+02 108507 
2.291e+02 2.399e+02 119379 
2.399e+02 2.512e+02 130663 
2.512e+02 2.630e+02 142950 
2.630e+02 2.754e+02 156804 
2.754e+02 2.884e+02 171489 
2.884e+02 3.020e+02 188486 
3.020e+02 3.162e+02 206179 
3.162e+02 3.311e+02 226635 
3.311e+02 3.467e+02 247548 
3.467e+02 3.631e+02 272172 
3.631e+02 3.802e+02 298540 
3.802e+02 3.981e+02 327053 
3.981e+02 4.169e+02 359232 
4.169e+02 4.365e+02 394394 
4.365e+02 4.571e+02 431540 
4.571e+02 4.786e+02 472035 
4.786e+02 5.012e+02 518453 
5.012e+02 5.248e+02 567451 
5.248e+02 5.495e+02 621460 
5.495e+02 5.754e+02 683674 
5.754e+02 6.026e+02 749453 
6.026e+02 6.310e+02 822053 
6.310e+02 6.607e+02 900516 
6.607e+02 6.918e+02 988046 
6.918e+02 7.244e+02 1081339 
7.244e+02 7.586e+02 1186906 
7.586e+02 7.943e+02 1299621 
7.943e+02 8.318e+02 1422788 
8.318e+02 8.710e+02 1561840 
8.710e+02 9.120e+02 1714836 
9.120e+02 9.550e+02 1880799 
9.550e+02 1.000e+03 2060225 
1.000e+03 1.047e+03 2256168 
1.047e+03 1.096e+03 2475300 
1.096e+03 1.148e+03 2714428 
1.148e+03 1.202e+03 2972344 
1.202e+03 1.259e+03 3258367 
1.259e+03 1.318e+03 3571923 
1.318e+03 1.380e+03 3914689 
1.380e+03 1.445e+03 4297681 
1.445e+03 1.514e+03 4706902 
1.514e+03 1.585e+03 5159756 
1.585e+03 1.660e+03 5655688 
1.660e+03 1.738e+03 6200168 
1.738e+03 1.820e+03 6791251 
1.820e+03 1.905e+03 7446387 
1.905e+03 1.995e+03 8159305 
1.995e+03 2.089e+03 8942777 
2.089e+03 2.188e+03 9800483 
2.188e+03 2.291e+03 10741324 
2.291e+03 2.399e+03 11778086 
2.399e+03 2.512e+03 12901885 
2.512e+03 2.630e+03 14144628 
2.630e+03 2.754e+03 15491369 
2.754e+03 2.884e+03 16975757 
2.884e+03 3.020e+03 18612572 
3.020e+03 3.162e+03 20391008 
3.162e+03 3.311e+03 22337324 
3.311e+03 3.467e+03 24491509 
3.467e+03 3.631e+03 26818021 
3.631e+03 3.802e+03 29386572 
3.802e+03 3.981e+03 32193979 
3.981e+03 4.169e+03 35268518 
4.169e+03 4.365e+03 38644512 
4.365e+03 4.571e+03 42320653 
4.571e+03 4.786e+03 46368389 
4.786e+03 5.012e+03 50787317 
5.012e+03 5.248e+03 55625303 
5.248e+03 5.495e+03 60927691 
5.495e+03 5.754e+03 66740568 
5.754e+03 6.026e+03 73063313 
6.026e+03 6.310e+03 80009891 
6.310e+03 6.607e+03 87624769 
6.607e+03 6.918e+03 95926366 
6.918e+03 7.244e+03 105023640 
7.244e+03 7.586e+03 114975195 
7.586e+03 7.943e+03 125844617 
7.943e+03 8.318e+03 137745158 
8.318e+03 8.710e+03 150749971 
8.710e+03 9.120e+03 165012518 
9.120e+03 9.550e+03 180568159 
9.550e+03 1.000e+04 197552370 
1.000e+04 1.047e+04 216079758 
1.047e+04 1.096e+04 236394932 
1.096e+04 1.148e+04 258574562 
1.148e+04 1.202e+04 282788867 
1.202e+04 1.259e+04 309192079 
1.259e+04 1.318e+04 338054774 
1.318e+04 1.380e+04 369559774 
1.380e+04 1.445e+04 403957213 
1.445e+04 1.514e+04 441442960 
1.514e+04 1.585e+04 482347934 
1.585e+04 1.660e+04 526934858 
1.660e+04 1.738e+04 575546846 
1.738e+04 1.820e+04 628502349 
1.820e+04 1.905e+04 686192378 
1.905e+04 1.995e+04 749081241 
1.995e+04 2.089e+04 817410192 
2.089e+04 2.188e+04 891838368 
2.188e+04 2.291e+04 972811135 
2.291e+04 2.399e+04 1060819948 
2.399e+04 2.512e+04 1156486162 
2.512e+04 2.630e+04 1260471632 
2.630e+04 2.754e+04 1373240062 
2.754e+04 2.884e+04 1495649579 
2.884e+04 3.020e+04 1628405952 
3.020e+04 3.162e+04 1772248746 
3.162e+04 3.311e+04 1927908495 
3.311e+04 3.467e+04 2096372558 
3.467e+04 3.631e+04 2278662979 
3.631e+04 3.802e+04 2475366796 
3.802e+04 3.981e+04 2687721381 
3.981e+04 4.169e+04 2916796364 
4.169e+04 4.365e+04 3163379449 
4.365e+04 4.571e+04 3428865380 
4.571e+04 4.786e+04 3714102149 
4.786e+04 5.012e+04 4020556239 
5.012e+04 5.248e+04 4349133946 
5.248e+04 5.495e+04 4700490327 
5.495e+04 5.754e+04 5075961176 
5.754e+04 6.026e+04 5476157905 
6.026e+04 6.310e+04 5902223411 
6.310e+04 6.607e+04 6354730389 
6.607e+04 6.918e+04 6833814921 
6.918e+04 7.244e+04 7339767808 
7.244e+04 7.586e+04 7873463610 
7.586e+04 7.943e+04 8433964169 
7.943e+04 8.318e+04 9019556108 
8.318e+04 8.710e+04 9629992768 
8.710e+04 9.120e+04 10262407023 
9.120e+04 9.550e+04 10915412522 
9.550e+04 1.000e+05 11585699806 
1.000e+05 1.047e+05 12269103619 
1.047e+05 1.096e+05 12960392036 
1.096e+05 1.148e+05 13652455138 
1.148e+05 1.202e+05 14334242084 
