1.000e+00 1.047e+00 0 
1.047e+00 1.096e+00 6 
1.096e+00 1.148e+00 3 
1.148e+00 1.202e+00 3 
1.202e+00 1.259e+00 2 
1.259e+00 1.318e+00 5 
1.318e+00 1.380e+00 4 
1.380e+00 1.445e+00 6 
1.445e+00 1.514e+00 5 
1.514e+00 1.585e+00 4 
1.585e+00 1.660e+00 4 
1.660e+00 1.738e+00 1 
1.738e+00 1.820e+00 3 
1.820e+00 1.905e+00 6 
1.905e+00 1.995e+00 8 
1.995e+00 2.089e+00 5 
2.089e+00 2.188e+00 12 
2.188e+00 2.291e+00 12 
2.291e+00 2.399e+00 14 
2.399e+00 2.512e+00 9 
2.512e+00 2.630e+00 12 
2.630e+00 2.754e+00 16 
2.754e+00 2.884e+00 10 
2.884e+00 3.020e+00 12 
3.020e+00 3.162e+00 16 
3.162e+00 3.311e+00 24 
3.311e+00 3.467e+00 18 
3.467e+00 3.631e+00 21 
3.631e+00 3.802e+00 26 
3.802e+00 3.981e+00 20 
3.981e+00 4.169e+00 22 
4.169e+00 4.365e+00 31 
4.365e+00 4.571e+00 26 
4.571e+00 4.786e+00 44 
4.786e+00 5.012e+00 36 
5.012e+00 5.248e+00 44 
5.248e+00 5.495e+00 47 
5.495e+00 5.754e+00 43 
5.754e+00 6.026e+00 59 
6.026e+00 6.310e+00 68 
6.310e+00 6.607e+00 68 
6.607e+00 6.918e+00 70 
6.918e+00 7.244e+00 79 
7.244e+00 7.586e+00 96 
7.586e+00 7.943e+00 115 
7.943e+00 8.318e+00 105 
8.318e+00 8.710e+00 130 
8.710e+00 9.120e+00 147 
9.120e+00 9.550e+00 121 
9.550e+00 1.000e+01 160 
1.000e+01 1.047e+01 148 
1.047e+01 1.096e+01 198 
1.096e+01 1.148e+01 214 
1.148e+01 1.202e+01 280 
1.202e+01 1.259e+01 249 
1.259e+01 1.318e+01 310 
1.318e+01 1.380e+01 321 
1.380e+01 1.445e+01 351 
1.445e+01 1.514e+01 376 
1.514e+01 1.585e+01 449 
1.585e+01 1.660e+01 457 
1.660e+01 1.738e+01 487 
1.738e+01 1.820e+01 513 
1.820e+01 1.905e+01 603 
1.905e+01 1.995e+01 665 
1.995e+01 2.089e+01 696 
2.089e+01 2.188e+01 789 
2.188e+01 2.291e+01 913 
2.291e+01 2.399e+01 879 
2.399e+01 2.512e+01 1094 
2.512e+01 2.630e+01 1141 
2.630e+01 2.754e+01 1263 
2.754e+01 2.884e+01 1289 
2.884e+01 3.020e+01 1385 
3.020e+01 3.162e+01 1596 
3.162e+01 3.311e+01 1745 
3.311e+01 3.467e+01 1964 
3.467e+01 3.631e+01 2142 
3.631e+01 3.802e+01 2449 
3.802e+01 3.981e+01 2507 
3.981e+01 4.169e+01 2760 
4.169e+01 4.365e+01 3173 
4.365e+01 4.571e+01 3307 
4.571e+01 4.786e+01 3659 
4.786e+01 5.012e+01 4017 
5.012e+01 5.248e+01 4382 
5.248e+01 5.495e+01 4978 
5.495e+01 5.754e+01 5336 
5.754e+01 6.026e+01 5899 
6.026e+01 6.310e+01 6449 
6.310e+01 6.607e+01 7131 
6.607e+01 6.918e+01 7893 
6.918e+01 7.244e+01 8481 
7.244e+01 7.586e+01 9367 
7.586e+01 7.943e+01 10142 
7.943e+01 8.318e+01 11153 
8.318e+01 8.710e+01 12372 
8.710e+01 9.120e+01 13471 
9.120e+01 9.550e+01 14807 
9.550e+01 1.000e+02 16158 
1.000e+02 1.047e+02 17617 
1.047e+02 1.096e+02 19327 
1.096e+02 1.148e+02 21367 
1.148e+02 1.202e+02 23408 
1.202e+02 1.259e+02 25423 
1.259e+02 1.318e+02 28180 
1.318e+02 1.380e+02 30993 
1.380e+02 1.445e+02 33808 
1.445e+02 1.514e+02 36861 
1.514e+02 1.585e+02 40542 
1.585e+02 1.660e+02 44562 
1.660e+02 1.738e+02 48566 
1.738e+02 1.820e+02 53833 
1.820e+02 1.905e+02 58459 
1.905e+02 1.995e+02 64483 
1.995e+02 2.089e+02 70095 
2.089e+02 2.188e+02 77548 
2.188e+02 2.291e+02 85022 
2.291e+02 2.399e+02 92682 
2.399e+02 2.512e+02 102411 
2.512e+02 2.630e+02 111526 
2.630e+02 2.754e+02 122785 
2.754e+02 2.884e+02 134489 
2.884e+02 3.020e+02 147671 
3.020e+02 3.162e+02 161488 
3.162e+02 3.311e+02 177306 
3.311e+02 3.467e+02 193366 
3.467e+02 3.631e+02 212517 
3.631e+02 3.802e+02 232960 
3.802e+02 3.981e+02 256205 
3.981e+02 4.169e+02 280646 
4.169e+02 4.365e+02 307506 
4.365e+02 4.571e+02 337534 
4.571e+02 4.786e+02 368862 
4.786e+02 5.012e+02 405128 
5.012e+02 5.248e+02 443946 
5.248e+02 5.495e+02 486740 
5.495e+02 5.754e+02 534402 
5.754e+02 6.026e+02 586900 
6.026e+02 6.310e+02 641403 
6.310e+02 6.607e+02 704189 
6.607e+02 6.918e+02 771465 
6.918e+02 7.244e+02 845329 
7.244e+02 7.586e+02 926562 
7.586e+02 7.943e+02 1014985 
7.943e+02 8.318e+02 1113161 
8.318e+02 8.710e+02 1220178 
8.710e+02 9.120e+02 1338839 
9.120e+02 9.550e+02 1465180 
9.550e+02 1.000e+03 1609328 
1.000e+03 1.047e+03 1762512 
1.047e+03 1.096e+03 1932356 
1.096e+03 1.148e+03 2119886 
1.148e+03 1.202e+03 2323378 
1.202e+03 1.259e+03 2547184 
1.259e+03 1.318e+03 2791405 
1.318e+03 1.380e+03 3060068 
1.380e+03 1.445e+03 3356378 
1.445e+03 1.514e+03 3676341 
1.514e+03 1.585e+03 4032348 
1.585e+03 1.660e+03 4419785 
1.660e+03 1.738e+03 4841552 
1.738e+03 1.820e+03 5306807 
1.820e+03 1.905e+03 5814594 
1.905e+03 1.995e+03 6375088 
1.995e+03 2.089e+03 6990877 
2.089e+03 2.188e+03 7657431 
2.188e+03 2.291e+03 8392771 
2.291e+03 2.399e+03 9204449 
2.399e+03 2.512e+03 10075497 
2.512e+03 2.630e+03 11042867 
2.630e+03 2.754e+03 12104204 
2.754e+03 2.884e+03 13259772 
2.884e+03 3.020e+03 14522150 
3.020e+03 3.162e+03 15909621 
3.162e+03 3.311e+03 17437247 
3.311e+03 3.467e+03 19106632 
3.467e+03 3.631e+03 20920880 
3.631e+03 3.802e+03 22935685 
3.802e+03 3.981e+03 25122914 
3.981e+03 4.169e+03 27535382 
4.169e+03 4.365e+03 30155898 
4.365e+03 4.571e+03 33056847 
4.571e+03 4.786e+03 36195580 
4.786e+03 5.012e+03 39641886 
5.012e+03 5.248e+03 43415418 
5.248e+03 5.495e+03 47539373 
5.495e+03 5.754e+03 52084882 
5.754e+03 6.026e+03 57032596 
6.026e+03 6.310e+03 62448953 
6.310e+03 6.607e+03 68343271 
6.607e+03 6.918e+03 74842507 
6.918e+03 7.244e+03 81986401 
7.244e+03 7.586e+03 89716754 
7.586e+03 7.943e+03 98168740 
7.943e+03 8.318e+03 107426789 
8.318e+03 8.710e+03 117565505 
8.710e+03 9.120e+03 128581968 
9.120e+03 9.550e+03 140698161 
9.550e+03 1.000e+04 153958028 
1.000e+04 1.047e+04 168476035 
1.047e+04 1.096e+04 184278489 
1.096e+04 1.148e+04 201561637 
1.148e+04 1.202e+04 220399496 
1.202e+04 1.259e+04 240978458 
1.259e+04 1.318e+04 263473339 
1.318e+04 1.380e+04 288079349 
1.380e+04 1.445e+04 314861768 
1.445e+04 1.514e+04 343997771 
1.514e+04 1.585e+04 375879143 
1.585e+04 1.660e+04 410508300 
1.660e+04 1.738e+04 448399381 
1.738e+04 1.820e+04 489517244 
1.820e+04 1.905e+04 534403866 
1.905e+04 1.995e+04 583141227 
1.995e+04 2.089e+04 636504453 
2.089e+04 2.188e+04 694597749 
2.188e+04 2.291e+04 757725100 
2.291e+04 2.399e+04 826367412 
2.399e+04 2.512e+04 900858127 
2.512e+04 2.630e+04 981944056 
2.630e+04 2.754e+04 1069906705 
2.754e+04 2.884e+04 1165079680 
2.884e+04 3.020e+04 1269000758 
3.020e+04 3.162e+04 1381533843 
3.162e+04 3.311e+04 1503336214 
3.311e+04 3.467e+04 1635778537 
3.467e+04 3.631e+04 1778621490 
3.631e+04 3.802e+04 1933476170 
3.802e+04 3.981e+04 2100601283 
3.981e+04 4.169e+04 2279956657 
4.169e+04 4.365e+04 2473546088 
4.365e+04 4.571e+04 2681907936 
4.571e+04 4.786e+04 2905500774 
4.786e+04 5.012e+04 3146535096 
5.012e+04 5.248e+04 3403353118 
5.248e+04 5.495e+04 3679597643 
5.495e+04 5.754e+04 3975472240 
5.754e+04 6.026e+04 4291036121 
6.026e+04 6.310e+04 4626250598 
6.310e+04 6.607e+04 4982402089 
6.607e+04 6.918e+04 5359339228 
6.918e+04 7.244e+04 5757267279 
7.244e+04 7.586e+04 6173479132 
7.586e+04 7.943e+04 6610992220 
7.943e+04 8.318e+04 7070579080 
8.318e+04 8.710e+04 7548968497 
8.710e+04 9.120e+04 8040392767 
9.120e+04 9.550e+04 8546735695 
9.550e+04 1.000e+05 9060499898 
1.000e+05 1.047e+05 9573729478 
1.047e+05 1.096e+05 10088043072 
1.096e+05 1.148e+05 10592050364 
1.148e+05 1.202e+05 11092086071 
