1.000e+00 1.047e+00 2 
1.047e+00 1.096e+00 1 
1.096e+00 1.148e+00 6 
1.148e+00 1.202e+00 5 
1.202e+00 1.259e+00 9 
1.259e+00 1.318e+00 5 
1.318e+00 1.380e+00 1 
1.380e+00 1.445e+00 14 
1.445e+00 1.514e+00 11 
1.514e+00 1.585e+00 8 
1.585e+00 1.660e+00 5 
1.660e+00 1.738e+00 6 
1.738e+00 1.820e+00 9 
1.820e+00 1.905e+00 12 
1.905e+00 1.995e+00 9 
1.995e+00 2.089e+00 12 
2.089e+00 2.188e+00 16 
2.188e+00 2.291e+00 15 
2.291e+00 2.399e+00 14 
2.399e+00 2.512e+00 20 
2.512e+00 2.630e+00 35 
2.630e+00 2.754e+00 14 
2.754e+00 2.884e+00 26 
2.884e+00 3.020e+00 31 
3.020e+00 3.162e+00 23 
3.162e+00 3.311e+00 44 
3.311e+00 3.467e+00 28 
3.467e+00 3.631e+00 40 
3.631e+00 3.802e+00 40 
3.802e+00 3.981e+00 47 
3.981e+00 4.169e+00 55 
4.169e+00 4.365e+00 50 
4.365e+00 4.571e+00 70 
4.571e+00 4.786e+00 85 
4.786e+00 5.012e+00 84 
5.012e+00 5.248e+00 104 
5.248e+00 5.495e+00 111 
5.495e+00 5.754e+00 111 
5.754e+00 6.026e+00 108 
6.026e+00 6.310e+00 124 
6.310e+00 6.607e+00 136 
6.607e+00 6.918e+00 142 
6.918e+00 7.244e+00 164 
7.244e+00 7.586e+00 161 
7.586e+00 7.943e+00 191 
7.943e+00 8.318e+00 205 
8.318e+00 8.710e+00 264 
8.710e+00 9.120e+00 234 
9.120e+00 9.550e+00 231 
9.550e+00 1.000e+01 296 
1.000e+01 1.047e+01 309 
1.047e+01 1.096e+01 378 
1.096e+01 1.148e+01 410 
1.148e+01 1.202e+01 443 
1.202e+01 1.259e+01 503 
1.259e+01 1.318e+01 558 
1.318e+01 1.380e+01 572 
1.380e+01 1.445e+01 629 
1.445e+01 1.514e+01 744 
1.514e+01 1.585e+01 730 
1.585e+01 1.660e+01 811 
1.660e+01 1.738e+01 903 
1.738e+01 1.820e+01 987 
1.820e+01 1.905e+01 1098 
1.905e+01 1.995e+01 1238 
1.995e+01 2.089e+01 1320 
2.089e+01 2.188e+01 1438 
2.188e+01 2.291e+01 1644 
2.291e+01 2.399e+01 1780 
2.399e+01 2.512e+01 1911 
2.512e+01 2.630e+01 2123 
2.630e+01 2.754e+01 2284 
2.754e+01 2.884e+01 2544 
2.884e+01 3.020e+01 2751 
3.020e+01 3.162e+01 3031 
3.162e+01 3.311e+01 3261 
3.311e+01 3.467e+01 3791 
3.467e+01 3.631e+01 3916 
3.631e+01 3.802e+01 4463 
3.802e+01 3.981e+01 4902 
3.981e+01 4.169e+01 5430 
4.169e+01 4.365e+01 5814 
4.365e+01 4.571e+01 6275 
4.571e+01 4.786e+01 7040 
4.786e+01 5.012e+01 7625 
5.012e+01 5.248e+01 8348 
5.248e+01 5.495e+01 9134 
5.495e+01 5.754e+01 10041 
5.754e+01 6.026e+01 11010 
6.026e+01 6.310e+01 11993 
6.310e+01 6.607e+01 13301 
6.607e+01 6.918e+01 14747 
6.918e+01 7.244e+01 15769 
7.244e+01 7.586e+01 17308 
7.586e+01 7.943e+01 19247 
7.943e+01 8.318e+01 20948 
8.318e+01 8.710e+01 22892 
8.710e+01 9.120e+01 25360 
9.120e+01 9.550e+01 27785 
9.550e+01 1.000e+02 30298 
1.000e+02 1.047e+02 33288 
1.047e+02 1.096e+02 36328 
1.096e+02 1.148e+02 39920 
1.148e+02 1.202e+02 44176 
1.202e+02 1.259e+02 48497 
1.259e+02 1.318e+02 53080 
1.318e+02 1.380e+02 58147 
1.380e+02 1.445e+02 63032 
1.445e+02 1.514e+02 69488 
1.514e+02 1.585e+02 76158 
1.585e+02 1.660e+02 83680 
1.660e+02 1.738e+02 92673 
1.738e+02 1.820e+02 101267 
1.820e+02 1.905e+02 109978 
1.905e+02 1.995e+02 121093 
1.995e+02 2.089e+02 132416 
2.089e+02 2.188e+02 145262 
2.188e+02 2.291e+02 158902 
2.291e+02 2.399e+02 175018 
2.399e+02 2.512e+02 192135 
2.512e+02 2.630e+02 210836 
2.630e+02 2.754e+02 231006 
2.754e+02 2.884e+02 252966 
2.884e+02 3.020e+02 277415 
3.020e+02 3.162e+02 304548 
3.162e+02 3.311e+02 332706 
3.311e+02 3.467e+02 367500 
3.467e+02 3.631e+02 401029 
3.631e+02 3.802e+02 438747 
3.802e+02 3.981e+02 482201 
3.981e+02 4.169e+02 528684 
4.169e+02 4.365e+02 579406 
4.365e+02 4.571e+02 635429 
4.571e+02 4.786e+02 695351 
4.786e+02 5.012e+02 763106 
5.012e+02 5.248e+02 836697 
5.248e+02 5.495e+02 915780 
5.495e+02 5.754e+02 1006585 
5.754e+02 6.026e+02 1101488 
6.026e+02 6.310e+02 1209273 
6.310e+02 6.607e+02 1321674 
6.607e+02 6.918e+02 1453371 
6.918e+02 7.244e+02 1593609 
7.244e+02 7.586e+02 1746702 
7.586e+02 7.943e+02 1914330 
7.943e+02 8.318e+02 2101103 
8.318e+02 8.710e+02 2297695 
8.710e+02 9.120e+02 2523050 
9.120e+02 9.550e+02 2765237 
9.550e+02 1.000e+03 3029971 
1.000e+03 1.047e+03 3319724 
1.047e+03 1.096e+03 3639440 
1.096e+03 1.148e+03 3990872 
1.148e+03 1.202e+03 4379020 
1.202e+03 1.259e+03 4800642 
1.259e+03 1.318e+03 5258902 
1.318e+03 1.380e+03 5769868 
1.380e+03 1.445e+03 6319061 
1.445e+03 1.514e+03 6927637 
1.514e+03 1.585e+03 7589023 
1.585e+03 1.660e+03 8323181 
1.660e+03 1.738e+03 9126569 
1.738e+03 1.820e+03 10003378 
1.820e+03 1.905e+03 10957399 
1.905e+03 1.995e+03 12016739 
1.995e+03 2.089e+03 13162084 
2.089e+03 2.188e+03 14427450 
2.188e+03 2.291e+03 15820431 
2.291e+03 2.399e+03 17338573 
2.399e+03 2.512e+03 18993361 
2.512e+03 2.630e+03 20825411 
2.630e+03 2.754e+03 22814975 
2.754e+03 2.884e+03 25007752 
2.884e+03 3.020e+03 27398703 
3.020e+03 3.162e+03 30027367 
3.162e+03 3.311e+03 32917574 
3.311e+03 3.467e+03 36070825 
3.467e+03 3.631e+03 39507572 
3.631e+03 3.802e+03 43275378 
3.802e+03 3.981e+03 47421960 
3.981e+03 4.169e+03 51963039 
4.169e+03 4.365e+03 56929975 
4.365e+03 4.571e+03 62356311 
4.571e+03 4.786e+03 68321176 
4.786e+03 5.012e+03 74856591 
5.012e+03 5.248e+03 82004733 
5.248e+03 5.495e+03 89800774 
5.495e+03 5.754e+03 98365694 
5.754e+03 6.026e+03 107776950 
6.026e+03 6.310e+03 118027124 
6.310e+03 6.607e+03 129282871 
6.607e+03 6.918e+03 141543780 
6.918e+03 7.244e+03 155030454 
7.244e+03 7.586e+03 169753248 
7.586e+03 7.943e+03 185880925 
7.943e+03 8.318e+03 203459352 
8.318e+03 8.710e+03 222732069 
8.710e+03 9.120e+03 243793915 
9.120e+03 9.550e+03 266840064 
9.550e+03 1.000e+04 292046003 
1.000e+04 1.047e+04 319576780 
1.047e+04 1.096e+04 349719897 
1.096e+04 1.148e+04 382793198 
1.148e+04 1.202e+04 418656196 
1.202e+04 1.259e+04 457886157 
1.259e+04 1.318e+04 500778339 
1.318e+04 1.380e+04 547683101 
1.380e+04 1.445e+04 598941123 
1.445e+04 1.514e+04 654701610 
1.514e+04 1.585e+04 715533587 
1.585e+04 1.660e+04 781968724 
1.660e+04 1.738e+04 854224629 
1.738e+04 1.820e+04 932990698 
1.820e+04 1.905e+04 1019173333 
1.905e+04 1.995e+04 1113212832 
1.995e+04 2.089e+04 1215357587 
2.089e+04 2.188e+04 1326325496 
2.188e+04 2.291e+04 1447129898 
2.291e+04 2.399e+04 1578510708 
2.399e+04 2.512e+04 1721722816 
2.512e+04 2.630e+04 1876714706 
2.630e+04 2.754e+04 2044937937 
2.754e+04 2.884e+04 2227699787 
2.884e+04 3.020e+04 2426533583 
3.020e+04 3.162e+04 2641661949 
3.162e+04 3.311e+04 2874459386 
3.311e+04 3.467e+04 3126522349 
3.467e+04 3.631e+04 3398914895 
3.631e+04 3.802e+04 3693503056 
3.802e+04 3.981e+04 4011980931 
3.981e+04 4.169e+04 4354929564 
4.169e+04 4.365e+04 4725225039 
4.365e+04 4.571e+04 5123996804 
4.571e+04 4.786e+04 5552833108 
4.786e+04 5.012e+04 6012272969 
5.012e+04 5.248e+04 6502032232 
5.248e+04 5.495e+04 7026394692 
5.495e+04 5.754e+04 7586813807 
5.754e+04 6.026e+04 8180362761 
6.026e+04 6.310e+04 8807471641 
6.310e+04 6.607e+04 9466600234 
6.607e+04 6.918e+04 10161933557 
6.918e+04 7.244e+04 10893887706 
7.244e+04 7.586e+04 11664995221 
7.586e+04 7.943e+04 12474639555 
7.943e+04 8.318e+04 13326383095 
8.318e+04 8.710e+04 14213641231 
8.710e+04 9.120e+04 15133658896 
9.120e+04 9.550e+04 16072861683 
9.550e+04 1.000e+05 17039489344 
1.000e+05 1.047e+05 18028513807 
1.047e+05 1.096e+05 19025159853 
1.096e+05 1.148e+05 20011744177 
1.148e+05 1.202e+05 20965872707 
