1.000e+00 1.047e+00 0 
1.047e+00 1.096e+00 3 
1.096e+00 1.148e+00 7 
1.148e+00 1.202e+00 0 
1.202e+00 1.259e+00 2 
1.259e+00 1.318e+00 0 
1.318e+00 1.380e+00 0 
1.380e+00 1.445e+00 7 
1.445e+00 1.514e+00 9 
1.514e+00 1.585e+00 3 
1.585e+00 1.660e+00 4 
1.660e+00 1.738e+00 3 
1.738e+00 1.820e+00 11 
1.820e+00 1.905e+00 8 
1.905e+00 1.995e+00 9 
1.995e+00 2.089e+00 7 
2.089e+00 2.188e+00 13 
2.188e+00 2.291e+00 7 
2.291e+00 2.399e+00 8 
2.399e+00 2.512e+00 13 
2.512e+00 2.630e+00 18 
2.630e+00 2.754e+00 16 
2.754e+00 2.884e+00 23 
2.884e+00 3.020e+00 21 
3.020e+00 3.162e+00 25 
3.162e+00 3.311e+00 25 
3.311e+00 3.467e+00 25 
3.467e+00 3.631e+00 25 
3.631e+00 3.802e+00 26 
3.802e+00 3.981e+00 28 
3.981e+00 4.169e+00 35 
4.169e+00 4.365e+00 46 
4.365e+00 4.571e+00 38 
4.571e+00 4.786e+00 56 
4.786e+00 5.012e+00 54 
5.012e+00 5.248e+00 52 
5.248e+00 5.495e+00 58 
5.495e+00 5.754e+00 62 
5.754e+00 6.026e+00 79 
6.026e+00 6.310e+00 84 
6.310e+00 6.607e+00 91 
6.607e+00 6.918e+00 103 
6.918e+00 7.244e+00 106 
7.244e+00 7.586e+00 111 
7.586e+00 7.943e+00 135 
7.943e+00 8.318e+00 171 
8.318e+00 8.710e+00 164 
8.710e+00 9.120e+00 156 
9.120e+00 9.550e+00 182 
9.550e+00 1.000e+01 184 
1.000e+01 1.047e+01 247 
1.047e+01 1.096e+01 259 
1.096e+01 1.148e+01 259 
1.148e+01 1.202e+01 309 
1.202e+01 1.259e+01 299 
1.259e+01 1.318e+01 386 
1.318e+01 1.380e+01 376 
1.380e+01 1.445e+01 465 
1.445e+01 1.514e+01 445 
1.514e+01 1.585e+01 502 
1.585e+01 1.660e+01 573 
1.660e+01 1.738e+01 634 
1.738e+01 1.820e+01 631 
1.820e+01 1.905e+01 720 
1.905e+01 1.995e+01 888 
1.995e+01 2.089e+01 908 
2.089e+01 2.188e+01 979 
2.188e+01 2.291e+01 1025 
2.291e+01 2.399e+01 1225 
2.399e+01 2.512e+01 1360 
2.512e+01 2.630e+01 1393 
2.630e+01 2.754e+01 1580 
2.754e+01 2.884e+01 1700 
2.884e+01 3.020e+01 1906 
3.020e+01 3.162e+01 2065 
3.162e+01 3.311e+01 2291 
3.311e+01 3.467e+01 2508 
3.467e+01 3.631e+01 2581 
3.631e+01 3.802e+01 2972 
3.802e+01 3.981e+01 3309 
3.981e+01 4.169e+01 3583 
4.169e+01 4.365e+01 4043 
4.365e+01 4.571e+01 4311 
4.571e+01 4.786e+01 4708 
4.786e+01 5.012e+01 5350 
5.012e+01 5.248e+01 5584 
5.248e+01 5.495e+01 6156 
5.495e+01 5.754e+01 6937 
5.754e+01 6.026e+01 7494 
6.026e+01 6.310e+01 8112 
6.310e+01 6.607e+01 9106 
6.607e+01 6.918e+01 9909 
6.918e+01 7.244e+01 10964 
7.244e+01 7.586e+01 11877 
7.586e+01 7.943e+01 13163 
7.943e+01 8.318e+01 14478 
8.318e+01 8.710e+01 15587 
8.710e+01 9.120e+01 17061 
9.120e+01 9.550e+01 18898 
9.550e+01 1.000e+02 20581 
1.000e+02 1.047e+02 22549 
1.047e+02 1.096e+02 24533 
1.096e+02 1.148e+02 27426 
1.148e+02 1.202e+02 29977 
1.202e+02 1.259e+02 32467 
1.259e+02 1.318e+02 36389 
1.318e+02 1.380e+02 39447 
1.380e+02 1.445e+02 43200 
1.445e+02 1.514e+02 46945 
1.514e+02 1.585e+02 51726 
1.585e+02 1.660e+02 56723 
1.660e+02 1.738e+02 62151 
1.738e+02 1.820e+02 68904 
1.820e+02 1.905e+02 75235 
1.905e+02 1.995e+02 82330 
1.995e+02 2.089e+02 89804 
2.089e+02 2.188e+02 99032 
2.188e+02 2.291e+02 108666 
2.291e+02 2.399e+02 118604 
2.399e+02 2.512e+02 129848 
2.512e+02 2.630e+02 143182 
2.630e+02 2.754e+02 156446 
2.754e+02 2.884e+02 172486 
2.884e+02 3.020e+02 188552 
3.020e+02 3.162e+02 206668 
3.162e+02 3.311e+02 226277 
3.311e+02 3.467e+02 248479 
3.467e+02 3.631e+02 272498 
3.631e+02 3.802e+02 298676 
3.802e+02 3.981e+02 326902 
3.981e+02 4.169e+02 358685 
4.169e+02 4.365e+02 393245 
4.365e+02 4.571e+02 431947 
4.571e+02 4.786e+02 472482 
4.786e+02 5.012e+02 517533 
5.012e+02 5.248e+02 567860 
5.248e+02 5.495e+02 622712 
5.495e+02 5.754e+02 684410 
5.754e+02 6.026e+02 748475 
6.026e+02 6.310e+02 820561 
6.310e+02 6.607e+02 899912 
6.607e+02 6.918e+02 987517 
6.918e+02 7.244e+02 1080815 
7.244e+02 7.586e+02 1185419 
7.586e+02 7.943e+02 1299029 
7.943e+02 8.318e+02 1425665 
8.318e+02 8.710e+02 1560428 
8.710e+02 9.120e+02 1714260 
9.120e+02 9.550e+02 1878214 
9.550e+02 1.000e+03 2058334 
1.000e+03 1.047e+03 2259909 
1.047e+03 1.096e+03 2475549 
1.096e+03 1.148e+03 2713873 
1.148e+03 1.202e+03 2973672 
1.202e+03 1.259e+03 3262563 
1.259e+03 1.318e+03 3576227 
1.318e+03 1.380e+03 3916850 
1.380e+03 1.445e+03 4296875 
1.445e+03 1.514e+03 4705005 
1.514e+03 1.585e+03 5160870 
1.585e+03 1.660e+03 5647912 
1.660e+03 1.738e+03 6196658 
1.738e+03 1.820e+03 6796617 
1.820e+03 1.905e+03 7446721 
1.905e+03 1.995e+03 8163312 
1.995e+03 2.089e+03 8945599 
2.089e+03 2.188e+03 9808333 
2.188e+03 2.291e+03 10746033 
2.291e+03 2.399e+03 11772649 
2.399e+03 2.512e+03 12903507 
2.512e+03 2.630e+03 14138547 
2.630e+03 2.754e+03 15489299 
2.754e+03 2.884e+03 16980504 
2.884e+03 3.020e+03 18607937 
3.020e+03 3.162e+03 20395028 
3.162e+03 3.311e+03 22339486 
3.311e+03 3.467e+03 24473277 
3.467e+03 3.631e+03 26823696 
3.631e+03 3.802e+03 29384444 
3.802e+03 3.981e+03 32200370 
3.981e+03 4.169e+03 35271140 
4.169e+03 4.365e+03 38640007 
4.365e+03 4.571e+03 42319690 
4.571e+03 4.786e+03 46363785 
4.786e+03 5.012e+03 50795304 
5.012e+03 5.248e+03 55624790 
5.248e+03 5.495e+03 60916746 
5.495e+03 5.754e+03 66712952 
5.754e+03 6.026e+03 73038669 
6.026e+03 6.310e+03 79983735 
6.310e+03 6.607e+03 87598509 
6.607e+03 6.918e+03 95901313 
6.918e+03 7.244e+03 104989550 
7.244e+03 7.586e+03 114939207 
7.586e+03 7.943e+03 125817887 
7.943e+03 8.318e+03 137713738 
8.318e+03 8.710e+03 150704645 
8.710e+03 9.120e+03 164943953 
9.120e+03 9.550e+03 180474446 
9.550e+03 1.000e+04 197441012 
1.000e+04 1.047e+04 216035126 
1.047e+04 1.096e+04 236302779 
1.096e+04 1.148e+04 258498669 
1.148e+04 1.202e+04 282653824 
1.202e+04 1.259e+04 309088152 
1.259e+04 1.318e+04 337904433 
1.318e+04 1.380e+04 369414927 
1.380e+04 1.445e+04 403784774 
1.445e+04 1.514e+04 441307476 
1.514e+04 1.585e+04 482150746 
1.585e+04 1.660e+04 526753569 
1.660e+04 1.738e+04 575366370 
1.738e+04 1.820e+04 628321450 
1.820e+04 1.905e+04 686046793 
1.905e+04 1.995e+04 748808366 
1.995e+04 2.089e+04 817273987 
2.089e+04 2.188e+04 891725531 
2.188e+04 2.291e+04 972715489 
2.291e+04 2.399e+04 1060682659 
2.399e+04 2.512e+04 1156334709 
2.512e+04 2.630e+04 1260381122 
2.630e+04 2.754e+04 1373182141 
2.754e+04 2.884e+04 1495718998 
2.884e+04 3.020e+04 1628597947 
3.020e+04 3.162e+04 1772483072 
3.162e+04 3.311e+04 1928362701 
3.311e+04 3.467e+04 2096907466 
3.467e+04 3.631e+04 2279047200 
3.631e+04 3.802e+04 2475969704 
3.802e+04 3.981e+04 2688452978 
3.981e+04 4.169e+04 2917551353 
4.169e+04 4.365e+04 3164541012 
4.365e+04 4.571e+04 3430315952 
4.571e+04 4.786e+04 3715874072 
4.786e+04 5.012e+04 4022209869 
5.012e+04 5.248e+04 4350515223 
5.248e+04 5.495e+04 4701950618 
5.495e+04 5.754e+04 5077643046 
5.754e+04 6.026e+04 5478982093 
6.026e+04 6.310e+04 5905583955 
6.310e+04 6.607e+04 6358807571 
6.607e+04 6.918e+04 6838629864 
6.918e+04 7.244e+04 7345437403 
7.244e+04 7.586e+04 7879522738 
7.586e+04 7.943e+04 8440267840 
7.943e+04 8.318e+04 9025506377 
8.318e+04 8.710e+04 9635631374 
8.710e+04 9.120e+04 10269099752 
9.120e+04 9.550e+04 10922270221 
9.550e+04 1.000e+05 11592863505 
1.000e+05 1.047e+05 12276277658 
1.047e+05 1.096e+05 12964907587 
1.096e+05 1.148e+05 13654020797 
1.148e+05 1.202e+05 14331632343 
