1.000e+00 1.047e+00 3 
1.047e+00 1.096e+00 3 
1.096e+00 1.148e+00 6 
1.148e+00 1.202e+00 8 
1.202e+00 1.259e+00 3 
1.259e+00 1.318e+00 10 
1.318e+00 1.380e+00 5 
1.380e+00 1.445e+00 9 
1.445e+00 1.514e+00 16 
1.514e+00 1.585e+00 11 
1.585e+00 1.660e+00 10 
1.660e+00 1.738e+00 6 
1.738e+00 1.820e+00 20 
1.820e+00 1.905e+00 15 
1.905e+00 1.995e+00 16 
1.995e+00 2.089e+00 13 
2.089e+00 2.188e+00 22 
2.188e+00 2.291e+00 18 
2.291e+00 2.399e+00 22 
2.399e+00 2.512e+00 31 
2.512e+00 2.630e+00 31 
2.630e+00 2.754e+00 27 
2.754e+00 2.884e+00 30 
2.884e+00 3.020e+00 44 
3.020e+00 3.162e+00 44 
3.162e+00 3.311e+00 35 
3.311e+00 3.467e+00 48 
3.467e+00 3.631e+00 52 
3.631e+00 3.802e+00 68 
3.802e+00 3.981e+00 58 
3.981e+00 4.169e+00 81 
4.169e+00 4.365e+00 75 
4.365e+00 4.571e+00 87 
4.571e+00 4.786e+00 89 
4.786e+00 5.012e+00 76 
5.012e+00 5.248e+00 122 
5.248e+00 5.495e+00 130 
5.495e+00 5.754e+00 134 
5.754e+00 6.026e+00 144 
6.026e+00 6.310e+00 175 
6.310e+00 6.607e+00 167 
6.607e+00 6.918e+00 209 
6.918e+00 7.244e+00 221 
7.244e+00 7.586e+00 242 
7.586e+00 7.943e+00 246 
7.943e+00 8.318e+00 281 
8.318e+00 8.710e+00 310 
8.710e+00 9.120e+00 342 
9.120e+00 9.550e+00 380 
9.550e+00 1.000e+01 445 
1.000e+01 1.047e+01 457 
1.047e+01 1.096e+01 520 
1.096e+01 1.148e+01 499 
1.148e+01 1.202e+01 612 
1.202e+01 1.259e+01 606 
1.259e+01 1.318e+01 677 
1.318e+01 1.380e+01 825 
1.380e+01 1.445e+01 884 
1.445e+01 1.514e+01 941 
1.514e+01 1.585e+01 1079 
1.585e+01 1.660e+01 1190 
1.660e+01 1.738e+01 1256 
1.738e+01 1.820e+01 1417 
1.820e+01 1.905e+01 1465 
1.905e+01 1.995e+01 1678 
1.995e+01 2.089e+01 1742 
2.089e+01 2.188e+01 2032 
2.188e+01 2.291e+01 2160 
2.291e+01 2.399e+01 2383 
2.399e+01 2.512e+01 2682 
2.512e+01 2.630e+01 2884 
2.630e+01 2.754e+01 3124 
2.754e+01 2.884e+01 3351 
2.884e+01 3.020e+01 3745 
3.020e+01 3.162e+01 4066 
3.162e+01 3.311e+01 4415 
3.311e+01 3.467e+01 4939 
3.467e+01 3.631e+01 5249 
3.631e+01 3.802e+01 5731 
3.802e+01 3.981e+01 6477 
3.981e+01 4.169e+01 7343 
4.169e+01 4.365e+01 7809 
4.365e+01 4.571e+01 8539 
4.571e+01 4.786e+01 9266 
4.786e+01 5.012e+01 10343 
5.012e+01 5.248e+01 11350 
5.248e+01 5.495e+01 12279 
5.495e+01 5.754e+01 13514 
5.754e+01 6.026e+01 15015 
6.026e+01 6.310e+01 16326 
6.310e+01 6.607e+01 18050 
6.607e+01 6.918e+01 19659 
6.918e+01 7.244e+01 21270 
7.244e+01 7.586e+01 23585 
7.586e+01 7.943e+01 25861 
7.943e+01 8.318e+01 28369 
8.318e+01 8.710e+01 30908 
8.710e+01 9.120e+01 33786 
9.120e+01 9.550e+01 37344 
9.550e+01 1.000e+02 40845 
1.000e+02 1.047e+02 44907 
1.047e+02 1.096e+02 48757 
1.096e+02 1.148e+02 53732 
1.148e+02 1.202e+02 59216 
1.202e+02 1.259e+02 64898 
1.259e+02 1.318e+02 71263 
1.318e+02 1.380e+02 77942 
1.380e+02 1.445e+02 85512 
1.445e+02 1.514e+02 93577 
1.514e+02 1.585e+02 102164 
1.585e+02 1.660e+02 112702 
1.660e+02 1.738e+02 123199 
1.738e+02 1.820e+02 135611 
1.820e+02 1.905e+02 148757 
1.905e+02 1.995e+02 163269 
1.995e+02 2.089e+02 178299 
2.089e+02 2.188e+02 195995 
2.188e+02 2.291e+02 214273 
2.291e+02 2.399e+02 234793 
2.399e+02 2.512e+02 257677 
2.512e+02 2.630e+02 283137 
2.630e+02 2.754e+02 310603 
2.754e+02 2.884e+02 341202 
2.884e+02 3.020e+02 373228 
3.020e+02 3.162e+02 408441 
3.162e+02 3.311e+02 448726 
3.311e+02 3.467e+02 491750 
3.467e+02 3.631e+02 539719 
3.631e+02 3.802e+02 590629 
3.802e+02 3.981e+02 649371 
3.981e+02 4.169e+02 709872 
4.169e+02 4.365e+02 779332 
4.365e+02 4.571e+02 855028 
4.571e+02 4.786e+02 934883 
4.786e+02 5.012e+02 1027261 
5.012e+02 5.248e+02 1126529 
5.248e+02 5.495e+02 1236766 
5.495e+02 5.754e+02 1355671 
5.754e+02 6.026e+02 1485091 
6.026e+02 6.310e+02 1627369 
6.310e+02 6.607e+02 1783458 
6.607e+02 6.918e+02 1955064 
6.918e+02 7.244e+02 2139760 
7.244e+02 7.586e+02 2346030 
7.586e+02 7.943e+02 2575391 
7.943e+02 8.318e+02 2820041 
8.318e+02 8.710e+02 3096146 
8.710e+02 9.120e+02 3393791 
9.120e+02 9.550e+02 3721239 
9.550e+02 1.000e+03 4082737 
1.000e+03 1.047e+03 4470305 
1.047e+03 1.096e+03 4900338 
1.096e+03 1.148e+03 5374154 
1.148e+03 1.202e+03 5889676 
1.202e+03 1.259e+03 6456653 
1.259e+03 1.318e+03 7075660 
1.318e+03 1.380e+03 7753087 
1.380e+03 1.445e+03 8501928 
1.445e+03 1.514e+03 9317570 
1.514e+03 1.585e+03 10210542 
1.585e+03 1.660e+03 11191019 
1.660e+03 1.738e+03 12256602 
1.738e+03 1.820e+03 13442494 
1.820e+03 1.905e+03 14734384 
1.905e+03 1.995e+03 16136914 
1.995e+03 2.089e+03 17693352 
2.089e+03 2.188e+03 19390034 
2.188e+03 2.291e+03 21246370 
2.291e+03 2.399e+03 23276740 
2.399e+03 2.512e+03 25514879 
2.512e+03 2.630e+03 27952827 
2.630e+03 2.754e+03 30637927 
2.754e+03 2.884e+03 33574639 
2.884e+03 3.020e+03 36804003 
3.020e+03 3.162e+03 40322375 
3.162e+03 3.311e+03 44176532 
3.311e+03 3.467e+03 48396206 
3.467e+03 3.631e+03 53028804 
3.631e+03 3.802e+03 58113448 
3.802e+03 3.981e+03 63670256 
3.981e+03 4.169e+03 69749347 
4.169e+03 4.365e+03 76418837 
4.365e+03 4.571e+03 83705711 
4.571e+03 4.786e+03 91645587 
4.786e+03 5.012e+03 100400109 
5.012e+03 5.248e+03 109955000 
5.248e+03 5.495e+03 120452474 
5.495e+03 5.754e+03 131884052 
5.754e+03 6.026e+03 144451063 
6.026e+03 6.310e+03 158217004 
6.310e+03 6.607e+03 173185291 
6.607e+03 6.918e+03 189585969 
6.918e+03 7.244e+03 207597257 
7.244e+03 7.586e+03 227249012 
7.586e+03 7.943e+03 248716585 
7.943e+03 8.318e+03 272206237 
8.318e+03 8.710e+03 297957676 
8.710e+03 9.120e+03 326051113 
9.120e+03 9.550e+03 356796591 
9.550e+03 1.000e+04 390305828 
1.000e+04 1.047e+04 426948172 
1.047e+04 1.096e+04 467033012 
1.096e+04 1.148e+04 510773323 
1.148e+04 1.202e+04 558629634 
1.202e+04 1.259e+04 610855476 
1.259e+04 1.318e+04 667845083 
1.318e+04 1.380e+04 730058600 
1.380e+04 1.445e+04 797918942 
1.445e+04 1.514e+04 871775431 
1.514e+04 1.585e+04 952450162 
1.585e+04 1.660e+04 1040491169 
1.660e+04 1.738e+04 1136324947 
1.738e+04 1.820e+04 1240926451 
1.820e+04 1.905e+04 1354829983 
1.905e+04 1.995e+04 1479223544 
1.995e+04 2.089e+04 1614383207 
2.089e+04 2.188e+04 1761459416 
2.188e+04 2.291e+04 1921359592 
2.291e+04 2.399e+04 2095525887 
2.399e+04 2.512e+04 2284931271 
2.512e+04 2.630e+04 2490348870 
2.630e+04 2.754e+04 2713374240 
2.754e+04 2.884e+04 2956157208 
2.884e+04 3.020e+04 3218887774 
3.020e+04 3.162e+04 3503637234 
3.162e+04 3.311e+04 3812169797 
3.311e+04 3.467e+04 4146230973 
3.467e+04 3.631e+04 4508065731 
3.631e+04 3.802e+04 4899522827 
3.802e+04 3.981e+04 5321192246 
3.981e+04 4.169e+04 5776193259 
4.169e+04 4.365e+04 6267839031 
4.365e+04 4.571e+04 6797811861 
4.571e+04 4.786e+04 7365549331 
4.786e+04 5.012e+04 7977183002 
5.012e+04 5.248e+04 8634842199 
5.248e+04 5.495e+04 9340599088 
5.495e+04 5.754e+04 10094241858 
5.754e+04 6.026e+04 10896801192 
6.026e+04 6.310e+04 11749358155 
6.310e+04 6.607e+04 12653247314 
6.607e+04 6.918e+04 13605961792 
6.918e+04 7.244e+04 14609308647 
7.244e+04 7.586e+04 15664455933 
7.586e+04 7.943e+04 16775526138 
7.943e+04 8.318e+04 17945314086 
8.318e+04 8.710e+04 19167879683 
8.710e+04 9.120e+04 20435077818 
9.120e+04 9.550e+04 21735697936 
9.550e+04 1.000e+05 23064336544 
1.000e+05 1.047e+05 24407832024 
1.047e+05 1.096e+05 25759953495 
1.096e+05 1.148e+05 27110685658 
1.148e+05 1.202e+05 28463767169 
