1.000e+00 1.047e+00 0 
1.047e+00 1.096e+00 1 
1.096e+00 1.148e+00 8 
1.148e+00 1.202e+00 0 
1.202e+00 1.259e+00 3 
1.259e+00 1.318e+00 4 
1.318e+00 1.380e+00 3 
1.380e+00 1.445e+00 3 
1.445e+00 1.514e+00 9 
1.514e+00 1.585e+00 9 
1.585e+00 1.660e+00 5 
1.660e+00 1.738e+00 7 
1.738e+00 1.820e+00 3 
1.820e+00 1.905e+00 6 
1.905e+00 1.995e+00 5 
1.995e+00 2.089e+00 7 
2.089e+00 2.188e+00 8 
2.188e+00 2.291e+00 23 
2.291e+00 2.399e+00 7 
2.399e+00 2.512e+00 9 
2.512e+00 2.630e+00 26 
2.630e+00 2.754e+00 15 
2.754e+00 2.884e+00 16 
2.884e+00 3.020e+00 20 
3.020e+00 3.162e+00 12 
3.162e+00 3.311e+00 33 
3.311e+00 3.467e+00 26 
3.467e+00 3.631e+00 32 
3.631e+00 3.802e+00 20 
3.802e+00 3.981e+00 35 
3.981e+00 4.169e+00 42 
4.169e+00 4.365e+00 34 
4.365e+00 4.571e+00 36 
4.571e+00 4.786e+00 55 
4.786e+00 5.012e+00 40 
5.012e+00 5.248e+00 63 
5.248e+00 5.495e+00 71 
5.495e+00 5.754e+00 61 
5.754e+00 6.026e+00 70 
6.026e+00 6.310e+00 94 
6.310e+00 6.607e+00 97 
6.607e+00 6.918e+00 112 
6.918e+00 7.244e+00 118 
7.244e+00 7.586e+00 116 
7.586e+00 7.943e+00 129 
7.943e+00 8.318e+00 141 
8.318e+00 8.710e+00 154 
8.710e+00 9.120e+00 151 
9.120e+00 9.550e+00 204 
9.550e+00 1.000e+01 217 
1.000e+01 1.047e+01 224 
1.047e+01 1.096e+01 264 
1.096e+01 1.148e+01 270 
1.148e+01 1.202e+01 308 
1.202e+01 1.259e+01 325 
1.259e+01 1.318e+01 368 
1.318e+01 1.380e+01 440 
1.380e+01 1.445e+01 411 
1.445e+01 1.514e+01 456 
1.514e+01 1.585e+01 553 
1.585e+01 1.660e+01 571 
1.660e+01 1.738e+01 624 
1.738e+01 1.820e+01 682 
1.820e+01 1.905e+01 707 
1.905e+01 1.995e+01 824 
1.995e+01 2.089e+01 919 
2.089e+01 2.188e+01 997 
2.188e+01 2.291e+01 1128 
2.291e+01 2.399e+01 1194 
2.399e+01 2.512e+01 1363 
2.512e+01 2.630e+01 1426 
2.630e+01 2.754e+01 1581 
2.754e+01 2.884e+01 1712 
2.884e+01 3.020e+01 1904 
3.020e+01 3.162e+01 2025 
3.162e+01 3.311e+01 2311 
3.311e+01 3.467e+01 2501 
3.467e+01 3.631e+01 2717 
3.631e+01 3.802e+01 2928 
3.802e+01 3.981e+01 3210 
3.981e+01 4.169e+01 3583 
4.169e+01 4.365e+01 3907 
4.365e+01 4.571e+01 4261 
4.571e+01 4.786e+01 4749 
4.786e+01 5.012e+01 5180 
5.012e+01 5.248e+01 5740 
5.248e+01 5.495e+01 6169 
5.495e+01 5.754e+01 6892 
5.754e+01 6.026e+01 7468 
6.026e+01 6.310e+01 8331 
6.310e+01 6.607e+01 9020 
6.607e+01 6.918e+01 9898 
6.918e+01 7.244e+01 10823 
7.244e+01 7.586e+01 11926 
7.586e+01 7.943e+01 13021 
7.943e+01 8.318e+01 14619 
8.318e+01 8.710e+01 15616 
8.710e+01 9.120e+01 17307 
9.120e+01 9.550e+01 18754 
9.550e+01 1.000e+02 20658 
1.000e+02 1.047e+02 22557 
1.047e+02 1.096e+02 24831 
1.096e+02 1.148e+02 27389 
1.148e+02 1.202e+02 29835 
1.202e+02 1.259e+02 33030 
1.259e+02 1.318e+02 35659 
1.318e+02 1.380e+02 39060 
1.380e+02 1.445e+02 43073 
1.445e+02 1.514e+02 47332 
1.514e+02 1.585e+02 51977 
1.585e+02 1.660e+02 57180 
1.660e+02 1.738e+02 62849 
1.738e+02 1.820e+02 68570 
1.820e+02 1.905e+02 75271 
1.905e+02 1.995e+02 82163 
1.995e+02 2.089e+02 90062 
2.089e+02 2.188e+02 98883 
2.188e+02 2.291e+02 108834 
2.291e+02 2.399e+02 118664 
2.399e+02 2.512e+02 130406 
2.512e+02 2.630e+02 142770 
2.630e+02 2.754e+02 156575 
2.754e+02 2.884e+02 171510 
2.884e+02 3.020e+02 188710 
3.020e+02 3.162e+02 206636 
3.162e+02 3.311e+02 226980 
3.311e+02 3.467e+02 248072 
3.467e+02 3.631e+02 271954 
3.631e+02 3.802e+02 299288 
3.802e+02 3.981e+02 326681 
3.981e+02 4.169e+02 357169 
4.169e+02 4.365e+02 393600 
4.365e+02 4.571e+02 431755 
4.571e+02 4.786e+02 471701 
4.786e+02 5.012e+02 517432 
5.012e+02 5.248e+02 567734 
5.248e+02 5.495e+02 623076 
5.495e+02 5.754e+02 683013 
5.754e+02 6.026e+02 748775 
6.026e+02 6.310e+02 819522 
6.310e+02 6.607e+02 899789 
6.607e+02 6.918e+02 987614 
6.918e+02 7.244e+02 1080803 
7.244e+02 7.586e+02 1186013 
7.586e+02 7.943e+02 1298794 
7.943e+02 8.318e+02 1425283 
8.318e+02 8.710e+02 1562905 
8.710e+02 9.120e+02 1713407 
9.120e+02 9.550e+02 1877610 
9.550e+02 1.000e+03 2060138 
1.000e+03 1.047e+03 2255155 
1.047e+03 1.096e+03 2476867 
1.096e+03 1.148e+03 2712444 
1.148e+03 1.202e+03 2974032 
1.202e+03 1.259e+03 3257734 
1.259e+03 1.318e+03 3572876 
1.318e+03 1.380e+03 3917361 
1.380e+03 1.445e+03 4288332 
1.445e+03 1.514e+03 4703080 
1.514e+03 1.585e+03 5153327 
1.585e+03 1.660e+03 5651089 
1.660e+03 1.738e+03 6195037 
1.738e+03 1.820e+03 6788840 
1.820e+03 1.905e+03 7443085 
1.905e+03 1.995e+03 8155799 
1.995e+03 2.089e+03 8944992 
2.089e+03 2.188e+03 9804686 
2.188e+03 2.291e+03 10741662 
2.291e+03 2.399e+03 11768351 
2.399e+03 2.512e+03 12893186 
2.512e+03 2.630e+03 14133828 
2.630e+03 2.754e+03 15487151 
2.754e+03 2.884e+03 16975203 
2.884e+03 3.020e+03 18606097 
3.020e+03 3.162e+03 20384550 
3.162e+03 3.311e+03 22332138 
3.311e+03 3.467e+03 24477687 
3.467e+03 3.631e+03 26809292 
3.631e+03 3.802e+03 29372660 
3.802e+03 3.981e+03 32188060 
3.981e+03 4.169e+03 35248468 
4.169e+03 4.365e+03 38634042 
4.365e+03 4.571e+03 42322991 
4.571e+03 4.786e+03 46347745 
4.786e+03 5.012e+03 50772565 
5.012e+03 5.248e+03 55597883 
5.248e+03 5.495e+03 60905396 
5.495e+03 5.754e+03 66693456 
5.754e+03 6.026e+03 73047143 
6.026e+03 6.310e+03 79986726 
6.310e+03 6.607e+03 87578607 
6.607e+03 6.918e+03 95884972 
6.918e+03 7.244e+03 104976585 
7.244e+03 7.586e+03 114912556 
7.586e+03 7.943e+03 125798944 
7.943e+03 8.318e+03 137668571 
8.318e+03 8.710e+03 150666045 
8.710e+03 9.120e+03 164908434 
9.120e+03 9.550e+03 180449032 
9.550e+03 1.000e+04 197438362 
1.000e+04 1.047e+04 216007597 
1.047e+04 1.096e+04 236278522 
1.096e+04 1.148e+04 258418064 
1.148e+04 1.202e+04 282638883 
1.202e+04 1.259e+04 309059918 
1.259e+04 1.318e+04 337901620 
1.318e+04 1.380e+04 369378423 
1.380e+04 1.445e+04 403725106 
1.445e+04 1.514e+04 441233114 
1.514e+04 1.585e+04 482110311 
1.585e+04 1.660e+04 526681620 
1.660e+04 1.738e+04 575315500 
1.738e+04 1.820e+04 628278226 
1.820e+04 1.905e+04 686044259 
1.905e+04 1.995e+04 748902797 
1.995e+04 2.089e+04 817289059 
2.089e+04 2.188e+04 891701645 
2.188e+04 2.291e+04 972756943 
2.291e+04 2.399e+04 1060755944 
2.399e+04 2.512e+04 1156502951 
2.512e+04 2.630e+04 1260465571 
2.630e+04 2.754e+04 1373281465 
2.754e+04 2.884e+04 1495789440 
2.884e+04 3.020e+04 1628478308 
3.020e+04 3.162e+04 1772295888 
3.162e+04 3.311e+04 1928128488 
3.311e+04 3.467e+04 2096804501 
3.467e+04 3.631e+04 2278944157 
3.631e+04 3.802e+04 2475950082 
3.802e+04 3.981e+04 2688437898 
3.981e+04 4.169e+04 2917731892 
4.169e+04 4.365e+04 3165048397 
4.365e+04 4.571e+04 3431025898 
4.571e+04 4.786e+04 3716819669 
4.786e+04 5.012e+04 4023540898 
5.012e+04 5.248e+04 4352273698 
5.248e+04 5.495e+04 4704047250 
5.495e+04 5.754e+04 5079698707 
5.754e+04 6.026e+04 5480202658 
6.026e+04 6.310e+04 5906121690 
6.310e+04 6.607e+04 6359056752 
6.607e+04 6.918e+04 6838911381 
6.918e+04 7.244e+04 7345122684 
7.244e+04 7.586e+04 7879065712 
7.586e+04 7.943e+04 8439550562 
7.943e+04 8.318e+04 9025540437 
8.318e+04 8.710e+04 9636899118 
8.710e+04 9.120e+04 10270199756 
9.120e+04 9.550e+04 10923574074 
9.550e+04 1.000e+05 11594257520 
1.000e+05 1.047e+05 12276554049 
1.047e+05 1.096e+05 12965508821 
1.096e+05 1.148e+05 13654278300 
1.148e+05 1.202e+05 14333153763 
