1.000e+00 1.047e+00 1 
1.047e+00 1.096e+00 3 
1.096e+00 1.148e+00 2 
1.148e+00 1.202e+00 2 
1.202e+00 1.259e+00 3 
1.259e+00 1.318e+00 2 
1.318e+00 1.380e+00 3 
1.380e+00 1.445e+00 3 
1.445e+00 1.514e+00 9 
1.514e+00 1.585e+00 4 
1.585e+00 1.660e+00 10 
1.660e+00 1.738e+00 2 
1.738e+00 1.820e+00 3 
1.820e+00 1.905e+00 9 
1.905e+00 1.995e+00 7 
1.995e+00 2.089e+00 2 
2.089e+00 2.188e+00 8 
2.188e+00 2.291e+00 13 
2.291e+00 2.399e+00 10 
2.399e+00 2.512e+00 7 
2.512e+00 2.630e+00 10 
2.630e+00 2.754e+00 7 
2.754e+00 2.884e+00 6 
2.884e+00 3.020e+00 13 
3.020e+00 3.162e+00 7 
3.162e+00 3.311e+00 13 
3.311e+00 3.467e+00 15 
3.467e+00 3.631e+00 13 
3.631e+00 3.802e+00 22 
3.802e+00 3.981e+00 25 
3.981e+00 4.169e+00 24 
4.169e+00 4.365e+00 22 
4.365e+00 4.571e+00 24 
4.571e+00 4.786e+00 30 
4.786e+00 5.012e+00 24 
5.012e+00 5.248e+00 35 
5.248e+00 5.495e+00 27 
5.495e+00 5.754e+00 42 
5.754e+00 6.026e+00 54 
6.026e+00 6.310e+00 49 
6.310e+00 6.607e+00 55 
6.607e+00 6.918e+00 65 
6.918e+00 7.244e+00 59 
7.244e+00 7.586e+00 74 
7.586e+00 7.943e+00 73 
7.943e+00 8.318e+00 107 
8.318e+00 8.710e+00 98 
8.710e+00 9.120e+00 91 
9.120e+00 9.550e+00 111 
9.550e+00 1.000e+01 131 
1.000e+01 1.047e+01 168 
1.047e+01 1.096e+01 137 
1.096e+01 1.148e+01 155 
1.148e+01 1.202e+01 203 
1.202e+01 1.259e+01 241 
1.259e+01 1.318e+01 250 
1.318e+01 1.380e+01 246 
1.380e+01 1.445e+01 299 
1.445e+01 1.514e+01 291 
1.514e+01 1.585e+01 300 
1.585e+01 1.660e+01 340 
1.660e+01 1.738e+01 403 
1.738e+01 1.820e+01 447 
1.820e+01 1.905e+01 514 
1.905e+01 1.995e+01 545 
1.995e+01 2.089e+01 559 
2.089e+01 2.188e+01 648 
2.188e+01 2.291e+01 695 
2.291e+01 2.399e+01 812 
2.399e+01 2.512e+01 805 
2.512e+01 2.630e+01 893 
2.630e+01 2.754e+01 982 
2.754e+01 2.884e+01 1049 
2.884e+01 3.020e+01 1231 
3.020e+01 3.162e+01 1320 
3.162e+01 3.311e+01 1460 
3.311e+01 3.467e+01 1570 
3.467e+01 3.631e+01 1765 
3.631e+01 3.802e+01 1929 
3.802e+01 3.981e+01 2037 
3.981e+01 4.169e+01 2267 
4.169e+01 4.365e+01 2460 
4.365e+01 4.571e+01 2748 
4.571e+01 4.786e+01 3017 
4.786e+01 5.012e+01 3308 
5.012e+01 5.248e+01 3553 
5.248e+01 5.495e+01 3874 
5.495e+01 5.754e+01 4432 
5.754e+01 6.026e+01 4713 
6.026e+01 6.310e+01 5264 
6.310e+01 6.607e+01 5750 
6.607e+01 6.918e+01 6228 
6.918e+01 7.244e+01 6816 
7.244e+01 7.586e+01 7537 
7.586e+01 7.943e+01 8209 
7.943e+01 8.318e+01 9088 
8.318e+01 8.710e+01 9831 
8.710e+01 9.120e+01 11177 
9.120e+01 9.550e+01 11923 
9.550e+01 1.000e+02 13163 
1.000e+02 1.047e+02 14283 
1.047e+02 1.096e+02 15828 
1.096e+02 1.148e+02 17232 
1.148e+02 1.202e+02 19152 
1.202e+02 1.259e+02 20456 
1.259e+02 1.318e+02 23019 
1.318e+02 1.380e+02 25008 
1.380e+02 1.445e+02 27357 
1.445e+02 1.514e+02 30366 
1.514e+02 1.585e+02 33404 
1.585e+02 1.660e+02 36291 
1.660e+02 1.738e+02 39774 
1.738e+02 1.820e+02 43641 
1.820e+02 1.905e+02 47921 
1.905e+02 1.995e+02 52189 
1.995e+02 2.089e+02 57399 
2.089e+02 2.188e+02 62450 
2.188e+02 2.291e+02 68789 
2.291e+02 2.399e+02 75890 
2.399e+02 2.512e+02 83053 
2.512e+02 2.630e+02 90569 
2.630e+02 2.754e+02 99797 
2.754e+02 2.884e+02 109503 
2.884e+02 3.020e+02 119695 
3.020e+02 3.162e+02 130998 
3.162e+02 3.311e+02 143798 
3.311e+02 3.467e+02 157875 
3.467e+02 3.631e+02 172776 
3.631e+02 3.802e+02 189678 
3.802e+02 3.981e+02 207921 
3.981e+02 4.169e+02 227668 
4.169e+02 4.365e+02 250376 
4.365e+02 4.571e+02 274210 
4.571e+02 4.786e+02 301086 
4.786e+02 5.012e+02 328844 
5.012e+02 5.248e+02 361556 
5.248e+02 5.495e+02 396016 
5.495e+02 5.754e+02 434744 
5.754e+02 6.026e+02 477250 
6.026e+02 6.310e+02 521908 
6.310e+02 6.607e+02 572285 
6.607e+02 6.918e+02 627224 
6.918e+02 7.244e+02 687395 
7.244e+02 7.586e+02 754841 
7.586e+02 7.943e+02 826793 
7.943e+02 8.318e+02 906149 
8.318e+02 8.710e+02 994373 
8.710e+02 9.120e+02 1088429 
9.120e+02 9.550e+02 1194208 
9.550e+02 1.000e+03 1309643 
1.000e+03 1.047e+03 1435376 
1.047e+03 1.096e+03 1572593 
1.096e+03 1.148e+03 1724748 
1.148e+03 1.202e+03 1890628 
1.202e+03 1.259e+03 2071773 
1.259e+03 1.318e+03 2272324 
1.318e+03 1.380e+03 2491757 
1.380e+03 1.445e+03 2732832 
1.445e+03 1.514e+03 2993733 
1.514e+03 1.585e+03 3284480 
1.585e+03 1.660e+03 3598590 
1.660e+03 1.738e+03 3940536 
1.738e+03 1.820e+03 4326257 
1.820e+03 1.905e+03 4741980 
1.905e+03 1.995e+03 5196360 
1.995e+03 2.089e+03 5689427 
2.089e+03 2.188e+03 6241061 
2.188e+03 2.291e+03 6837207 
2.291e+03 2.399e+03 7497121 
2.399e+03 2.512e+03 8220253 
2.512e+03 2.630e+03 9007613 
2.630e+03 2.754e+03 9872263 
2.754e+03 2.884e+03 10818297 
2.884e+03 3.020e+03 11850554 
3.020e+03 3.162e+03 12994217 
3.162e+03 3.311e+03 14228006 
3.311e+03 3.467e+03 15588249 
3.467e+03 3.631e+03 17094976 
3.631e+03 3.802e+03 18729988 
3.802e+03 3.981e+03 20509167 
3.981e+03 4.169e+03 22462481 
4.169e+03 4.365e+03 24614211 
4.365e+03 4.571e+03 26970694 
4.571e+03 4.786e+03 29550253 
4.786e+03 5.012e+03 32355658 
5.012e+03 5.248e+03 35452712 
5.248e+03 5.495e+03 38821847 
5.495e+03 5.754e+03 42539487 
5.754e+03 6.026e+03 46582919 
6.026e+03 6.310e+03 51009246 
6.310e+03 6.607e+03 55863961 
6.607e+03 6.918e+03 61172756 
6.918e+03 7.244e+03 66961323 
7.244e+03 7.586e+03 73325778 
7.586e+03 7.943e+03 80268148 
7.943e+03 8.318e+03 87882367 
8.318e+03 8.710e+03 96181770 
8.710e+03 9.120e+03 105281337 
9.120e+03 9.550e+03 115283077 
9.550e+03 1.000e+04 126192810 
1.000e+04 1.047e+04 138139281 
1.047e+04 1.096e+04 151163578 
1.096e+04 1.148e+04 165427863 
1.148e+04 1.202e+04 181041779 
1.202e+04 1.259e+04 198027936 
1.259e+04 1.318e+04 216632428 
1.318e+04 1.380e+04 236936241 
1.380e+04 1.445e+04 259139123 
1.445e+04 1.514e+04 283356612 
1.514e+04 1.585e+04 309774007 
1.585e+04 1.660e+04 338528463 
1.660e+04 1.738e+04 369911714 
1.738e+04 1.820e+04 404138330 
1.820e+04 1.905e+04 441501433 
1.905e+04 1.995e+04 482264295 
1.995e+04 2.089e+04 526577610 
2.089e+04 2.188e+04 574959139 
2.188e+04 2.291e+04 627403071 
2.291e+04 2.399e+04 684618355 
2.399e+04 2.512e+04 746948371 
2.512e+04 2.630e+04 814641627 
2.630e+04 2.754e+04 888123725 
2.754e+04 2.884e+04 967852498 
2.884e+04 3.020e+04 1054695260 
3.020e+04 3.162e+04 1148838069 
3.162e+04 3.311e+04 1250883842 
3.311e+04 3.467e+04 1361553491 
3.467e+04 3.631e+04 1481298985 
3.631e+04 3.802e+04 1611181289 
3.802e+04 3.981e+04 1751962482 
3.981e+04 4.169e+04 1903075509 
4.169e+04 4.365e+04 2066346240 
4.365e+04 4.571e+04 2241398289 
4.571e+04 4.786e+04 2429508462 
4.786e+04 5.012e+04 2631208532 
5.012e+04 5.248e+04 2846637164 
5.248e+04 5.495e+04 3078076321 
5.495e+04 5.754e+04 3326013530 
5.754e+04 6.026e+04 3590350499 
6.026e+04 6.310e+04 3871110245 
6.310e+04 6.607e+04 4169222661 
6.607e+04 6.918e+04 4487022224 
6.918e+04 7.244e+04 4822022529 
7.244e+04 7.586e+04 5174236836 
7.586e+04 7.943e+04 5544402181 
7.943e+04 8.318e+04 5932793278 
8.318e+04 8.710e+04 6336138140 
8.710e+04 9.120e+04 6753773767 
9.120e+04 9.550e+04 7184845019 
9.550e+04 1.000e+05 7624708395 
1.000e+05 1.047e+05 8060933635 
1.047e+05 1.096e+05 8491798864 
1.096e+05 1.148e+05 8918634842 
1.148e+05 1.202e+05 9334585496 
