1.000e+00 1.047e+00 2 
1.047e+00 1.096e+00 4 
1.096e+00 1.148e+00 6 
1.148e+00 1.202e+00 3 
1.202e+00 1.259e+00 5 
1.259e+00 1.318e+00 3 
1.318e+00 1.380e+00 2 
1.380e+00 1.445e+00 4 
1.445e+00 1.514e+00 9 
1.514e+00 1.585e+00 5 
1.585e+00 1.660e+00 7 
1.660e+00 1.738e+00 1 
1.738e+00 1.820e+00 11 
1.820e+00 1.905e+00 14 
1.905e+00 1.995e+00 3 
1.995e+00 2.089e+00 7 
2.089e+00 2.188e+00 11 
2.188e+00 2.291e+00 8 
2.291e+00 2.399e+00 8 
2.399e+00 2.512e+00 7 
2.512e+00 2.630e+00 24 
2.630e+00 2.754e+00 19 
2.754e+00 2.884e+00 16 
2.884e+00 3.020e+00 25 
3.020e+00 3.162e+00 19 
3.162e+00 3.311e+00 24 
3.311e+00 3.467e+00 24 
3.467e+00 3.631e+00 38 
3.631e+00 3.802e+00 36 
3.802e+00 3.981e+00 26 
3.981e+00 4.169e+00 34 
4.169e+00 4.365e+00 58 
4.365e+00 4.571e+00 38 
4.571e+00 4.786e+00 59 
4.786e+00 5.012e+00 47 
5.012e+00 5.248e+00 61 
5.248e+00 5.495e+00 55 
5.495e+00 5.754e+00 65 
5.754e+00 6.026e+00 73 
6.026e+00 6.310e+00 83 
6.310e+00 6.607e+00 98 
6.607e+00 6.918e+00 88 
6.918e+00 7.244e+00 107 
7.244e+00 7.586e+00 109 
7.586e+00 7.943e+00 118 
7.943e+00 8.318e+00 150 
8.318e+00 8.710e+00 156 
8.710e+00 9.120e+00 166 
9.120e+00 9.550e+00 179 
9.550e+00 1.000e+01 198 
1.000e+01 1.047e+01 239 
1.047e+01 1.096e+01 253 
1.096e+01 1.148e+01 295 
1.148e+01 1.202e+01 293 
1.202e+01 1.259e+01 324 
1.259e+01 1.318e+01 373 
1.318e+01 1.380e+01 402 
1.380e+01 1.445e+01 434 
1.445e+01 1.514e+01 492 
1.514e+01 1.585e+01 538 
1.585e+01 1.660e+01 553 
1.660e+01 1.738e+01 605 
1.738e+01 1.820e+01 671 
1.820e+01 1.905e+01 775 
1.905e+01 1.995e+01 849 
1.995e+01 2.089e+01 903 
2.089e+01 2.188e+01 962 
2.188e+01 2.291e+01 1112 
2.291e+01 2.399e+01 1224 
2.399e+01 2.512e+01 1328 
2.512e+01 2.630e+01 1512 
2.630e+01 2.754e+01 1626 
2.754e+01 2.884e+01 1749 
2.884e+01 3.020e+01 1898 
3.020e+01 3.162e+01 2060 
3.162e+01 3.311e+01 2252 
3.311e+01 3.467e+01 2501 
3.467e+01 3.631e+01 2695 
3.631e+01 3.802e+01 3044 
3.802e+01 3.981e+01 3335 
3.981e+01 4.169e+01 3630 
4.169e+01 4.365e+01 4075 
4.365e+01 4.571e+01 4340 
4.571e+01 4.786e+01 4825 
4.786e+01 5.012e+01 5206 
5.012e+01 5.248e+01 5702 
5.248e+01 5.495e+01 6245 
5.495e+01 5.754e+01 6900 
5.754e+01 6.026e+01 7501 
6.026e+01 6.310e+01 8224 
6.310e+01 6.607e+01 9044 
6.607e+01 6.918e+01 10063 
6.918e+01 7.244e+01 10879 
7.244e+01 7.586e+01 11921 
7.586e+01 7.943e+01 12888 
7.943e+01 8.318e+01 14188 
8.318e+01 8.710e+01 15795 
8.710e+01 9.120e+01 16937 
9.120e+01 9.550e+01 18720 
9.550e+01 1.000e+02 20538 
1.000e+02 1.047e+02 22651 
1.047e+02 1.096e+02 24671 
1.096e+02 1.148e+02 27204 
1.148e+02 1.202e+02 29892 
1.202e+02 1.259e+02 32704 
1.259e+02 1.318e+02 35969 
1.318e+02 1.380e+02 39172 
1.380e+02 1.445e+02 43364 
1.445e+02 1.514e+02 47451 
1.514e+02 1.585e+02 51945 
1.585e+02 1.660e+02 56975 
1.660e+02 1.738e+02 62050 
1.738e+02 1.820e+02 68798 
1.820e+02 1.905e+02 75260 
1.905e+02 1.995e+02 82556 
1.995e+02 2.089e+02 90271 
2.089e+02 2.188e+02 98983 
2.188e+02 2.291e+02 108189 
2.291e+02 2.399e+02 118168 
2.399e+02 2.512e+02 130434 
2.512e+02 2.630e+02 143283 
2.630e+02 2.754e+02 156619 
2.754e+02 2.884e+02 171617 
2.884e+02 3.020e+02 188653 
3.020e+02 3.162e+02 207033 
3.162e+02 3.311e+02 225650 
3.311e+02 3.467e+02 248754 
3.467e+02 3.631e+02 272445 
3.631e+02 3.802e+02 298427 
3.802e+02 3.981e+02 327270 
3.981e+02 4.169e+02 358692 
4.169e+02 4.365e+02 392186 
4.365e+02 4.571e+02 431021 
4.571e+02 4.786e+02 473310 
4.786e+02 5.012e+02 519223 
5.012e+02 5.248e+02 567317 
5.248e+02 5.495e+02 622631 
5.495e+02 5.754e+02 683020 
5.754e+02 6.026e+02 748855 
6.026e+02 6.310e+02 821919 
6.310e+02 6.607e+02 900571 
6.607e+02 6.918e+02 986597 
6.918e+02 7.244e+02 1083097 
7.244e+02 7.586e+02 1186236 
7.586e+02 7.943e+02 1301611 
7.943e+02 8.318e+02 1426335 
8.318e+02 8.710e+02 1562359 
8.710e+02 9.120e+02 1711529 
9.120e+02 9.550e+02 1879321 
9.550e+02 1.000e+03 2060222 
1.000e+03 1.047e+03 2257368 
1.047e+03 1.096e+03 2474219 
1.096e+03 1.148e+03 2708966 
1.148e+03 1.202e+03 2973616 
1.202e+03 1.259e+03 3260975 
1.259e+03 1.318e+03 3574148 
1.318e+03 1.380e+03 3923339 
1.380e+03 1.445e+03 4296700 
1.445e+03 1.514e+03 4699574 
1.514e+03 1.585e+03 5159758 
1.585e+03 1.660e+03 5653461 
1.660e+03 1.738e+03 6195963 
1.738e+03 1.820e+03 6796099 
1.820e+03 1.905e+03 7443396 
1.905e+03 1.995e+03 8160154 
1.995e+03 2.089e+03 8944349 
2.089e+03 2.188e+03 9804531 
2.188e+03 2.291e+03 10741417 
2.291e+03 2.399e+03 11775491 
2.399e+03 2.512e+03 12899101 
2.512e+03 2.630e+03 14140990 
2.630e+03 2.754e+03 15493079 
2.754e+03 2.884e+03 16982676 
2.884e+03 3.020e+03 18606717 
3.020e+03 3.162e+03 20392676 
3.162e+03 3.311e+03 22352627 
3.311e+03 3.467e+03 24478543 
3.467e+03 3.631e+03 26823575 
3.631e+03 3.802e+03 29376297 
3.802e+03 3.981e+03 32194741 
3.981e+03 4.169e+03 35260057 
4.169e+03 4.365e+03 38636442 
4.365e+03 4.571e+03 42317467 
4.571e+03 4.786e+03 46354563 
4.786e+03 5.012e+03 50779268 
5.012e+03 5.248e+03 55603821 
5.248e+03 5.495e+03 60910479 
5.495e+03 5.754e+03 66696581 
5.754e+03 6.026e+03 73066798 
6.026e+03 6.310e+03 80015219 
6.310e+03 6.607e+03 87611737 
6.607e+03 6.918e+03 95903318 
6.918e+03 7.244e+03 105008370 
7.244e+03 7.586e+03 114940522 
7.586e+03 7.943e+03 125820232 
7.943e+03 8.318e+03 137707579 
8.318e+03 8.710e+03 150726342 
8.710e+03 9.120e+03 164966207 
9.120e+03 9.550e+03 180452635 
9.550e+03 1.000e+04 197498891 
1.000e+04 1.047e+04 216062519 
1.047e+04 1.096e+04 236346370 
1.096e+04 1.148e+04 258470144 
1.148e+04 1.202e+04 282679576 
1.202e+04 1.259e+04 309198401 
1.259e+04 1.318e+04 338003168 
1.318e+04 1.380e+04 369461201 
1.380e+04 1.445e+04 403853962 
1.445e+04 1.514e+04 441368018 
1.514e+04 1.585e+04 482235267 
1.585e+04 1.660e+04 526837378 
1.660e+04 1.738e+04 575489143 
1.738e+04 1.820e+04 628435486 
1.820e+04 1.905e+04 686127764 
1.905e+04 1.995e+04 749017008 
1.995e+04 2.089e+04 817360057 
2.089e+04 2.188e+04 891842806 
2.188e+04 2.291e+04 972864227 
2.291e+04 2.399e+04 1060793665 
2.399e+04 2.512e+04 1156395897 
2.512e+04 2.630e+04 1260251280 
2.630e+04 2.754e+04 1373045522 
2.754e+04 2.884e+04 1495466145 
2.884e+04 3.020e+04 1628208404 
3.020e+04 3.162e+04 1771944865 
3.162e+04 3.311e+04 1927701978 
3.311e+04 3.467e+04 2096340560 
3.467e+04 3.631e+04 2278568695 
3.631e+04 3.802e+04 2475437223 
3.802e+04 3.981e+04 2688041426 
3.981e+04 4.169e+04 2917144438 
4.169e+04 4.365e+04 3164013481 
4.365e+04 4.571e+04 3429576593 
4.571e+04 4.786e+04 3714749087 
4.786e+04 5.012e+04 4021213670 
5.012e+04 5.248e+04 4349713992 
5.248e+04 5.495e+04 4700793205 
5.495e+04 5.754e+04 5076398985 
5.754e+04 6.026e+04 5477026752 
6.026e+04 6.310e+04 5902910179 
6.310e+04 6.607e+04 6355794808 
6.607e+04 6.918e+04 6835742835 
6.918e+04 7.244e+04 7342364901 
7.244e+04 7.586e+04 7876381623 
7.586e+04 7.943e+04 8436723033 
7.943e+04 8.318e+04 9022260748 
8.318e+04 8.710e+04 9632569733 
8.710e+04 9.120e+04 10265504708 
9.120e+04 9.550e+04 10917926250 
9.550e+04 1.000e+05 11587951165 
1.000e+05 1.047e+05 12270383009 
1.047e+05 1.096e+05 12958485191 
1.096e+05 1.148e+05 13647260952 
1.148e+05 1.202e+05 14326264663 
