1.000e+00 1.047e+00 3 
1.047e+00 1.096e+00 7 
1.096e+00 1.148e+00 5 
1.148e+00 1.202e+00 6 
1.202e+00 1.259e+00 3 
1.259e+00 1.318e+00 7 
1.318e+00 1.380e+00 5 
1.380e+00 1.445e+00 10 
1.445e+00 1.514e+00 9 
1.514e+00 1.585e+00 6 
1.585e+00 1.660e+00 12 
1.660e+00 1.738e+00 10 
1.738e+00 1.820e+00 19 
1.820e+00 1.905e+00 15 
1.905e+00 1.995e+00 11 
1.995e+00 2.089e+00 16 
2.089e+00 2.188e+00 25 
2.188e+00 2.291e+00 17 
2.291e+00 2.399e+00 11 
2.399e+00 2.512e+00 22 
2.512e+00 2.630e+00 34 
2.630e+00 2.754e+00 25 
2.754e+00 2.884e+00 31 
2.884e+00 3.020e+00 45 
3.020e+00 3.162e+00 30 
3.162e+00 3.311e+00 46 
3.311e+00 3.467e+00 31 
3.467e+00 3.631e+00 65 
3.631e+00 3.802e+00 68 
3.802e+00 3.981e+00 41 
3.981e+00 4.169e+00 77 
4.169e+00 4.365e+00 79 
4.365e+00 4.571e+00 76 
4.571e+00 4.786e+00 73 
4.786e+00 5.012e+00 76 
5.012e+00 5.248e+00 107 
5.248e+00 5.495e+00 107 
5.495e+00 5.754e+00 90 
5.754e+00 6.026e+00 130 
6.026e+00 6.310e+00 150 
6.310e+00 6.607e+00 160 
6.607e+00 6.918e+00 187 
6.918e+00 7.244e+00 219 
7.244e+00 7.586e+00 191 
7.586e+00 7.943e+00 232 
7.943e+00 8.318e+00 248 
8.318e+00 8.710e+00 284 
8.710e+00 9.120e+00 315 
9.120e+00 9.550e+00 336 
9.550e+00 1.000e+01 385 
1.000e+01 1.047e+01 420 
1.047e+01 1.096e+01 447 
1.096e+01 1.148e+01 446 
1.148e+01 1.202e+01 524 
1.202e+01 1.259e+01 564 
1.259e+01 1.318e+01 669 
1.318e+01 1.380e+01 718 
1.380e+01 1.445e+01 763 
1.445e+01 1.514e+01 828 
1.514e+01 1.585e+01 862 
1.585e+01 1.660e+01 1022 
1.660e+01 1.738e+01 1172 
1.738e+01 1.820e+01 1189 
1.820e+01 1.905e+01 1350 
1.905e+01 1.995e+01 1515 
1.995e+01 2.089e+01 1612 
2.089e+01 2.188e+01 1783 
2.188e+01 2.291e+01 1909 
2.291e+01 2.399e+01 2190 
2.399e+01 2.512e+01 2360 
2.512e+01 2.630e+01 2604 
2.630e+01 2.754e+01 2772 
2.754e+01 2.884e+01 3012 
2.884e+01 3.020e+01 3326 
3.020e+01 3.162e+01 3624 
3.162e+01 3.311e+01 3965 
3.311e+01 3.467e+01 4421 
3.467e+01 3.631e+01 4934 
3.631e+01 3.802e+01 5359 
3.802e+01 3.981e+01 5919 
3.981e+01 4.169e+01 6365 
4.169e+01 4.365e+01 7049 
4.365e+01 4.571e+01 7633 
4.571e+01 4.786e+01 8600 
4.786e+01 5.012e+01 9362 
5.012e+01 5.248e+01 10196 
5.248e+01 5.495e+01 11141 
5.495e+01 5.754e+01 12298 
5.754e+01 6.026e+01 13263 
6.026e+01 6.310e+01 14790 
6.310e+01 6.607e+01 15908 
6.607e+01 6.918e+01 17771 
6.918e+01 7.244e+01 19337 
7.244e+01 7.586e+01 21232 
7.586e+01 7.943e+01 23188 
7.943e+01 8.318e+01 25396 
8.318e+01 8.710e+01 27735 
8.710e+01 9.120e+01 30691 
9.120e+01 9.550e+01 33539 
9.550e+01 1.000e+02 37230 
1.000e+02 1.047e+02 40551 
1.047e+02 1.096e+02 44562 
1.096e+02 1.148e+02 48885 
1.148e+02 1.202e+02 53271 
1.202e+02 1.259e+02 58313 
1.259e+02 1.318e+02 63914 
1.318e+02 1.380e+02 70290 
1.380e+02 1.445e+02 77078 
1.445e+02 1.514e+02 84090 
1.514e+02 1.585e+02 92802 
1.585e+02 1.660e+02 101464 
1.660e+02 1.738e+02 111155 
1.738e+02 1.820e+02 121281 
1.820e+02 1.905e+02 133726 
1.905e+02 1.995e+02 147002 
1.995e+02 2.089e+02 161036 
2.089e+02 2.188e+02 175772 
2.188e+02 2.291e+02 193877 
2.291e+02 2.399e+02 211440 
2.399e+02 2.512e+02 232350 
2.512e+02 2.630e+02 256057 
2.630e+02 2.754e+02 279938 
2.754e+02 2.884e+02 306318 
2.884e+02 3.020e+02 336739 
3.020e+02 3.162e+02 369582 
3.162e+02 3.311e+02 404738 
3.311e+02 3.467e+02 444330 
3.467e+02 3.631e+02 485017 
3.631e+02 3.802e+02 532259 
3.802e+02 3.981e+02 584093 
3.981e+02 4.169e+02 639543 
4.169e+02 4.365e+02 703638 
4.365e+02 4.571e+02 769666 
4.571e+02 4.786e+02 843316 
4.786e+02 5.012e+02 924707 
5.012e+02 5.248e+02 1014453 
5.248e+02 5.495e+02 1114233 
5.495e+02 5.754e+02 1220377 
5.754e+02 6.026e+02 1335439 
6.026e+02 6.310e+02 1464536 
6.310e+02 6.607e+02 1606421 
6.607e+02 6.918e+02 1760682 
6.918e+02 7.244e+02 1928198 
7.244e+02 7.586e+02 2112924 
7.586e+02 7.943e+02 2319602 
7.943e+02 8.318e+02 2542436 
8.318e+02 8.710e+02 2790656 
8.710e+02 9.120e+02 3058903 
9.120e+02 9.550e+02 3353932 
9.550e+02 1.000e+03 3671465 
1.000e+03 1.047e+03 4024416 
1.047e+03 1.096e+03 4415021 
1.096e+03 1.148e+03 4839576 
1.148e+03 1.202e+03 5301206 
1.202e+03 1.259e+03 5815530 
1.259e+03 1.318e+03 6374059 
1.318e+03 1.380e+03 6987891 
1.380e+03 1.445e+03 7656614 
1.445e+03 1.514e+03 8394372 
1.514e+03 1.585e+03 9195820 
1.585e+03 1.660e+03 10076158 
1.660e+03 1.738e+03 11044442 
1.738e+03 1.820e+03 12106587 
1.820e+03 1.905e+03 13272328 
1.905e+03 1.995e+03 14544920 
1.995e+03 2.089e+03 15942426 
2.089e+03 2.188e+03 17478717 
2.188e+03 2.291e+03 19147617 
2.291e+03 2.399e+03 20999287 
2.399e+03 2.512e+03 23020118 
2.512e+03 2.630e+03 25217987 
2.630e+03 2.754e+03 27617488 
2.754e+03 2.884e+03 30248515 
2.884e+03 3.020e+03 33150631 
3.020e+03 3.162e+03 36330869 
3.162e+03 3.311e+03 39812246 
3.311e+03 3.467e+03 43614225 
3.467e+03 3.631e+03 47764347 
3.631e+03 3.802e+03 52353993 
3.802e+03 3.981e+03 57324860 
3.981e+03 4.169e+03 62794106 
4.169e+03 4.365e+03 68791641 
4.365e+03 4.571e+03 75375716 
4.571e+03 4.786e+03 82591531 
4.786e+03 5.012e+03 90450038 
5.012e+03 5.248e+03 99046815 
5.248e+03 5.495e+03 108477494 
5.495e+03 5.754e+03 118791055 
5.754e+03 6.026e+03 130051441 
6.026e+03 6.310e+03 142379853 
6.310e+03 6.607e+03 155885464 
6.607e+03 6.918e+03 170687519 
6.918e+03 7.244e+03 186817575 
7.244e+03 7.586e+03 204500514 
7.586e+03 7.943e+03 223864075 
7.943e+03 8.318e+03 245031781 
8.318e+03 8.710e+03 268098704 
8.710e+03 9.120e+03 293441772 
9.120e+03 9.550e+03 321027916 
9.550e+03 1.000e+04 351229019 
1.000e+04 1.047e+04 384220714 
1.047e+04 1.096e+04 420274679 
1.096e+04 1.148e+04 459712194 
1.148e+04 1.202e+04 502801643 
1.202e+04 1.259e+04 549763701 
1.259e+04 1.318e+04 601051041 
1.318e+04 1.380e+04 657165968 
1.380e+04 1.445e+04 718200311 
1.445e+04 1.514e+04 784769505 
1.514e+04 1.585e+04 857282480 
1.585e+04 1.660e+04 936435789 
1.660e+04 1.738e+04 1022557226 
1.738e+04 1.820e+04 1116299809 
1.820e+04 1.905e+04 1218459571 
1.905e+04 1.995e+04 1329780122 
1.995e+04 2.089e+04 1451033308 
2.089e+04 2.188e+04 1582880201 
2.188e+04 2.291e+04 1726275946 
2.291e+04 2.399e+04 1881956868 
2.399e+04 2.512e+04 2051293367 
2.512e+04 2.630e+04 2235716315 
2.630e+04 2.754e+04 2435687514 
2.754e+04 2.884e+04 2652822228 
2.884e+04 3.020e+04 2888353532 
3.020e+04 3.162e+04 3143886261 
3.162e+04 3.311e+04 3420742059 
3.311e+04 3.467e+04 3720976797 
3.467e+04 3.631e+04 4045706536 
3.631e+04 3.802e+04 4397356942 
3.802e+04 3.981e+04 4777510798 
3.981e+04 4.169e+04 5187441401 
4.169e+04 4.365e+04 5628363456 
4.365e+04 4.571e+04 6103529866 
4.571e+04 4.786e+04 6612623387 
4.786e+04 5.012e+04 7160897111 
5.012e+04 5.248e+04 7748428170 
5.248e+04 5.495e+04 8377418097 
5.495e+04 5.754e+04 9045112161 
5.754e+04 6.026e+04 9754325560 
6.026e+04 6.310e+04 10507354758 
6.310e+04 6.607e+04 11300741192 
6.607e+04 6.918e+04 12138819669 
6.918e+04 7.244e+04 13027724651 
7.244e+04 7.586e+04 13969244787 
7.586e+04 7.943e+04 14960408707 
7.943e+04 8.318e+04 15999819876 
8.318e+04 8.710e+04 17086999833 
8.710e+04 9.120e+04 18223049944 
9.120e+04 9.550e+04 19391842500 
9.550e+04 1.000e+05 20592499201 
1.000e+05 1.047e+05 21818364441 
1.047e+05 1.096e+05 23063972061 
1.096e+05 1.148e+05 24316776899 
1.148e+05 1.202e+05 25564273804 
