36797.7396565 -854984.591367
-414814.81634 -828867.415463
137157.295398 -1157346.85259
-857830.232416 -890955.576163
-264066.573974 -686909.697449
-157209.76897 -1076941.87515
-154678.830927 -767331.293508
27354.7076341 -751238.517586
-856179.51467 -901759.142797
61214.9733605 -972596.884464
-469381.149156 -623765.514352
128697.860496 -856572.092074
-701443.479059 -1110922.94633
-545198.40898 -390029.36968
-189498.992107 -1002927.72866
-58699.4991002 -1118942.09262
-7683.38926009 -1111633.77048
167605.321997 -1018652.78043
-416962.665477 -482671.879979
-237671.601146 -1050262.1767
-591266.994184 -828997.21404
-566778.988888 -632357.179692
171075.855591 -996000.740634
-11759.8564919 -898405.353619
-484012.920706 -480880.74396
-93192.6395448 -846652.616497
-156280.995601 -941314.973355
-566627.83178 -589743.818357
-56350.7601795 -760853.712784
-379207.572333 -742941.004135
216562.474005 -967639.739146
-358113.472002 -992155.474759
55980.5872567 -944202.952136
-226354.691734 -1087929.71477
-207756.41857 -1436794.81958
-352424.994303 -957638.274343
-561306.381408 -791558.949987
-616270.682928 -712424.96188
-173934.644304 -856840.648104
-591283.68583 -852619.0491
-394954.36367 -805057.553328
-665686.171383 -935441.274476
138137.333173 -730116.454311
168245.484973 -796163.774683
-512725.311522 -620042.006637
-425038.003244 -675619.771639
-481428.995593 -1202250.68905
-295902.018991 -644925.408246
-472098.617158 -736252.562938
-180782.853452 -1513780.96739
-727502.678734 -1079496.2634
-527556.235412 -597636.1553
-130384.408406 -797178.057904
120205.084543 -1073060.67169
-516582.855944 -1170211.62582
-511446.086965 -766010.779341
-528158.565782 -1182832.05536
-259236.211842 -917274.50463
-220258.458606 -884251.387473
-483880.521189 -1201400.64563
-837190.450119 -899061.226239
-447659.266348 -888629.133198
-830880.621066 -856247.476069
5119.56627257 -1018608.1262
-136228.465839 -936483.941078
-361017.048463 -395529.850537
-609397.905623 -815051.404831
23320.3960921 -957879.8733
-22563.5943684 -1086077.59934
41810.3388377 -970224.809653
-380165.743016 -392185.462443
-579336.665302 -633866.139152
-417447.778547 -977503.821391
-340534.534825 -611723.453483
-208169.090174 -750507.420633
191014.354454 -920013.967537
-399682.606316 -645555.484605
-308922.347904 -719495.916658
-74231.00665 -948896.609717
-59869.3745892 -678647.83637
-699067.739601 -1136542.52806
138398.503124 -871069.162287
-918589.755245 -851590.825201
-632161.189384 -1112359.72916
1330.60182889 -743183.115097
130810.244499 -948420.304542
-305196.949784 -1068263.82545
-464116.914934 -889721.601231
157226.180911 -888215.479079
-429438.251683 -800635.285947
-216722.670892 -779205.470155
-9784.16557253 -877243.032078
-335789.498333 -883748.767145
-121418.87459 -1002305.24481
-21143.8099208 -870926.732027
-392840.426752 -629439.127227
-693147.083442 -1081351.28001
-389509.243399 -1298094.78683
-18233.8197866 -923529.960791
-152770.415364 -1063626.75453
-742609.663075 -933458.029568
-320907.518932 -636232.00407
114728.768287 -833613.722629
-53168.3738763 -1132620.77932
-197897.030577 -829474.241327
181970.84359 -1096079.36042
-416628.614399 -424257.341561
204786.166099 -944979.295755
-400797.286987 -687182.567815
81330.8844898 -916381.309481
-22216.0727017 -828609.947437
-219971.651639 -1536230.94032
-623722.231602 -791249.398341
-7654.97629623 -976132.627654
-481657.591011 -832375.376655
-608178.301229 -615908.093556
-413618.784911 -654754.149993
-309245.630601 -1379519.30374
-325335.89874 -1011535.83705
-9009.61833089 -1050755.54207
-219513.721746 -990388.919433
-780364.013944 -1073773.53165
-507934.43182 -773037.235762
-149986.022606 -1480196.56817
-59447.4977859 -754484.660059
-503958.467922 -429969.538505
-436933.713012 -720569.49976
129824.13973 -751274.064739
-260533.839535 -1081402.61235
-379904.151001 -930582.876725
-625176.911689 -867575.250455
-534733.448984 -385402.896283
81771.1150223 -683668.347475
-208915.016979 -1058803.77924
-462699.222621 -652316.946683
-161798.695552 -1530779.03395
-697212.885615 -1157420.83855
-641922.468116 -957498.218008
120009.137539 -1031512.97763
-481224.244277 -876070.581076
-179132.911503 -1074835.78269
-419021.313115 -838585.840453
-407264.279966 -486046.952935
74634.7178151 -902880.732411
-437070.169013 -956008.413
-260660.790684 -821208.090927
-299885.079221 -1440941.91321
-43630.5720544 -1113608.01004
-188820.276016 -989720.093653
-602065.497657 -712695.982218
97937.1679688 -1027599.81617
87244.557189 -1048038.4889
-305558.659665 -1396265.66269
-392355.576742 -395191.399081
-454252.856925 -754145.5265
-522551.964522 -755178.592675
-449885.060506 -490166.537425
-590592.003648 -655481.760476
-399602.93905 -1290307.43641
166378.262453 -775604.062294
4545.81869486 -977505.030165
-493654.978466 -956425.788722
-546157.329191 -746030.029158
25183.1600096 -949927.189491
-54229.9409384 -951653.594353
-309378.627461 -702672.893993
-532787.301607 -930052.38378
-537111.697916 -473928.094279
-577110.70299 -685386.049766
-578242.572673 -667828.954995
171686.241858 -1124054.2795
-389473.336068 -852035.218394
-380428.124245 -561868.28723
59630.0569754 -899428.921642
-712667.546369 -957335.923098
-511755.052443 -431739.435728
35384.5791207 -1105649.53172
-387307.465504 -588093.958926
52976.5736831 -726954.824068
109240.632741 -931293.404893
-47046.1831684 -897980.52041
-125795.758176 -1388102.73505
-227530.042445 -746456.324421
-759113.699298 -1108038.64411
-348911.870492 -649299.996449
69465.3339575 -1031389.87221
-479759.084629 -623330.290497
-572462.531869 -604230.647784
-449393.707344 -562699.920519
-687191.151607 -1079430.66662
-410146.134617 -503869.012613
-379598.908931 -1311924.69438
-129943.408429 -843301.75777
-206685.776165 -866667.448391
-399603.402738 -730970.754545
68247.878285 -1172608.33026
-691042.097408 -1150143.03572
59528.9493484 -867913.876517
-556769.418297 -1128622.42119
-29260.9177416 -990324.076385
195041.654898 -1086784.06153
-219708.164612 -1086147.58426
-236259.77976 -1516667.55121
73024.6874701 -819316.248762
-241860.759191 -873476.834275
-122303.338832 -992300.92796
-485897.230294 -505954.536266
-354078.37518 -595333.583008
-12189.5962254 -856447.737208
-570802.191018 -758644.940052
84576.0460959 -729433.257933
-356853.630837 -1317649.13461
-243587.240975 -879565.953252
-508957.146282 -876951.994812
-783048.168336 -890650.800231
-363000.584653 -751357.349141
-490552.24161 -405866.94519
-130613.296627 -992892.77279
-686324.157101 -895624.050192
168175.113203 -755764.578786
-483759.624224 -1004403.29522
-80591.3688074 -743533.888168
-532820.519342 -886719.426753
-174854.862578 -790930.32897
-498018.002421 -597082.227726
-421198.028033 -793152.693152
-582518.255174 -567135.632647
109862.212804 -777093.912803
-498276.430986 -468367.109565
-313577.989271 -705256.498805
149566.405258 -725424.498158
-634234.712435 -1118508.36296
-341413.819994 -600173.270143
-204359.572557 -926567.532289
-400853.134159 -655224.624096
-514631.267207 -482603.347044
-375615.735405 -773445.763292
-39586.5886093 -1150596.67045
-530400.819495 -402634.495421
-651772.217772 -925055.407785
-591674.369726 -916942.209368
-137623.790497 -1561258.67069
-833850.096973 -918161.498907
-831657.595284 -969776.102006
-35164.2734555 -915550.708074
-412239.06074 -550039.60651
-46827.1872448 -961221.673106
-868403.377347 -904559.59056
-551963.57428 -852639.763962
-337404.350283 -742367.326429
-92834.263768 -884267.617831
-596476.097831 -980817.02929
-244880.46748 -944496.853849
-653705.445018 -933038.899078
-542155.739214 -805070.157845
-143116.460401 -732918.497962
199298.53129 -1071520.16883
-552124.503224 -885952.024435
-760079.145616 -1108848.23296
-242973.2756 -1435703.03595
138260.265788 -976331.400237
-176288.121672 -871030.405241
-756442.095246 -1068125.44163
-298.287419282 -913286.373921
53252.8628807 -1140645.40879
-310168.531743 -769313.221211
191228.063396 -1060353.39058
-865253.96176 -873970.868492
-401280.912825 -556874.143104
-584623.286772 -509735.328762
114835.392299 -711562.526889
-395878.279958 -978420.307477
58845.012911 -880273.526397
-162381.379571 -1532991.94848
33641.5396357 -970109.895467
-102672.757474 -791633.258976
-285445.291417 -996577.584982
-237979.449175 -713778.847289
-535887.269336 -493938.931927
51828.986285 -1115672.326
-536865.443423 -873033.086728
-158910.109348 -1530474.11297
-19525.9594833 -1036630.58062
-359360.358105 -995877.407124
266.772460654 -681706.06476
-32707.1519146 -945933.516408
119110.684547 -893727.719775
161416.748398 -894688.922986
161699.241219 -975884.252897
-578346.438488 -1126907.86605
-261832.905318 -1467623.15155
153528.760119 -967759.191036
-261493.224107 -911085.490668
4055.61725669 -822765.413084
12284.4756392 -1121227.94782
68314.5257331 -1114973.08524
-842961.055939 -922794.005101
-887741.70044 -904514.744467
137145.979431 -795529.316192
-574451.334486 -438318.99546
-473689.054882 -933890.640283
-446681.206643 -872490.216815
-900775.05207 -908825.516417
-177764.52834 -979271.609759
-308799.822677 -818228.044481
103602.573581 -1064552.84877
-72938.5029571 -1115517.32614
-530407.055313 -845052.10261
-492103.341403 -572005.218251
-197236.591815 -989367.298866
-34422.9094166 -1061726.34093
-300213.554779 -834865.126874
-540718.562568 -510000.597078
-599156.910773 -473879.530002
-105060.89327 -911998.953589
-94499.8164727 -1131709.30786
-534447.227286 -838975.26516
-472861.735779 -466848.774193
105561.07029 -888996.664494
-606346.012092 -767516.831653
-290595.556312 -991441.201562
-353031.057974 -989115.293959
-500519.031181 -446010.156649
-483718.982725 -928513.368147
-823879.36 -881133.748657
-710882.243229 -942316.501287
-7383.53444762 -1083037.46282
-745495.836323 -1064732.57904
-208192.88451 -810400.809138
101033.668597 -731123.86142
-170044.155605 -1531987.54684
-644344.557867 -972027.89796
-461517.549595 -433206.69091
-265868.213405 -813592.513178
-670963.714875 -1088544.15544
-274484.549238 -892724.70751
-133996.889515 -676680.791174
-225940.968979 -1016383.15785
-67558.6170223 -774158.17019
-220157.236721 -659123.234026
38337.628111 -1081250.96341
50278.7514422 -683314.228385
-477975.544657 -462749.844161
-411176.90429 -820928.64741
153923.389687 -999313.569667
-133465.242866 -963943.555102
-552873.06294 -1113983.00664
-735383.347929 -875219.623078
-617005.802592 -741712.708188
-176985.303862 -1002477.33047
-22525.6719347 -777135.438655
-384603.170083 -718998.620893
-430443.485567 -1251959.18289
-678502.490387 -1094901.17717
122908.642948 -1121760.68734
-174237.982131 -751793.933601
-427325.856796 -1243044.66393
