1.000e+00 1.047e+00 9811172 
1.047e+00 1.096e+00 10677495 
1.096e+00 1.148e+00 11617115 
1.148e+00 1.202e+00 12633053 
1.202e+00 1.259e+00 13739424 
1.259e+00 1.318e+00 14946358 
1.318e+00 1.380e+00 16247919 
1.380e+00 1.445e+00 17673488 
1.445e+00 1.514e+00 19221549 
1.514e+00 1.585e+00 20890870 
1.585e+00 1.660e+00 22740557 
1.660e+00 1.738e+00 24726274 
1.738e+00 1.820e+00 26915616 
1.820e+00 1.905e+00 29277090 
1.905e+00 1.995e+00 31821741 
1.995e+00 2.089e+00 34620632 
2.089e+00 2.188e+00 37644290 
2.188e+00 2.291e+00 40969566 
2.291e+00 2.399e+00 44558217 
2.399e+00 2.512e+00 48453968 
2.512e+00 2.630e+00 52649421 
2.630e+00 2.754e+00 57214951 
2.754e+00 2.884e+00 62166163 
2.884e+00 3.020e+00 67567153 
3.020e+00 3.162e+00 73388200 
3.162e+00 3.311e+00 79773403 
3.311e+00 3.467e+00 86687194 
3.467e+00 3.631e+00 94154994 
3.631e+00 3.802e+00 102280749 
3.802e+00 3.981e+00 111087259 
3.981e+00 4.169e+00 120613567 
4.169e+00 4.365e+00 130929995 
4.365e+00 4.571e+00 142146965 
4.571e+00 4.786e+00 154268910 
4.786e+00 5.012e+00 167360634 
5.012e+00 5.248e+00 181606543 
5.248e+00 5.495e+00 197077043 
5.495e+00 5.754e+00 213844234 
5.754e+00 6.026e+00 231867837 
6.026e+00 6.310e+00 251602160 
6.310e+00 6.607e+00 272858745 
6.607e+00 6.918e+00 295753089 
6.918e+00 7.244e+00 320838052 
7.244e+00 7.586e+00 347888961 
7.586e+00 7.943e+00 376936267 
7.943e+00 8.318e+00 408427790 
8.318e+00 8.710e+00 442501880 
8.710e+00 9.120e+00 479140373 
9.120e+00 9.550e+00 519247544 
9.550e+00 1.000e+01 562717868 
1.000e+01 1.047e+01 609575739 
1.047e+01 1.096e+01 660419310 
1.096e+01 1.148e+01 715481886 
1.148e+01 1.202e+01 774880215 
1.202e+01 1.259e+01 839390411 
1.259e+01 1.318e+01 908871811 
1.318e+01 1.380e+01 984283498 
1.380e+01 1.445e+01 1065347447 
1.445e+01 1.514e+01 1152923051 
1.514e+01 1.585e+01 1247373751 
1.585e+01 1.660e+01 1348739793 
1.660e+01 1.738e+01 1457406315 
1.738e+01 1.820e+01 1575901679 
1.820e+01 1.905e+01 1704341448 
1.905e+01 1.995e+01 1841977977 
1.995e+01 2.089e+01 1989063883 
2.089e+01 2.188e+01 2148502222 
2.188e+01 2.291e+01 2320212183 
2.291e+01 2.399e+01 2504367292 
2.399e+01 2.512e+01 2701790910 
2.512e+01 2.630e+01 2914608142 
2.630e+01 2.754e+01 3143579680 
2.754e+01 2.884e+01 3388239376 
2.884e+01 3.020e+01 3649943206 
3.020e+01 3.162e+01 3932438192 
3.162e+01 3.311e+01 4234021266 
3.311e+01 3.467e+01 4557751232 
3.467e+01 3.631e+01 4905723178 
3.631e+01 3.802e+01 5277938922 
3.802e+01 3.981e+01 5677413213 
3.981e+01 4.169e+01 6103618882 
4.169e+01 4.365e+01 6558162937 
4.365e+01 4.571e+01 7044091993 
4.571e+01 4.786e+01 7556851018 
4.786e+01 5.012e+01 8096067462 
5.012e+01 5.248e+01 8664889396 
5.248e+01 5.495e+01 9265912649 
5.495e+01 5.754e+01 9911171009 
5.754e+01 6.026e+01 10582435594 
6.026e+01 6.310e+01 11287545242 
6.310e+01 6.607e+01 12026407906 
6.607e+01 6.918e+01 12782274210 
6.918e+01 7.244e+01 13562118312 
7.244e+01 7.586e+01 14370511154 
7.586e+01 7.943e+01 15198420986 
7.943e+01 8.318e+01 16042152891 
8.318e+01 8.710e+01 16892805886 
8.710e+01 9.120e+01 17731696919 
9.120e+01 9.550e+01 18542725077 
9.550e+01 1.000e+02 19307373262 
1.000e+02 1.047e+02 20021263404 
1.047e+02 1.096e+02 20661828754 
1.096e+02 1.148e+02 21205693579 
1.148e+02 1.202e+02 21591220835 
1.202e+02 1.259e+02 21766010943 
1.259e+02 1.318e+02 21699601353 
1.318e+02 1.380e+02 21329761213 
1.380e+02 1.445e+02 20507136859 
1.445e+02 1.514e+02 19190908825 
1.514e+02 1.585e+02 17231106864 
1.585e+02 1.660e+02 14314548193 
1.660e+02 1.738e+02 9964248416 
1.738e+02 1.820e+02 3088935731 
1.820e+02 1.905e+02 0 
1.905e+02 1.995e+02 0 
1.995e+02 2.089e+02 0 
2.089e+02 2.188e+02 0 
2.188e+02 2.291e+02 0 
2.291e+02 2.399e+02 0 
2.399e+02 2.512e+02 0 
2.512e+02 2.630e+02 0 
2.630e+02 2.754e+02 0 
2.754e+02 2.884e+02 0 
2.884e+02 3.020e+02 0 
3.020e+02 3.162e+02 0 
3.162e+02 3.311e+02 0 
3.311e+02 3.467e+02 0 
3.467e+02 3.631e+02 0 
3.631e+02 3.802e+02 0 
3.802e+02 3.981e+02 0 
3.981e+02 4.169e+02 0 
4.169e+02 4.365e+02 0 
4.365e+02 4.571e+02 0 
4.571e+02 4.786e+02 0 
4.786e+02 5.012e+02 0 
5.012e+02 5.248e+02 0 
5.248e+02 5.495e+02 0 
5.495e+02 5.754e+02 0 
5.754e+02 6.026e+02 0 
6.026e+02 6.310e+02 0 
6.310e+02 6.607e+02 0 
6.607e+02 6.918e+02 0 
6.918e+02 7.244e+02 0 
7.244e+02 7.586e+02 0 
7.586e+02 7.943e+02 0 
7.943e+02 8.318e+02 0 
8.318e+02 8.710e+02 0 
8.710e+02 9.120e+02 0 
9.120e+02 9.550e+02 0 
9.550e+02 1.000e+03 0 
1.000e+03 1.047e+03 0 
1.047e+03 1.096e+03 0 
1.096e+03 1.148e+03 0 
1.148e+03 1.202e+03 0 
1.202e+03 1.259e+03 0 
1.259e+03 1.318e+03 0 
1.318e+03 1.380e+03 0 
1.380e+03 1.445e+03 0 
1.445e+03 1.514e+03 0 
1.514e+03 1.585e+03 0 
1.585e+03 1.660e+03 0 
1.660e+03 1.738e+03 0 
1.738e+03 1.820e+03 0 
1.820e+03 1.905e+03 0 
1.905e+03 1.995e+03 0 
1.995e+03 2.089e+03 0 
2.089e+03 2.188e+03 0 
2.188e+03 2.291e+03 0 
2.291e+03 2.399e+03 0 
2.399e+03 2.512e+03 0 
2.512e+03 2.630e+03 0 
2.630e+03 2.754e+03 0 
2.754e+03 2.884e+03 0 
2.884e+03 3.020e+03 0 
3.020e+03 3.162e+03 0 
3.162e+03 3.311e+03 0 
3.311e+03 3.467e+03 0 
3.467e+03 3.631e+03 0 
3.631e+03 3.802e+03 0 
3.802e+03 3.981e+03 0 
3.981e+03 4.169e+03 0 
4.169e+03 4.365e+03 0 
4.365e+03 4.571e+03 0 
4.571e+03 4.786e+03 0 
4.786e+03 5.012e+03 0 
5.012e+03 5.248e+03 0 
5.248e+03 5.495e+03 0 
5.495e+03 5.754e+03 0 
5.754e+03 6.026e+03 0 
6.026e+03 6.310e+03 0 
6.310e+03 6.607e+03 0 
6.607e+03 6.918e+03 0 
6.918e+03 7.244e+03 0 
7.244e+03 7.586e+03 0 
7.586e+03 7.943e+03 0 
7.943e+03 8.318e+03 0 
8.318e+03 8.710e+03 0 
8.710e+03 9.120e+03 0 
9.120e+03 9.550e+03 0 
9.550e+03 1.000e+04 0 
1.000e+04 1.047e+04 0 
1.047e+04 1.096e+04 0 
1.096e+04 1.148e+04 0 
1.148e+04 1.202e+04 0 
1.202e+04 1.259e+04 0 
1.259e+04 1.318e+04 0 
1.318e+04 1.380e+04 0 
1.380e+04 1.445e+04 0 
1.445e+04 1.514e+04 0 
1.514e+04 1.585e+04 0 
1.585e+04 1.660e+04 0 
1.660e+04 1.738e+04 0 
1.738e+04 1.820e+04 0 
1.820e+04 1.905e+04 0 
1.905e+04 1.995e+04 0 
1.995e+04 2.089e+04 0 
2.089e+04 2.188e+04 0 
2.188e+04 2.291e+04 0 
2.291e+04 2.399e+04 0 
2.399e+04 2.512e+04 0 
2.512e+04 2.630e+04 0 
2.630e+04 2.754e+04 0 
2.754e+04 2.884e+04 0 
2.884e+04 3.020e+04 0 
3.020e+04 3.162e+04 0 
3.162e+04 3.311e+04 0 
3.311e+04 3.467e+04 0 
3.467e+04 3.631e+04 0 
3.631e+04 3.802e+04 0 
3.802e+04 3.981e+04 0 
3.981e+04 4.169e+04 0 
4.169e+04 4.365e+04 0 
4.365e+04 4.571e+04 0 
4.571e+04 4.786e+04 0 
4.786e+04 5.012e+04 0 
5.012e+04 5.248e+04 0 
5.248e+04 5.495e+04 0 
5.495e+04 5.754e+04 0 
5.754e+04 6.026e+04 0 
6.026e+04 6.310e+04 0 
6.310e+04 6.607e+04 0 
6.607e+04 6.918e+04 0 
6.918e+04 7.244e+04 0 
7.244e+04 7.586e+04 0 
7.586e+04 7.943e+04 0 
7.943e+04 8.318e+04 0 
8.318e+04 8.710e+04 0 
8.710e+04 9.120e+04 0 
9.120e+04 9.550e+04 0 
9.550e+04 1.000e+05 0 
1.000e+05 1.047e+05 0 
1.047e+05 1.096e+05 0 
1.096e+05 1.148e+05 0 
1.148e+05 1.202e+05 0 
