1.000e+00 1.047e+00 4 
1.047e+00 1.096e+00 4 
1.096e+00 1.148e+00 6 
1.148e+00 1.202e+00 3 
1.202e+00 1.259e+00 2 
1.259e+00 1.318e+00 4 
1.318e+00 1.380e+00 4 
1.380e+00 1.445e+00 2 
1.445e+00 1.514e+00 4 
1.514e+00 1.585e+00 7 
1.585e+00 1.660e+00 8 
1.660e+00 1.738e+00 8 
1.738e+00 1.820e+00 5 
1.820e+00 1.905e+00 12 
1.905e+00 1.995e+00 11 
1.995e+00 2.089e+00 10 
2.089e+00 2.188e+00 13 
2.188e+00 2.291e+00 11 
2.291e+00 2.399e+00 15 
2.399e+00 2.512e+00 14 
2.512e+00 2.630e+00 8 
2.630e+00 2.754e+00 12 
2.754e+00 2.884e+00 18 
2.884e+00 3.020e+00 21 
3.020e+00 3.162e+00 19 
3.162e+00 3.311e+00 28 
3.311e+00 3.467e+00 28 
3.467e+00 3.631e+00 34 
3.631e+00 3.802e+00 32 
3.802e+00 3.981e+00 45 
3.981e+00 4.169e+00 36 
4.169e+00 4.365e+00 52 
4.365e+00 4.571e+00 53 
4.571e+00 4.786e+00 55 
4.786e+00 5.012e+00 59 
5.012e+00 5.248e+00 58 
5.248e+00 5.495e+00 90 
5.495e+00 5.754e+00 77 
5.754e+00 6.026e+00 91 
6.026e+00 6.310e+00 104 
6.310e+00 6.607e+00 104 
6.607e+00 6.918e+00 142 
6.918e+00 7.244e+00 126 
7.244e+00 7.586e+00 124 
7.586e+00 7.943e+00 161 
7.943e+00 8.318e+00 171 
8.318e+00 8.710e+00 180 
8.710e+00 9.120e+00 188 
9.120e+00 9.550e+00 213 
9.550e+00 1.000e+01 226 
1.000e+01 1.047e+01 280 
1.047e+01 1.096e+01 267 
1.096e+01 1.148e+01 315 
1.148e+01 1.202e+01 347 
1.202e+01 1.259e+01 419 
1.259e+01 1.318e+01 407 
1.318e+01 1.380e+01 485 
1.380e+01 1.445e+01 501 
1.445e+01 1.514e+01 590 
1.514e+01 1.585e+01 622 
1.585e+01 1.660e+01 674 
1.660e+01 1.738e+01 722 
1.738e+01 1.820e+01 814 
1.820e+01 1.905e+01 868 
1.905e+01 1.995e+01 943 
1.995e+01 2.089e+01 1047 
2.089e+01 2.188e+01 1123 
2.188e+01 2.291e+01 1257 
2.291e+01 2.399e+01 1376 
2.399e+01 2.512e+01 1532 
2.512e+01 2.630e+01 1665 
2.630e+01 2.754e+01 1750 
2.754e+01 2.884e+01 2036 
2.884e+01 3.020e+01 2197 
3.020e+01 3.162e+01 2434 
3.162e+01 3.311e+01 2718 
3.311e+01 3.467e+01 2871 
3.467e+01 3.631e+01 3131 
3.631e+01 3.802e+01 3413 
3.802e+01 3.981e+01 3845 
3.981e+01 4.169e+01 4209 
4.169e+01 4.365e+01 4580 
4.365e+01 4.571e+01 5018 
4.571e+01 4.786e+01 5540 
4.786e+01 5.012e+01 6143 
5.012e+01 5.248e+01 6697 
5.248e+01 5.495e+01 7209 
5.495e+01 5.754e+01 7963 
5.754e+01 6.026e+01 8707 
6.026e+01 6.310e+01 9690 
6.310e+01 6.607e+01 10507 
6.607e+01 6.918e+01 11494 
6.918e+01 7.244e+01 12692 
7.244e+01 7.586e+01 14041 
7.586e+01 7.943e+01 15419 
7.943e+01 8.318e+01 16976 
8.318e+01 8.710e+01 18387 
8.710e+01 9.120e+01 20201 
9.120e+01 9.550e+01 21986 
9.550e+01 1.000e+02 23985 
1.000e+02 1.047e+02 26638 
1.047e+02 1.096e+02 29145 
1.096e+02 1.148e+02 32126 
1.148e+02 1.202e+02 34913 
1.202e+02 1.259e+02 38371 
1.259e+02 1.318e+02 42023 
1.318e+02 1.380e+02 46357 
1.380e+02 1.445e+02 51072 
1.445e+02 1.514e+02 55361 
1.514e+02 1.585e+02 59942 
1.585e+02 1.660e+02 66626 
1.660e+02 1.738e+02 72821 
1.738e+02 1.820e+02 80275 
1.820e+02 1.905e+02 87868 
1.905e+02 1.995e+02 96623 
1.995e+02 2.089e+02 105211 
2.089e+02 2.188e+02 116183 
2.188e+02 2.291e+02 126799 
2.291e+02 2.399e+02 139290 
2.399e+02 2.512e+02 152434 
2.512e+02 2.630e+02 167044 
2.630e+02 2.754e+02 182210 
2.754e+02 2.884e+02 200880 
2.884e+02 3.020e+02 219352 
3.020e+02 3.162e+02 241809 
3.162e+02 3.311e+02 263922 
3.311e+02 3.467e+02 290583 
3.467e+02 3.631e+02 319543 
3.631e+02 3.802e+02 349033 
3.802e+02 3.981e+02 381470 
3.981e+02 4.169e+02 419811 
4.169e+02 4.365e+02 461127 
4.365e+02 4.571e+02 505079 
4.571e+02 4.786e+02 551984 
4.786e+02 5.012e+02 606053 
5.012e+02 5.248e+02 663358 
5.248e+02 5.495e+02 727385 
5.495e+02 5.754e+02 797304 
5.754e+02 6.026e+02 875129 
6.026e+02 6.310e+02 957018 
6.310e+02 6.607e+02 1048598 
6.607e+02 6.918e+02 1151164 
6.918e+02 7.244e+02 1261888 
7.244e+02 7.586e+02 1381057 
7.586e+02 7.943e+02 1515614 
7.943e+02 8.318e+02 1662534 
8.318e+02 8.710e+02 1818889 
8.710e+02 9.120e+02 1995929 
9.120e+02 9.550e+02 2187861 
9.550e+02 1.000e+03 2399878 
1.000e+03 1.047e+03 2628929 
1.047e+03 1.096e+03 2882409 
1.096e+03 1.148e+03 3160977 
1.148e+03 1.202e+03 3468112 
1.202e+03 1.259e+03 3792781 
1.259e+03 1.318e+03 4159143 
1.318e+03 1.380e+03 4564350 
1.380e+03 1.445e+03 4997623 
1.445e+03 1.514e+03 5484181 
1.514e+03 1.585e+03 6006565 
1.585e+03 1.660e+03 6582025 
1.660e+03 1.738e+03 7208876 
1.738e+03 1.820e+03 7903916 
1.820e+03 1.905e+03 8654827 
1.905e+03 1.995e+03 9490150 
1.995e+03 2.089e+03 10396289 
2.089e+03 2.188e+03 11386038 
2.188e+03 2.291e+03 12473040 
2.291e+03 2.399e+03 13660336 
2.399e+03 2.512e+03 14978015 
2.512e+03 2.630e+03 16389865 
2.630e+03 2.754e+03 17949853 
2.754e+03 2.884e+03 19666213 
2.884e+03 3.020e+03 21542286 
3.020e+03 3.162e+03 23585888 
3.162e+03 3.311e+03 25843357 
3.311e+03 3.467e+03 28291363 
3.467e+03 3.631e+03 30976595 
3.631e+03 3.802e+03 33937698 
3.802e+03 3.981e+03 37180841 
3.981e+03 4.169e+03 40715087 
4.169e+03 4.365e+03 44590024 
4.365e+03 4.571e+03 48807169 
4.571e+03 4.786e+03 53447817 
4.786e+03 5.012e+03 58502777 
5.012e+03 5.248e+03 64032914 
5.248e+03 5.495e+03 70090650 
5.495e+03 5.754e+03 76663607 
5.754e+03 6.026e+03 83905494 
6.026e+03 6.310e+03 91838966 
6.310e+03 6.607e+03 100454259 
6.607e+03 6.918e+03 109972944 
6.918e+03 7.244e+03 120304471 
7.244e+03 7.586e+03 131630058 
7.586e+03 7.943e+03 143998657 
7.943e+03 8.318e+03 157557280 
8.318e+03 8.710e+03 172298123 
8.710e+03 9.120e+03 188447887 
9.120e+03 9.550e+03 206151280 
9.550e+03 1.000e+04 225466146 
1.000e+04 1.047e+04 246503450 
1.047e+04 1.096e+04 269418432 
1.096e+04 1.148e+04 294416854 
1.148e+04 1.202e+04 321762435 
1.202e+04 1.259e+04 351583421 
1.259e+04 1.318e+04 384129574 
1.318e+04 1.380e+04 419860156 
1.380e+04 1.445e+04 458624522 
1.445e+04 1.514e+04 500974254 
1.514e+04 1.585e+04 546962262 
1.585e+04 1.660e+04 597145182 
1.660e+04 1.738e+04 651662734 
1.738e+04 1.820e+04 711111772 
1.820e+04 1.905e+04 776163182 
1.905e+04 1.995e+04 846905896 
1.995e+04 2.089e+04 923717977 
2.089e+04 2.188e+04 1006237023 
2.188e+04 2.291e+04 1095112549 
2.291e+04 2.399e+04 1192493743 
2.399e+04 2.512e+04 1297363614 
2.512e+04 2.630e+04 1410764282 
2.630e+04 2.754e+04 1534405635 
2.754e+04 2.884e+04 1668669542 
2.884e+04 3.020e+04 1813785826 
3.020e+04 3.162e+04 1971224418 
3.162e+04 3.311e+04 2140101078 
3.311e+04 3.467e+04 2322119136 
3.467e+04 3.631e+04 2519066180 
3.631e+04 3.802e+04 2730781969 
3.802e+04 3.981e+04 2955217857 
3.981e+04 4.169e+04 3198716364 
4.169e+04 4.365e+04 3464711587 
4.365e+04 4.571e+04 3748641149 
4.571e+04 4.786e+04 4049926595 
4.786e+04 5.012e+04 4373773401 
5.012e+04 5.248e+04 4729246945 
5.248e+04 5.495e+04 5114559631 
5.495e+04 5.754e+04 5525197452 
5.754e+04 6.026e+04 5963403031 
6.026e+04 6.310e+04 6434574110 
6.310e+04 6.607e+04 6937690134 
6.607e+04 6.918e+04 7464816394 
6.918e+04 7.244e+04 8023228783 
7.244e+04 7.586e+04 8611684441 
7.586e+04 7.943e+04 9228018865 
7.943e+04 8.318e+04 9870059411 
8.318e+04 8.710e+04 10506610925 
8.710e+04 9.120e+04 11189237602 
9.120e+04 9.550e+04 11909303038 
9.550e+04 1.000e+05 12630329161 
1.000e+05 1.047e+05 13356808808 
1.047e+05 1.096e+05 14116492817 
1.096e+05 1.148e+05 14907823461 
1.148e+05 1.202e+05 15676522350 
