1.000e+00 1.047e+00 7264706 
1.047e+00 1.096e+00 7900293 
1.096e+00 1.148e+00 8597563 
1.148e+00 1.202e+00 9361969 
1.202e+00 1.259e+00 10189153 
1.259e+00 1.318e+00 11101003 
1.318e+00 1.380e+00 12067480 
1.380e+00 1.445e+00 13129007 
1.445e+00 1.514e+00 14285516 
1.514e+00 1.585e+00 15535903 
1.585e+00 1.660e+00 16892762 
1.660e+00 1.738e+00 18388894 
1.738e+00 1.820e+00 19999798 
1.820e+00 1.905e+00 21756482 
1.905e+00 1.995e+00 23649110 
1.995e+00 2.089e+00 25707403 
2.089e+00 2.188e+00 27906488 
2.188e+00 2.291e+00 30334738 
2.291e+00 2.399e+00 33004799 
2.399e+00 2.512e+00 35889981 
2.512e+00 2.630e+00 39014059 
2.630e+00 2.754e+00 42356477 
2.754e+00 2.884e+00 45997126 
2.884e+00 3.020e+00 49962837 
3.020e+00 3.162e+00 54323753 
3.162e+00 3.311e+00 59010261 
3.311e+00 3.467e+00 64115784 
3.467e+00 3.631e+00 69679183 
3.631e+00 3.802e+00 75683851 
3.802e+00 3.981e+00 82151268 
3.981e+00 4.169e+00 89162929 
4.169e+00 4.365e+00 96792054 
4.365e+00 4.571e+00 105053762 
4.571e+00 4.786e+00 113980322 
4.786e+00 5.012e+00 123736131 
5.012e+00 5.248e+00 134190934 
5.248e+00 5.495e+00 145639524 
5.495e+00 5.754e+00 158025636 
5.754e+00 6.026e+00 171372056 
6.026e+00 6.310e+00 185877531 
6.310e+00 6.607e+00 201582418 
6.607e+00 6.918e+00 218591482 
6.918e+00 7.244e+00 237113030 
7.244e+00 7.586e+00 257168557 
7.586e+00 7.943e+00 278863887 
7.943e+00 8.318e+00 302227278 
8.318e+00 8.710e+00 327613860 
8.710e+00 9.120e+00 354759662 
9.120e+00 9.550e+00 384529772 
9.550e+00 1.000e+01 416878901 
1.000e+01 1.047e+01 451589466 
1.047e+01 1.096e+01 489093479 
1.096e+01 1.148e+01 529707583 
1.148e+01 1.202e+01 573044696 
1.202e+01 1.259e+01 620168490 
1.259e+01 1.318e+01 671187088 
1.318e+01 1.380e+01 726422021 
1.380e+01 1.445e+01 785781901 
1.445e+01 1.514e+01 849883289 
1.514e+01 1.585e+01 919231573 
1.585e+01 1.660e+01 993532161 
1.660e+01 1.738e+01 1073920927 
1.738e+01 1.820e+01 1160496887 
1.820e+01 1.905e+01 1254314998 
1.905e+01 1.995e+01 1354117613 
1.995e+01 2.089e+01 1461651893 
2.089e+01 2.188e+01 1577628398 
2.188e+01 2.291e+01 1702233453 
2.291e+01 2.399e+01 1836500150 
2.399e+01 2.512e+01 1981000869 
2.512e+01 2.630e+01 2136355237 
2.630e+01 2.754e+01 2303285431 
2.754e+01 2.884e+01 2481184646 
2.884e+01 3.020e+01 2672039072 
3.020e+01 3.162e+01 2876036991 
3.162e+01 3.311e+01 3094770846 
3.311e+01 3.467e+01 3327845055 
3.467e+01 3.631e+01 3580626710 
3.631e+01 3.802e+01 3850767721 
3.802e+01 3.981e+01 4137349951 
3.981e+01 4.169e+01 4439539962 
4.169e+01 4.365e+01 4762544913 
4.365e+01 4.571e+01 5107022099 
4.571e+01 4.786e+01 5473485971 
4.786e+01 5.012e+01 5861685182 
5.012e+01 5.248e+01 6270326447 
5.248e+01 5.495e+01 6700320288 
5.495e+01 5.754e+01 7150419208 
5.754e+01 6.026e+01 7622910048 
6.026e+01 6.310e+01 8113840204 
6.310e+01 6.607e+01 8625889487 
6.607e+01 6.918e+01 9158134600 
6.918e+01 7.244e+01 9708781491 
7.244e+01 7.586e+01 10274427518 
7.586e+01 7.943e+01 10854307295 
7.943e+01 8.318e+01 11441885181 
8.318e+01 8.710e+01 12036067696 
8.710e+01 9.120e+01 12626486330 
9.120e+01 9.550e+01 13211066115 
9.550e+01 1.000e+02 13775648377 
1.000e+02 1.047e+02 14309269574 
1.047e+02 1.096e+02 14791199890 
1.096e+02 1.148e+02 15205171058 
1.148e+02 1.202e+02 15521630717 
1.202e+02 1.259e+02 15710093675 
1.259e+02 1.318e+02 15716443546 
1.318e+02 1.380e+02 15478424343 
1.380e+02 1.445e+02 14958267615 
1.445e+02 1.514e+02 14047849657 
1.514e+02 1.585e+02 12647996601 
1.585e+02 1.660e+02 10547080652 
1.660e+02 1.738e+02 7376902877 
1.738e+02 1.820e+02 2287439122 
1.820e+02 1.905e+02 0 
1.905e+02 1.995e+02 0 
1.995e+02 2.089e+02 0 
2.089e+02 2.188e+02 0 
2.188e+02 2.291e+02 0 
2.291e+02 2.399e+02 0 
2.399e+02 2.512e+02 0 
2.512e+02 2.630e+02 0 
2.630e+02 2.754e+02 0 
2.754e+02 2.884e+02 0 
2.884e+02 3.020e+02 0 
3.020e+02 3.162e+02 0 
3.162e+02 3.311e+02 0 
3.311e+02 3.467e+02 0 
3.467e+02 3.631e+02 0 
3.631e+02 3.802e+02 0 
3.802e+02 3.981e+02 0 
3.981e+02 4.169e+02 0 
4.169e+02 4.365e+02 0 
4.365e+02 4.571e+02 0 
4.571e+02 4.786e+02 0 
4.786e+02 5.012e+02 0 
5.012e+02 5.248e+02 0 
5.248e+02 5.495e+02 0 
5.495e+02 5.754e+02 0 
5.754e+02 6.026e+02 0 
6.026e+02 6.310e+02 0 
6.310e+02 6.607e+02 0 
6.607e+02 6.918e+02 0 
6.918e+02 7.244e+02 0 
7.244e+02 7.586e+02 0 
7.586e+02 7.943e+02 0 
7.943e+02 8.318e+02 0 
8.318e+02 8.710e+02 0 
8.710e+02 9.120e+02 0 
9.120e+02 9.550e+02 0 
9.550e+02 1.000e+03 0 
1.000e+03 1.047e+03 0 
1.047e+03 1.096e+03 0 
1.096e+03 1.148e+03 0 
1.148e+03 1.202e+03 0 
1.202e+03 1.259e+03 0 
1.259e+03 1.318e+03 0 
1.318e+03 1.380e+03 0 
1.380e+03 1.445e+03 0 
1.445e+03 1.514e+03 0 
1.514e+03 1.585e+03 0 
1.585e+03 1.660e+03 0 
1.660e+03 1.738e+03 0 
1.738e+03 1.820e+03 0 
1.820e+03 1.905e+03 0 
1.905e+03 1.995e+03 0 
1.995e+03 2.089e+03 0 
2.089e+03 2.188e+03 0 
2.188e+03 2.291e+03 0 
2.291e+03 2.399e+03 0 
2.399e+03 2.512e+03 0 
2.512e+03 2.630e+03 0 
2.630e+03 2.754e+03 0 
2.754e+03 2.884e+03 0 
2.884e+03 3.020e+03 0 
3.020e+03 3.162e+03 0 
3.162e+03 3.311e+03 0 
3.311e+03 3.467e+03 0 
3.467e+03 3.631e+03 0 
3.631e+03 3.802e+03 0 
3.802e+03 3.981e+03 0 
3.981e+03 4.169e+03 0 
4.169e+03 4.365e+03 0 
4.365e+03 4.571e+03 0 
4.571e+03 4.786e+03 0 
4.786e+03 5.012e+03 0 
5.012e+03 5.248e+03 0 
5.248e+03 5.495e+03 0 
5.495e+03 5.754e+03 0 
5.754e+03 6.026e+03 0 
6.026e+03 6.310e+03 0 
6.310e+03 6.607e+03 0 
6.607e+03 6.918e+03 0 
6.918e+03 7.244e+03 0 
7.244e+03 7.586e+03 0 
7.586e+03 7.943e+03 0 
7.943e+03 8.318e+03 0 
8.318e+03 8.710e+03 0 
8.710e+03 9.120e+03 0 
9.120e+03 9.550e+03 0 
9.550e+03 1.000e+04 0 
1.000e+04 1.047e+04 0 
1.047e+04 1.096e+04 0 
1.096e+04 1.148e+04 0 
1.148e+04 1.202e+04 0 
1.202e+04 1.259e+04 0 
1.259e+04 1.318e+04 0 
1.318e+04 1.380e+04 0 
1.380e+04 1.445e+04 0 
1.445e+04 1.514e+04 0 
1.514e+04 1.585e+04 0 
1.585e+04 1.660e+04 0 
1.660e+04 1.738e+04 0 
1.738e+04 1.820e+04 0 
1.820e+04 1.905e+04 0 
1.905e+04 1.995e+04 0 
1.995e+04 2.089e+04 0 
2.089e+04 2.188e+04 0 
2.188e+04 2.291e+04 0 
2.291e+04 2.399e+04 0 
2.399e+04 2.512e+04 0 
2.512e+04 2.630e+04 0 
2.630e+04 2.754e+04 0 
2.754e+04 2.884e+04 0 
2.884e+04 3.020e+04 0 
3.020e+04 3.162e+04 0 
3.162e+04 3.311e+04 0 
3.311e+04 3.467e+04 0 
3.467e+04 3.631e+04 0 
3.631e+04 3.802e+04 0 
3.802e+04 3.981e+04 0 
3.981e+04 4.169e+04 0 
4.169e+04 4.365e+04 0 
4.365e+04 4.571e+04 0 
4.571e+04 4.786e+04 0 
4.786e+04 5.012e+04 0 
5.012e+04 5.248e+04 0 
5.248e+04 5.495e+04 0 
5.495e+04 5.754e+04 0 
5.754e+04 6.026e+04 0 
6.026e+04 6.310e+04 0 
6.310e+04 6.607e+04 0 
6.607e+04 6.918e+04 0 
6.918e+04 7.244e+04 0 
7.244e+04 7.586e+04 0 
7.586e+04 7.943e+04 0 
7.943e+04 8.318e+04 0 
8.318e+04 8.710e+04 0 
8.710e+04 9.120e+04 0 
9.120e+04 9.550e+04 0 
9.550e+04 1.000e+05 0 
1.000e+05 1.047e+05 0 
1.047e+05 1.096e+05 0 
1.096e+05 1.148e+05 0 
1.148e+05 1.202e+05 0 
