1.000e+00 1.047e+00 4 
1.047e+00 1.096e+00 7 
1.096e+00 1.148e+00 5 
1.148e+00 1.202e+00 3 
1.202e+00 1.259e+00 7 
1.259e+00 1.318e+00 7 
1.318e+00 1.380e+00 7 
1.380e+00 1.445e+00 6 
1.445e+00 1.514e+00 8 
1.514e+00 1.585e+00 5 
1.585e+00 1.660e+00 7 
1.660e+00 1.738e+00 7 
1.738e+00 1.820e+00 14 
1.820e+00 1.905e+00 13 
1.905e+00 1.995e+00 9 
1.995e+00 2.089e+00 12 
2.089e+00 2.188e+00 14 
2.188e+00 2.291e+00 19 
2.291e+00 2.399e+00 14 
2.399e+00 2.512e+00 11 
2.512e+00 2.630e+00 22 
2.630e+00 2.754e+00 13 
2.754e+00 2.884e+00 22 
2.884e+00 3.020e+00 19 
3.020e+00 3.162e+00 23 
3.162e+00 3.311e+00 34 
3.311e+00 3.467e+00 25 
3.467e+00 3.631e+00 33 
3.631e+00 3.802e+00 26 
3.802e+00 3.981e+00 31 
3.981e+00 4.169e+00 51 
4.169e+00 4.365e+00 32 
4.365e+00 4.571e+00 39 
4.571e+00 4.786e+00 50 
4.786e+00 5.012e+00 56 
5.012e+00 5.248e+00 68 
5.248e+00 5.495e+00 75 
5.495e+00 5.754e+00 70 
5.754e+00 6.026e+00 74 
6.026e+00 6.310e+00 97 
6.310e+00 6.607e+00 95 
6.607e+00 6.918e+00 99 
6.918e+00 7.244e+00 131 
7.244e+00 7.586e+00 147 
7.586e+00 7.943e+00 132 
7.943e+00 8.318e+00 163 
8.318e+00 8.710e+00 167 
8.710e+00 9.120e+00 178 
9.120e+00 9.550e+00 211 
9.550e+00 1.000e+01 231 
1.000e+01 1.047e+01 228 
1.047e+01 1.096e+01 235 
1.096e+01 1.148e+01 284 
1.148e+01 1.202e+01 301 
1.202e+01 1.259e+01 334 
1.259e+01 1.318e+01 382 
1.318e+01 1.380e+01 420 
1.380e+01 1.445e+01 458 
1.445e+01 1.514e+01 482 
1.514e+01 1.585e+01 501 
1.585e+01 1.660e+01 603 
1.660e+01 1.738e+01 632 
1.738e+01 1.820e+01 740 
1.820e+01 1.905e+01 733 
1.905e+01 1.995e+01 864 
1.995e+01 2.089e+01 878 
2.089e+01 2.188e+01 977 
2.188e+01 2.291e+01 1114 
2.291e+01 2.399e+01 1129 
2.399e+01 2.512e+01 1282 
2.512e+01 2.630e+01 1445 
2.630e+01 2.754e+01 1540 
2.754e+01 2.884e+01 1660 
2.884e+01 3.020e+01 1821 
3.020e+01 3.162e+01 2033 
3.162e+01 3.311e+01 2076 
3.311e+01 3.467e+01 2475 
3.467e+01 3.631e+01 2640 
3.631e+01 3.802e+01 2845 
3.802e+01 3.981e+01 3119 
3.981e+01 4.169e+01 3416 
4.169e+01 4.365e+01 3683 
4.365e+01 4.571e+01 4070 
4.571e+01 4.786e+01 4356 
4.786e+01 5.012e+01 4898 
5.012e+01 5.248e+01 5173 
5.248e+01 5.495e+01 5708 
5.495e+01 5.754e+01 6203 
5.754e+01 6.026e+01 6773 
6.026e+01 6.310e+01 7488 
6.310e+01 6.607e+01 8041 
6.607e+01 6.918e+01 8873 
6.918e+01 7.244e+01 9683 
7.244e+01 7.586e+01 10561 
7.586e+01 7.943e+01 11312 
7.943e+01 8.318e+01 12659 
8.318e+01 8.710e+01 13761 
8.710e+01 9.120e+01 14887 
9.120e+01 9.550e+01 16356 
9.550e+01 1.000e+02 17928 
1.000e+02 1.047e+02 19325 
1.047e+02 1.096e+02 20849 
1.096e+02 1.148e+02 23270 
1.148e+02 1.202e+02 24732 
1.202e+02 1.259e+02 27253 
1.259e+02 1.318e+02 29645 
1.318e+02 1.380e+02 32500 
1.380e+02 1.445e+02 35667 
1.445e+02 1.514e+02 38221 
1.514e+02 1.585e+02 42358 
1.585e+02 1.660e+02 45662 
1.660e+02 1.738e+02 50144 
1.738e+02 1.820e+02 54272 
1.820e+02 1.905e+02 59349 
1.905e+02 1.995e+02 64292 
1.995e+02 2.089e+02 70445 
2.089e+02 2.188e+02 75944 
2.188e+02 2.291e+02 83125 
2.291e+02 2.399e+02 90475 
2.399e+02 2.512e+02 98873 
2.512e+02 2.630e+02 107309 
2.630e+02 2.754e+02 116803 
2.754e+02 2.884e+02 127125 
2.884e+02 3.020e+02 138880 
3.020e+02 3.162e+02 151187 
3.162e+02 3.311e+02 165460 
3.311e+02 3.467e+02 179280 
3.467e+02 3.631e+02 195597 
3.631e+02 3.802e+02 212609 
3.802e+02 3.981e+02 230400 
3.981e+02 4.169e+02 250856 
4.169e+02 4.365e+02 273120 
4.365e+02 4.571e+02 296120 
4.571e+02 4.786e+02 323532 
4.786e+02 5.012e+02 350789 
5.012e+02 5.248e+02 381886 
5.248e+02 5.495e+02 415792 
5.495e+02 5.754e+02 452446 
5.754e+02 6.026e+02 494318 
6.026e+02 6.310e+02 538302 
6.310e+02 6.607e+02 585225 
6.607e+02 6.918e+02 639925 
6.918e+02 7.244e+02 692993 
7.244e+02 7.586e+02 756736 
7.586e+02 7.943e+02 820537 
7.943e+02 8.318e+02 893154 
8.318e+02 8.710e+02 975133 
8.710e+02 9.120e+02 1059623 
9.120e+02 9.550e+02 1151504 
9.550e+02 1.000e+03 1254434 
1.000e+03 1.047e+03 1364383 
1.047e+03 1.096e+03 1487540 
1.096e+03 1.148e+03 1617965 
1.148e+03 1.202e+03 1758563 
1.202e+03 1.259e+03 1911960 
1.259e+03 1.318e+03 2080471 
1.318e+03 1.380e+03 2261380 
1.380e+03 1.445e+03 2466295 
1.445e+03 1.514e+03 2678515 
1.514e+03 1.585e+03 2916273 
1.585e+03 1.660e+03 3164340 
1.660e+03 1.738e+03 3444350 
1.738e+03 1.820e+03 3746120 
1.820e+03 1.905e+03 4073763 
1.905e+03 1.995e+03 4418357 
1.995e+03 2.089e+03 4797628 
2.089e+03 2.188e+03 5212204 
2.188e+03 2.291e+03 5663346 
2.291e+03 2.399e+03 6152925 
2.399e+03 2.512e+03 6685406 
2.512e+03 2.630e+03 7255209 
2.630e+03 2.754e+03 7885138 
2.754e+03 2.884e+03 8556983 
2.884e+03 3.020e+03 9301646 
3.020e+03 3.162e+03 10096219 
3.162e+03 3.311e+03 10967636 
3.311e+03 3.467e+03 11914176 
3.467e+03 3.631e+03 12945653 
3.631e+03 3.802e+03 14070025 
3.802e+03 3.981e+03 15270050 
3.981e+03 4.169e+03 16555450 
4.169e+03 4.365e+03 17955791 
4.365e+03 4.571e+03 19473309 
4.571e+03 4.786e+03 21137502 
4.786e+03 5.012e+03 22935362 
5.012e+03 5.248e+03 24891629 
5.248e+03 5.495e+03 27009496 
5.495e+03 5.754e+03 29276488 
5.754e+03 6.026e+03 31745161 
6.026e+03 6.310e+03 34436968 
6.310e+03 6.607e+03 37355842 
6.607e+03 6.918e+03 40503493 
6.918e+03 7.244e+03 43912985 
7.244e+03 7.586e+03 47584394 
7.586e+03 7.943e+03 51604972 
7.943e+03 8.318e+03 55906146 
8.318e+03 8.710e+03 60568067 
8.710e+03 9.120e+03 65601901 
9.120e+03 9.550e+03 71072184 
9.550e+03 1.000e+04 76972683 
1.000e+04 1.047e+04 83289695 
1.047e+04 1.096e+04 90170885 
1.096e+04 1.148e+04 97588536 
1.148e+04 1.202e+04 105566224 
1.202e+04 1.259e+04 114197310 
1.259e+04 1.318e+04 123437895 
1.318e+04 1.380e+04 133499105 
1.380e+04 1.445e+04 144398027 
1.445e+04 1.514e+04 156082430 
1.514e+04 1.585e+04 168679065 
1.585e+04 1.660e+04 182297071 
1.660e+04 1.738e+04 196927621 
1.738e+04 1.820e+04 212640661 
1.820e+04 1.905e+04 229469053 
1.905e+04 1.995e+04 247739608 
1.995e+04 2.089e+04 267400883 
2.089e+04 2.188e+04 288409432 
2.188e+04 2.291e+04 310934937 
2.291e+04 2.399e+04 335155194 
2.399e+04 2.512e+04 361240628 
2.512e+04 2.630e+04 389194869 
2.630e+04 2.754e+04 419069448 
2.754e+04 2.884e+04 451177459 
2.884e+04 3.020e+04 485638856 
3.020e+04 3.162e+04 522574455 
3.162e+04 3.311e+04 562073449 
3.311e+04 3.467e+04 604218629 
3.467e+04 3.631e+04 649270186 
3.631e+04 3.802e+04 697099955 
3.802e+04 3.981e+04 748241998 
3.981e+04 4.169e+04 802669975 
4.169e+04 4.365e+04 860338400 
4.365e+04 4.571e+04 921936789 
4.571e+04 4.786e+04 987101450 
4.786e+04 5.012e+04 1056515430 
5.012e+04 5.248e+04 1130240683 
5.248e+04 5.495e+04 1208069202 
5.495e+04 5.754e+04 1290184825 
5.754e+04 6.026e+04 1377130658 
6.026e+04 6.310e+04 1468824308 
6.310e+04 6.607e+04 1565041546 
6.607e+04 6.918e+04 1665652522 
6.918e+04 7.244e+04 1770908612 
7.244e+04 7.586e+04 1881003486 
7.586e+04 7.943e+04 1996209013 
7.943e+04 8.318e+04 2116338372 
8.318e+04 8.710e+04 2240796061 
8.710e+04 9.120e+04 2368544149 
9.120e+04 9.550e+04 2501303619 
9.550e+04 1.000e+05 2636898597 
1.000e+05 1.047e+05 2774263178 
1.047e+05 1.096e+05 2910956218 
1.096e+05 1.148e+05 3049322371 
1.148e+05 1.202e+05 3189666706 
