1.000e+00 1.047e+00 5 
1.047e+00 1.096e+00 5 
1.096e+00 1.148e+00 5 
1.148e+00 1.202e+00 4 
1.202e+00 1.259e+00 14 
1.259e+00 1.318e+00 6 
1.318e+00 1.380e+00 4 
1.380e+00 1.445e+00 8 
1.445e+00 1.514e+00 8 
1.514e+00 1.585e+00 8 
1.585e+00 1.660e+00 13 
1.660e+00 1.738e+00 7 
1.738e+00 1.820e+00 10 
1.820e+00 1.905e+00 7 
1.905e+00 1.995e+00 12 
1.995e+00 2.089e+00 25 
2.089e+00 2.188e+00 21 
2.188e+00 2.291e+00 13 
2.291e+00 2.399e+00 18 
2.399e+00 2.512e+00 28 
2.512e+00 2.630e+00 22 
2.630e+00 2.754e+00 26 
2.754e+00 2.884e+00 31 
2.884e+00 3.020e+00 26 
3.020e+00 3.162e+00 39 
3.162e+00 3.311e+00 37 
3.311e+00 3.467e+00 53 
3.467e+00 3.631e+00 52 
3.631e+00 3.802e+00 71 
3.802e+00 3.981e+00 62 
3.981e+00 4.169e+00 69 
4.169e+00 4.365e+00 56 
4.365e+00 4.571e+00 84 
4.571e+00 4.786e+00 77 
4.786e+00 5.012e+00 113 
5.012e+00 5.248e+00 121 
5.248e+00 5.495e+00 124 
5.495e+00 5.754e+00 116 
5.754e+00 6.026e+00 153 
6.026e+00 6.310e+00 174 
6.310e+00 6.607e+00 181 
6.607e+00 6.918e+00 176 
6.918e+00 7.244e+00 203 
7.244e+00 7.586e+00 214 
7.586e+00 7.943e+00 234 
7.943e+00 8.318e+00 267 
8.318e+00 8.710e+00 303 
8.710e+00 9.120e+00 329 
9.120e+00 9.550e+00 351 
9.550e+00 1.000e+01 404 
1.000e+01 1.047e+01 386 
1.047e+01 1.096e+01 458 
1.096e+01 1.148e+01 503 
1.148e+01 1.202e+01 586 
1.202e+01 1.259e+01 659 
1.259e+01 1.318e+01 721 
1.318e+01 1.380e+01 723 
1.380e+01 1.445e+01 826 
1.445e+01 1.514e+01 920 
1.514e+01 1.585e+01 940 
1.585e+01 1.660e+01 1076 
1.660e+01 1.738e+01 1114 
1.738e+01 1.820e+01 1245 
1.820e+01 1.905e+01 1433 
1.905e+01 1.995e+01 1586 
1.995e+01 2.089e+01 1676 
2.089e+01 2.188e+01 1980 
2.188e+01 2.291e+01 2079 
2.291e+01 2.399e+01 2153 
2.399e+01 2.512e+01 2452 
2.512e+01 2.630e+01 2620 
2.630e+01 2.754e+01 2963 
2.754e+01 2.884e+01 3311 
2.884e+01 3.020e+01 3571 
3.020e+01 3.162e+01 3995 
3.162e+01 3.311e+01 4228 
3.311e+01 3.467e+01 4664 
3.467e+01 3.631e+01 5220 
3.631e+01 3.802e+01 5590 
3.802e+01 3.981e+01 6207 
3.981e+01 4.169e+01 6821 
4.169e+01 4.365e+01 7422 
4.365e+01 4.571e+01 8178 
4.571e+01 4.786e+01 8825 
4.786e+01 5.012e+01 9709 
5.012e+01 5.248e+01 10458 
5.248e+01 5.495e+01 11606 
5.495e+01 5.754e+01 12863 
5.754e+01 6.026e+01 13956 
6.026e+01 6.310e+01 15536 
6.310e+01 6.607e+01 16945 
6.607e+01 6.918e+01 18466 
6.918e+01 7.244e+01 20382 
7.244e+01 7.586e+01 22257 
7.586e+01 7.943e+01 24310 
7.943e+01 8.318e+01 26993 
8.318e+01 8.710e+01 29622 
8.710e+01 9.120e+01 32042 
9.120e+01 9.550e+01 35438 
9.550e+01 1.000e+02 38757 
1.000e+02 1.047e+02 42544 
1.047e+02 1.096e+02 45851 
1.096e+02 1.148e+02 51374 
1.148e+02 1.202e+02 55865 
1.202e+02 1.259e+02 61220 
1.259e+02 1.318e+02 67772 
1.318e+02 1.380e+02 74008 
1.380e+02 1.445e+02 80832 
1.445e+02 1.514e+02 88796 
1.514e+02 1.585e+02 97258 
1.585e+02 1.660e+02 106766 
1.660e+02 1.738e+02 116278 
1.738e+02 1.820e+02 128392 
1.820e+02 1.905e+02 140707 
1.905e+02 1.995e+02 153670 
1.995e+02 2.089e+02 169040 
2.089e+02 2.188e+02 184302 
2.188e+02 2.291e+02 203638 
2.291e+02 2.399e+02 222642 
2.399e+02 2.512e+02 243431 
2.512e+02 2.630e+02 266872 
2.630e+02 2.754e+02 292260 
2.754e+02 2.884e+02 321876 
2.884e+02 3.020e+02 351701 
3.020e+02 3.162e+02 386484 
3.162e+02 3.311e+02 422634 
3.311e+02 3.467e+02 463265 
3.467e+02 3.631e+02 509386 
3.631e+02 3.802e+02 557553 
3.802e+02 3.981e+02 611251 
3.981e+02 4.169e+02 672954 
4.169e+02 4.365e+02 735449 
4.365e+02 4.571e+02 807090 
4.571e+02 4.786e+02 884293 
4.786e+02 5.012e+02 971832 
5.012e+02 5.248e+02 1062491 
5.248e+02 5.495e+02 1164271 
5.495e+02 5.754e+02 1278289 
5.754e+02 6.026e+02 1399980 
6.026e+02 6.310e+02 1535150 
6.310e+02 6.607e+02 1684569 
6.607e+02 6.918e+02 1843297 
6.918e+02 7.244e+02 2021873 
7.244e+02 7.586e+02 2217915 
7.586e+02 7.943e+02 2431732 
7.943e+02 8.318e+02 2667672 
8.318e+02 8.710e+02 2923397 
8.710e+02 9.120e+02 3208250 
9.120e+02 9.550e+02 3509230 
9.550e+02 1.000e+03 3849470 
1.000e+03 1.047e+03 4216302 
1.047e+03 1.096e+03 4616627 
1.096e+03 1.148e+03 5064196 
1.148e+03 1.202e+03 5553499 
1.202e+03 1.259e+03 6092057 
1.259e+03 1.318e+03 6671022 
1.318e+03 1.380e+03 7306616 
1.380e+03 1.445e+03 8018603 
1.445e+03 1.514e+03 8778777 
1.514e+03 1.585e+03 9628310 
1.585e+03 1.660e+03 10543069 
1.660e+03 1.738e+03 11556532 
1.738e+03 1.820e+03 12668782 
1.820e+03 1.905e+03 13876136 
1.905e+03 1.995e+03 15210710 
1.995e+03 2.089e+03 16656095 
2.089e+03 2.188e+03 18267615 
2.188e+03 2.291e+03 20000732 
2.291e+03 2.399e+03 21920239 
2.399e+03 2.512e+03 24029971 
2.512e+03 2.630e+03 26318354 
2.630e+03 2.754e+03 28845807 
2.754e+03 2.884e+03 31605910 
2.884e+03 3.020e+03 34634217 
3.020e+03 3.162e+03 37946024 
3.162e+03 3.311e+03 41562448 
3.311e+03 3.467e+03 45524348 
3.467e+03 3.631e+03 49844222 
3.631e+03 3.802e+03 54623710 
3.802e+03 3.981e+03 59809085 
3.981e+03 4.169e+03 65498499 
4.169e+03 4.365e+03 71746628 
4.365e+03 4.571e+03 78601241 
4.571e+03 4.786e+03 86070370 
4.786e+03 5.012e+03 94227389 
5.012e+03 5.248e+03 103144310 
5.248e+03 5.495e+03 112919779 
5.495e+03 5.754e+03 123601230 
5.754e+03 6.026e+03 135303497 
6.026e+03 6.310e+03 148037717 
6.310e+03 6.607e+03 162017941 
6.607e+03 6.918e+03 177323311 
6.918e+03 7.244e+03 194058975 
7.244e+03 7.586e+03 212242674 
7.586e+03 7.943e+03 232128633 
7.943e+03 8.318e+03 253930595 
8.318e+03 8.710e+03 277748559 
8.710e+03 9.120e+03 303814540 
9.120e+03 9.550e+03 332229391 
9.550e+03 1.000e+04 363272903 
1.000e+04 1.047e+04 397139092 
1.047e+04 1.096e+04 434134733 
1.096e+04 1.148e+04 474727252 
1.148e+04 1.202e+04 518666633 
1.202e+04 1.259e+04 566549752 
1.259e+04 1.318e+04 618782153 
1.318e+04 1.380e+04 675671268 
1.380e+04 1.445e+04 737832653 
1.445e+04 1.514e+04 805442476 
1.514e+04 1.585e+04 879153579 
1.585e+04 1.660e+04 959818597 
1.660e+04 1.738e+04 1047282351 
1.738e+04 1.820e+04 1142545836 
1.820e+04 1.905e+04 1246284513 
1.905e+04 1.995e+04 1358702955 
1.995e+04 2.089e+04 1482099470 
2.089e+04 2.188e+04 1615185660 
2.188e+04 2.291e+04 1758564018 
2.291e+04 2.399e+04 1914740883 
2.399e+04 2.512e+04 2082713258 
2.512e+04 2.630e+04 2263608078 
2.630e+04 2.754e+04 2459712954 
2.754e+04 2.884e+04 2673714337 
2.884e+04 3.020e+04 2904139625 
3.020e+04 3.162e+04 3153630649 
3.162e+04 3.311e+04 3422862761 
3.311e+04 3.467e+04 3715281757 
3.467e+04 3.631e+04 4030839793 
3.631e+04 3.802e+04 4371427873 
3.802e+04 3.981e+04 4734292905 
3.981e+04 4.169e+04 5123185408 
4.169e+04 4.365e+04 5535224422 
4.365e+04 4.571e+04 5980620395 
4.571e+04 4.786e+04 6464569830 
4.786e+04 5.012e+04 6993866374 
5.012e+04 5.248e+04 7564527069 
5.248e+04 5.495e+04 8165788930 
5.495e+04 5.754e+04 8810033785 
5.754e+04 6.026e+04 9500840789 
6.026e+04 6.310e+04 10236420578 
6.310e+04 6.607e+04 11014993237 
6.607e+04 6.918e+04 11844481896 
6.918e+04 7.244e+04 12716533470 
7.244e+04 7.586e+04 13637882848 
7.586e+04 7.943e+04 14597331412 
7.943e+04 8.318e+04 15591128416 
8.318e+04 8.710e+04 16609899226 
8.710e+04 9.120e+04 17718818170 
9.120e+04 9.550e+04 18914192210 
9.550e+04 1.000e+05 20150224559 
1.000e+05 1.047e+05 21399116116 
1.047e+05 1.096e+05 22617321929 
1.096e+05 1.148e+05 23837108112 
1.148e+05 1.202e+05 25130060118 
