1.000e+00 1.047e+00 209 
1.047e+00 1.096e+00 229 
1.096e+00 1.148e+00 209 
1.148e+00 1.202e+00 252 
1.202e+00 1.259e+00 242 
1.259e+00 1.318e+00 231 
1.318e+00 1.380e+00 272 
1.380e+00 1.445e+00 258 
1.445e+00 1.514e+00 321 
1.514e+00 1.585e+00 322 
1.585e+00 1.660e+00 310 
1.660e+00 1.738e+00 334 
1.738e+00 1.820e+00 369 
1.820e+00 1.905e+00 415 
1.905e+00 1.995e+00 416 
1.995e+00 2.089e+00 420 
2.089e+00 2.188e+00 425 
2.188e+00 2.291e+00 546 
2.291e+00 2.399e+00 480 
2.399e+00 2.512e+00 525 
2.512e+00 2.630e+00 563 
2.630e+00 2.754e+00 569 
2.754e+00 2.884e+00 646 
2.884e+00 3.020e+00 610 
3.020e+00 3.162e+00 661 
3.162e+00 3.311e+00 679 
3.311e+00 3.467e+00 712 
3.467e+00 3.631e+00 759 
3.631e+00 3.802e+00 782 
3.802e+00 3.981e+00 816 
3.981e+00 4.169e+00 809 
4.169e+00 4.365e+00 908 
4.365e+00 4.571e+00 848 
4.571e+00 4.786e+00 994 
4.786e+00 5.012e+00 1003 
5.012e+00 5.248e+00 1057 
5.248e+00 5.495e+00 1075 
5.495e+00 5.754e+00 1183 
5.754e+00 6.026e+00 1179 
6.026e+00 6.310e+00 1191 
6.310e+00 6.607e+00 1240 
6.607e+00 6.918e+00 1328 
6.918e+00 7.244e+00 1351 
7.244e+00 7.586e+00 1433 
7.586e+00 7.943e+00 1519 
7.943e+00 8.318e+00 1543 
8.318e+00 8.710e+00 1645 
8.710e+00 9.120e+00 1705 
9.120e+00 9.550e+00 1700 
9.550e+00 1.000e+01 1793 
1.000e+01 1.047e+01 1977 
1.047e+01 1.096e+01 2049 
1.096e+01 1.148e+01 2113 
1.148e+01 1.202e+01 2185 
1.202e+01 1.259e+01 2288 
1.259e+01 1.318e+01 2334 
1.318e+01 1.380e+01 2469 
1.380e+01 1.445e+01 2644 
1.445e+01 1.514e+01 2726 
1.514e+01 1.585e+01 2959 
1.585e+01 1.660e+01 3036 
1.660e+01 1.738e+01 3197 
1.738e+01 1.820e+01 3306 
1.820e+01 1.905e+01 3401 
1.905e+01 1.995e+01 3661 
1.995e+01 2.089e+01 3840 
2.089e+01 2.188e+01 4052 
2.188e+01 2.291e+01 4287 
2.291e+01 2.399e+01 4465 
2.399e+01 2.512e+01 4734 
2.512e+01 2.630e+01 4735 
2.630e+01 2.754e+01 5229 
2.754e+01 2.884e+01 5488 
2.884e+01 3.020e+01 5770 
3.020e+01 3.162e+01 6129 
3.162e+01 3.311e+01 6346 
3.311e+01 3.467e+01 6721 
3.467e+01 3.631e+01 7091 
3.631e+01 3.802e+01 7315 
3.802e+01 3.981e+01 7677 
3.981e+01 4.169e+01 8520 
4.169e+01 4.365e+01 8803 
4.365e+01 4.571e+01 9447 
4.571e+01 4.786e+01 9811 
4.786e+01 5.012e+01 10485 
5.012e+01 5.248e+01 10996 
5.248e+01 5.495e+01 11850 
5.495e+01 5.754e+01 12425 
5.754e+01 6.026e+01 13244 
6.026e+01 6.310e+01 14058 
6.310e+01 6.607e+01 14985 
6.607e+01 6.918e+01 15673 
6.918e+01 7.244e+01 17052 
7.244e+01 7.586e+01 18153 
7.586e+01 7.943e+01 19476 
7.943e+01 8.318e+01 20403 
8.318e+01 8.710e+01 22244 
8.710e+01 9.120e+01 23476 
9.120e+01 9.550e+01 25036 
9.550e+01 1.000e+02 27008 
1.000e+02 1.047e+02 28935 
1.047e+02 1.096e+02 30944 
1.096e+02 1.148e+02 32875 
1.148e+02 1.202e+02 35649 
1.202e+02 1.259e+02 38212 
1.259e+02 1.318e+02 40895 
1.318e+02 1.380e+02 43489 
1.380e+02 1.445e+02 47015 
1.445e+02 1.514e+02 50356 
1.514e+02 1.585e+02 54170 
1.585e+02 1.660e+02 57660 
1.660e+02 1.738e+02 61567 
1.738e+02 1.820e+02 66136 
1.820e+02 1.905e+02 70675 
1.905e+02 1.995e+02 75908 
1.995e+02 2.089e+02 81375 
2.089e+02 2.188e+02 87390 
2.188e+02 2.291e+02 93526 
2.291e+02 2.399e+02 100090 
2.399e+02 2.512e+02 106188 
2.512e+02 2.630e+02 115472 
2.630e+02 2.754e+02 123922 
2.754e+02 2.884e+02 131677 
2.884e+02 3.020e+02 141922 
3.020e+02 3.162e+02 151270 
3.162e+02 3.311e+02 161495 
3.311e+02 3.467e+02 173363 
3.467e+02 3.631e+02 186313 
3.631e+02 3.802e+02 199695 
3.802e+02 3.981e+02 214039 
3.981e+02 4.169e+02 228651 
4.169e+02 4.365e+02 244947 
4.365e+02 4.571e+02 263533 
4.571e+02 4.786e+02 283144 
4.786e+02 5.012e+02 303292 
5.012e+02 5.248e+02 327251 
5.248e+02 5.495e+02 351153 
5.495e+02 5.754e+02 377368 
5.754e+02 6.026e+02 404347 
6.026e+02 6.310e+02 434280 
6.310e+02 6.607e+02 468114 
6.607e+02 6.918e+02 501668 
6.918e+02 7.244e+02 541149 
7.244e+02 7.586e+02 582011 
7.586e+02 7.943e+02 629005 
7.943e+02 8.318e+02 677675 
8.318e+02 8.710e+02 731092 
8.710e+02 9.120e+02 787921 
9.120e+02 9.550e+02 850021 
9.550e+02 1.000e+03 919086 
1.000e+03 1.047e+03 993032 
1.047e+03 1.096e+03 1070389 
1.096e+03 1.148e+03 1156039 
1.148e+03 1.202e+03 1243395 
1.202e+03 1.259e+03 1349001 
1.259e+03 1.318e+03 1457930 
1.318e+03 1.380e+03 1574652 
1.380e+03 1.445e+03 1702918 
1.445e+03 1.514e+03 1837273 
1.514e+03 1.585e+03 1990263 
1.585e+03 1.660e+03 2152551 
1.660e+03 1.738e+03 2331989 
1.738e+03 1.820e+03 2525618 
1.820e+03 1.905e+03 2721682 
1.905e+03 1.995e+03 2947984 
1.995e+03 2.089e+03 3186965 
2.089e+03 2.188e+03 3446091 
2.188e+03 2.291e+03 3731380 
2.291e+03 2.399e+03 4038623 
2.399e+03 2.512e+03 4368182 
2.512e+03 2.630e+03 4722874 
2.630e+03 2.754e+03 5117926 
2.754e+03 2.884e+03 5557995 
2.884e+03 3.020e+03 6046337 
3.020e+03 3.162e+03 6573827 
3.162e+03 3.311e+03 7133315 
3.311e+03 3.467e+03 7734530 
3.467e+03 3.631e+03 8394707 
3.631e+03 3.802e+03 9114297 
3.802e+03 3.981e+03 9876296 
3.981e+03 4.169e+03 10754302 
4.169e+03 4.365e+03 11714202 
4.365e+03 4.571e+03 12764417 
4.571e+03 4.786e+03 13880409 
4.786e+03 5.012e+03 15125046 
5.012e+03 5.248e+03 16448149 
5.248e+03 5.495e+03 17904900 
5.495e+03 5.754e+03 19470520 
5.754e+03 6.026e+03 21188459 
6.026e+03 6.310e+03 23094123 
6.310e+03 6.607e+03 25197910 
6.607e+03 6.918e+03 27431944 
6.918e+03 7.244e+03 29906687 
7.244e+03 7.586e+03 32614295 
7.586e+03 7.943e+03 35590094 
7.943e+03 8.318e+03 38744697 
8.318e+03 8.710e+03 42226785 
8.710e+03 9.120e+03 46122205 
9.120e+03 9.550e+03 50313112 
9.550e+03 1.000e+04 54942918 
1.000e+04 1.047e+04 59996682 
1.047e+04 1.096e+04 65479957 
1.096e+04 1.148e+04 71569024 
1.148e+04 1.202e+04 78190825 
1.202e+04 1.259e+04 85354533 
1.259e+04 1.318e+04 93105002 
1.318e+04 1.380e+04 101779602 
1.380e+04 1.445e+04 111196799 
1.445e+04 1.514e+04 121188671 
1.514e+04 1.585e+04 132242500 
1.585e+04 1.660e+04 144243349 
1.660e+04 1.738e+04 157644694 
1.738e+04 1.820e+04 172314027 
1.820e+04 1.905e+04 188347079 
1.905e+04 1.995e+04 205749497 
1.995e+04 2.089e+04 224579520 
2.089e+04 2.188e+04 245167909 
2.188e+04 2.291e+04 267719864 
2.291e+04 2.399e+04 291906238 
2.399e+04 2.512e+04 318240419 
2.512e+04 2.630e+04 347005748 
2.630e+04 2.754e+04 378382984 
2.754e+04 2.884e+04 412988435 
2.884e+04 3.020e+04 449718241 
3.020e+04 3.162e+04 489491608 
3.162e+04 3.311e+04 532871334 
3.311e+04 3.467e+04 578106402 
3.467e+04 3.631e+04 627201853 
3.631e+04 3.802e+04 682052285 
3.802e+04 3.981e+04 739313166 
3.981e+04 4.169e+04 799703086 
4.169e+04 4.365e+04 866995806 
4.365e+04 4.571e+04 941070321 
4.571e+04 4.786e+04 1020084691 
4.786e+04 5.012e+04 1105003920 
5.012e+04 5.248e+04 1195369286 
5.248e+04 5.495e+04 1293895755 
5.495e+04 5.754e+04 1402712688 
5.754e+04 6.026e+04 1513604052 
6.026e+04 6.310e+04 1632889158 
6.310e+04 6.607e+04 1757533135 
6.607e+04 6.918e+04 1889422325 
6.918e+04 7.244e+04 2022944769 
7.244e+04 7.586e+04 2168215115 
7.586e+04 7.943e+04 2315406852 
7.943e+04 8.318e+04 2480654933 
8.318e+04 8.710e+04 2646386649 
8.710e+04 9.120e+04 2820516802 
9.120e+04 9.550e+04 2998529150 
9.550e+04 1.000e+05 3184476900 
1.000e+05 1.047e+05 3372008237 
1.047e+05 1.096e+05 3550089283 
1.096e+05 1.148e+05 3733292590 
1.148e+05 1.202e+05 3913111678 
