1.000e+00 1.047e+00 6 
1.047e+00 1.096e+00 16 
1.096e+00 1.148e+00 24 
1.148e+00 1.202e+00 15 
1.202e+00 1.259e+00 10 
1.259e+00 1.318e+00 12 
1.318e+00 1.380e+00 10 
1.380e+00 1.445e+00 34 
1.445e+00 1.514e+00 50 
1.514e+00 1.585e+00 26 
1.585e+00 1.660e+00 26 
1.660e+00 1.738e+00 21 
1.738e+00 1.820e+00 30 
1.820e+00 1.905e+00 47 
1.905e+00 1.995e+00 38 
1.995e+00 2.089e+00 37 
2.089e+00 2.188e+00 57 
2.188e+00 2.291e+00 43 
2.291e+00 2.399e+00 60 
2.399e+00 2.512e+00 54 
2.512e+00 2.630e+00 77 
2.630e+00 2.754e+00 71 
2.754e+00 2.884e+00 70 
2.884e+00 3.020e+00 105 
3.020e+00 3.162e+00 80 
3.162e+00 3.311e+00 110 
3.311e+00 3.467e+00 99 
3.467e+00 3.631e+00 140 
3.631e+00 3.802e+00 125 
3.802e+00 3.981e+00 157 
3.981e+00 4.169e+00 139 
4.169e+00 4.365e+00 152 
4.365e+00 4.571e+00 185 
4.571e+00 4.786e+00 212 
4.786e+00 5.012e+00 217 
5.012e+00 5.248e+00 264 
5.248e+00 5.495e+00 290 
5.495e+00 5.754e+00 305 
5.754e+00 6.026e+00 365 
6.026e+00 6.310e+00 338 
6.310e+00 6.607e+00 415 
6.607e+00 6.918e+00 420 
6.918e+00 7.244e+00 450 
7.244e+00 7.586e+00 515 
7.586e+00 7.943e+00 525 
7.943e+00 8.318e+00 665 
8.318e+00 8.710e+00 687 
8.710e+00 9.120e+00 748 
9.120e+00 9.550e+00 785 
9.550e+00 1.000e+01 829 
1.000e+01 1.047e+01 926 
1.047e+01 1.096e+01 1002 
1.096e+01 1.148e+01 1130 
1.148e+01 1.202e+01 1295 
1.202e+01 1.259e+01 1320 
1.259e+01 1.318e+01 1482 
1.318e+01 1.380e+01 1692 
1.380e+01 1.445e+01 1829 
1.445e+01 1.514e+01 2016 
1.514e+01 1.585e+01 2087 
1.585e+01 1.660e+01 2259 
1.660e+01 1.738e+01 2692 
1.738e+01 1.820e+01 2792 
1.820e+01 1.905e+01 3044 
1.905e+01 1.995e+01 3402 
1.995e+01 2.089e+01 3750 
2.089e+01 2.188e+01 4012 
2.188e+01 2.291e+01 4399 
2.291e+01 2.399e+01 4829 
2.399e+01 2.512e+01 4946 
2.512e+01 2.630e+01 5775 
2.630e+01 2.754e+01 6169 
2.754e+01 2.884e+01 6627 
2.884e+01 3.020e+01 7407 
3.020e+01 3.162e+01 7872 
3.162e+01 3.311e+01 8666 
3.311e+01 3.467e+01 9503 
3.467e+01 3.631e+01 10548 
3.631e+01 3.802e+01 11329 
3.802e+01 3.981e+01 12281 
3.981e+01 4.169e+01 13501 
4.169e+01 4.365e+01 14616 
4.365e+01 4.571e+01 15842 
4.571e+01 4.786e+01 17514 
4.786e+01 5.012e+01 19099 
5.012e+01 5.248e+01 20756 
5.248e+01 5.495e+01 22760 
5.495e+01 5.754e+01 24763 
5.754e+01 6.026e+01 26938 
6.026e+01 6.310e+01 29378 
6.310e+01 6.607e+01 31831 
6.607e+01 6.918e+01 34955 
6.918e+01 7.244e+01 37962 
7.244e+01 7.586e+01 41451 
7.586e+01 7.943e+01 45007 
7.943e+01 8.318e+01 49023 
8.318e+01 8.710e+01 53441 
8.710e+01 9.120e+01 58507 
9.120e+01 9.550e+01 63679 
9.550e+01 1.000e+02 69304 
1.000e+02 1.047e+02 76102 
1.047e+02 1.096e+02 82996 
1.096e+02 1.148e+02 89353 
1.148e+02 1.202e+02 98039 
1.202e+02 1.259e+02 107000 
1.259e+02 1.318e+02 116312 
1.318e+02 1.380e+02 126912 
1.380e+02 1.445e+02 137965 
1.445e+02 1.514e+02 150463 
1.514e+02 1.585e+02 164976 
1.585e+02 1.660e+02 179224 
1.660e+02 1.738e+02 194056 
1.738e+02 1.820e+02 211977 
1.820e+02 1.905e+02 231224 
1.905e+02 1.995e+02 252488 
1.995e+02 2.089e+02 274878 
2.089e+02 2.188e+02 300268 
2.188e+02 2.291e+02 327045 
2.291e+02 2.399e+02 356692 
2.399e+02 2.512e+02 388260 
2.512e+02 2.630e+02 423474 
2.630e+02 2.754e+02 461655 
2.754e+02 2.884e+02 503279 
2.884e+02 3.020e+02 546952 
3.020e+02 3.162e+02 596116 
3.162e+02 3.311e+02 649362 
3.311e+02 3.467e+02 705647 
3.467e+02 3.631e+02 769796 
3.631e+02 3.802e+02 834965 
3.802e+02 3.981e+02 912444 
3.981e+02 4.169e+02 995345 
4.169e+02 4.365e+02 1083341 
4.365e+02 4.571e+02 1183428 
4.571e+02 4.786e+02 1287936 
4.786e+02 5.012e+02 1404336 
5.012e+02 5.248e+02 1527140 
5.248e+02 5.495e+02 1662950 
5.495e+02 5.754e+02 1811868 
5.754e+02 6.026e+02 1973878 
6.026e+02 6.310e+02 2146293 
6.310e+02 6.607e+02 2336957 
6.607e+02 6.918e+02 2546718 
6.918e+02 7.244e+02 2769066 
7.244e+02 7.586e+02 3020318 
7.586e+02 7.943e+02 3281509 
7.943e+02 8.318e+02 3572772 
8.318e+02 8.710e+02 3888249 
8.710e+02 9.120e+02 4231283 
9.120e+02 9.550e+02 4607519 
9.550e+02 1.000e+03 5013081 
1.000e+03 1.047e+03 5461546 
1.047e+03 1.096e+03 5935462 
1.096e+03 1.148e+03 6457817 
1.148e+03 1.202e+03 7033274 
1.202e+03 1.259e+03 7647781 
1.259e+03 1.318e+03 8326477 
1.318e+03 1.380e+03 9056719 
1.380e+03 1.445e+03 9853489 
1.445e+03 1.514e+03 10722611 
1.514e+03 1.585e+03 11655980 
1.585e+03 1.660e+03 12669957 
1.660e+03 1.738e+03 13788012 
1.738e+03 1.820e+03 14981716 
1.820e+03 1.905e+03 16272943 
1.905e+03 1.995e+03 17707983 
1.995e+03 2.089e+03 19251870 
2.089e+03 2.188e+03 20939223 
2.188e+03 2.291e+03 22783941 
2.291e+03 2.399e+03 24772548 
2.399e+03 2.512e+03 26909463 
2.512e+03 2.630e+03 29219018 
2.630e+03 2.754e+03 31753655 
2.754e+03 2.884e+03 34473359 
2.884e+03 3.020e+03 37423898 
3.020e+03 3.162e+03 40620606 
3.162e+03 3.311e+03 44125080 
3.311e+03 3.467e+03 47908961 
3.467e+03 3.631e+03 52000166 
3.631e+03 3.802e+03 56468468 
3.802e+03 3.981e+03 61329804 
3.981e+03 4.169e+03 66557163 
4.169e+03 4.365e+03 72248959 
4.365e+03 4.571e+03 78423000 
4.571e+03 4.786e+03 85100555 
4.786e+03 5.012e+03 92303261 
5.012e+03 5.248e+03 100181211 
5.248e+03 5.495e+03 108628093 
5.495e+03 5.754e+03 117806834 
5.754e+03 6.026e+03 127817733 
6.026e+03 6.310e+03 138545236 
6.310e+03 6.607e+03 150302410 
6.607e+03 6.918e+03 162866812 
6.918e+03 7.244e+03 176515969 
7.244e+03 7.586e+03 191273668 
7.586e+03 7.943e+03 207290804 
7.943e+03 8.318e+03 224582379 
8.318e+03 8.710e+03 243340785 
8.710e+03 9.120e+03 263661636 
9.120e+03 9.550e+03 285425122 
9.550e+03 1.000e+04 309008297 
1.000e+04 1.047e+04 334441073 
1.047e+04 1.096e+04 361948360 
1.096e+04 1.148e+04 391463359 
1.148e+04 1.202e+04 423599367 
1.202e+04 1.259e+04 458321003 
1.259e+04 1.318e+04 495541603 
1.318e+04 1.380e+04 535748672 
1.380e+04 1.445e+04 579385948 
1.445e+04 1.514e+04 626314000 
1.514e+04 1.585e+04 676765041 
1.585e+04 1.660e+04 731425064 
1.660e+04 1.738e+04 790107545 
1.738e+04 1.820e+04 853137533 
1.820e+04 1.905e+04 920956653 
1.905e+04 1.995e+04 993990302 
1.995e+04 2.089e+04 1072273242 
2.089e+04 2.188e+04 1156236677 
2.188e+04 2.291e+04 1246588427 
2.291e+04 2.399e+04 1343395477 
2.399e+04 2.512e+04 1447545004 
2.512e+04 2.630e+04 1559382635 
2.630e+04 2.754e+04 1679136301 
2.754e+04 2.884e+04 1807562862 
2.884e+04 3.020e+04 1944854726 
3.020e+04 3.162e+04 2092428142 
3.162e+04 3.311e+04 2250387701 
3.311e+04 3.467e+04 2419824231 
3.467e+04 3.631e+04 2600161727 
3.631e+04 3.802e+04 2792369822 
3.802e+04 3.981e+04 2997157154 
3.981e+04 4.169e+04 3214510764 
4.169e+04 4.365e+04 3446169242 
4.365e+04 4.571e+04 3692129692 
4.571e+04 4.786e+04 3953909108 
4.786e+04 5.012e+04 4232378719 
5.012e+04 5.248e+04 4526842304 
5.248e+04 5.495e+04 4837059736 
5.495e+04 5.754e+04 5167190921 
5.754e+04 6.026e+04 5512426335 
6.026e+04 6.310e+04 5879028496 
6.310e+04 6.607e+04 6265926038 
6.607e+04 6.918e+04 6670699737 
6.918e+04 7.244e+04 7093596320 
7.244e+04 7.586e+04 7535479072 
7.586e+04 7.943e+04 7994194954 
7.943e+04 8.318e+04 8471396063 
8.318e+04 8.710e+04 8970481622 
8.710e+04 9.120e+04 9479393066 
9.120e+04 9.550e+04 9999705613 
9.550e+04 1.000e+05 10536342697 
1.000e+05 1.047e+05 11086105745 
1.047e+05 1.096e+05 11643616612 
1.096e+05 1.148e+05 12201271141 
1.148e+05 1.202e+05 12756689336 
