1.000e+00 1.047e+00 594 
1.047e+00 1.096e+00 575 
1.096e+00 1.148e+00 671 
1.148e+00 1.202e+00 680 
1.202e+00 1.259e+00 671 
1.259e+00 1.318e+00 729 
1.318e+00 1.380e+00 761 
1.380e+00 1.445e+00 817 
1.445e+00 1.514e+00 850 
1.514e+00 1.585e+00 842 
1.585e+00 1.660e+00 895 
1.660e+00 1.738e+00 929 
1.738e+00 1.820e+00 1030 
1.820e+00 1.905e+00 1040 
1.905e+00 1.995e+00 1095 
1.995e+00 2.089e+00 1151 
2.089e+00 2.188e+00 1185 
2.188e+00 2.291e+00 1304 
2.291e+00 2.399e+00 1306 
2.399e+00 2.512e+00 1365 
2.512e+00 2.630e+00 1444 
2.630e+00 2.754e+00 1446 
2.754e+00 2.884e+00 1557 
2.884e+00 3.020e+00 1586 
3.020e+00 3.162e+00 1670 
3.162e+00 3.311e+00 1735 
3.311e+00 3.467e+00 1768 
3.467e+00 3.631e+00 1879 
3.631e+00 3.802e+00 1904 
3.802e+00 3.981e+00 2023 
3.981e+00 4.169e+00 2122 
4.169e+00 4.365e+00 2142 
4.365e+00 4.571e+00 2346 
4.571e+00 4.786e+00 2299 
4.786e+00 5.012e+00 2437 
5.012e+00 5.248e+00 2584 
5.248e+00 5.495e+00 2668 
5.495e+00 5.754e+00 2729 
5.754e+00 6.026e+00 2867 
6.026e+00 6.310e+00 3042 
6.310e+00 6.607e+00 3085 
6.607e+00 6.918e+00 3283 
6.918e+00 7.244e+00 3410 
7.244e+00 7.586e+00 3581 
7.586e+00 7.943e+00 3621 
7.943e+00 8.318e+00 3849 
8.318e+00 8.710e+00 3948 
8.710e+00 9.120e+00 4096 
9.120e+00 9.550e+00 4425 
9.550e+00 1.000e+01 4582 
1.000e+01 1.047e+01 4667 
1.047e+01 1.096e+01 4874 
1.096e+01 1.148e+01 5147 
1.148e+01 1.202e+01 5238 
1.202e+01 1.259e+01 5640 
1.259e+01 1.318e+01 5984 
1.318e+01 1.380e+01 6197 
1.380e+01 1.445e+01 6470 
1.445e+01 1.514e+01 6865 
1.514e+01 1.585e+01 7054 
1.585e+01 1.660e+01 7339 
1.660e+01 1.738e+01 7898 
1.738e+01 1.820e+01 8250 
1.820e+01 1.905e+01 8892 
1.905e+01 1.995e+01 9303 
1.995e+01 2.089e+01 9512 
2.089e+01 2.188e+01 10270 
2.188e+01 2.291e+01 10786 
2.291e+01 2.399e+01 11234 
2.399e+01 2.512e+01 11833 
2.512e+01 2.630e+01 12696 
2.630e+01 2.754e+01 13409 
2.754e+01 2.884e+01 14206 
2.884e+01 3.020e+01 15009 
3.020e+01 3.162e+01 16040 
3.162e+01 3.311e+01 16835 
3.311e+01 3.467e+01 17918 
3.467e+01 3.631e+01 19127 
3.631e+01 3.802e+01 20240 
3.802e+01 3.981e+01 21301 
3.981e+01 4.169e+01 22815 
4.169e+01 4.365e+01 24386 
4.365e+01 4.571e+01 25787 
4.571e+01 4.786e+01 27919 
4.786e+01 5.012e+01 29400 
5.012e+01 5.248e+01 31598 
5.248e+01 5.495e+01 33349 
5.495e+01 5.754e+01 36319 
5.754e+01 6.026e+01 38856 
6.026e+01 6.310e+01 41522 
6.310e+01 6.607e+01 45163 
6.607e+01 6.918e+01 48052 
6.918e+01 7.244e+01 51699 
7.244e+01 7.586e+01 54858 
7.586e+01 7.943e+01 58771 
7.943e+01 8.318e+01 63768 
8.318e+01 8.710e+01 67316 
8.710e+01 9.120e+01 72494 
9.120e+01 9.550e+01 77672 
9.550e+01 1.000e+02 83941 
1.000e+02 1.047e+02 89534 
1.047e+02 1.096e+02 95652 
1.096e+02 1.148e+02 103104 
1.148e+02 1.202e+02 109587 
1.202e+02 1.259e+02 118873 
1.259e+02 1.318e+02 126888 
1.318e+02 1.380e+02 135998 
1.380e+02 1.445e+02 146174 
1.445e+02 1.514e+02 156404 
1.514e+02 1.585e+02 168700 
1.585e+02 1.660e+02 180078 
1.660e+02 1.738e+02 192800 
1.738e+02 1.820e+02 205962 
1.820e+02 1.905e+02 221220 
1.905e+02 1.995e+02 237177 
1.995e+02 2.089e+02 253583 
2.089e+02 2.188e+02 271748 
2.188e+02 2.291e+02 291412 
2.291e+02 2.399e+02 312994 
2.399e+02 2.512e+02 334758 
2.512e+02 2.630e+02 359491 
2.630e+02 2.754e+02 385754 
2.754e+02 2.884e+02 412328 
2.884e+02 3.020e+02 443539 
3.020e+02 3.162e+02 477028 
3.162e+02 3.311e+02 512717 
3.311e+02 3.467e+02 549938 
3.467e+02 3.631e+02 592233 
3.631e+02 3.802e+02 634565 
3.802e+02 3.981e+02 681020 
3.981e+02 4.169e+02 731445 
4.169e+02 4.365e+02 786112 
4.365e+02 4.571e+02 846250 
4.571e+02 4.786e+02 911868 
4.786e+02 5.012e+02 980229 
5.012e+02 5.248e+02 1055248 
5.248e+02 5.495e+02 1134515 
5.495e+02 5.754e+02 1223067 
5.754e+02 6.026e+02 1315407 
6.026e+02 6.310e+02 1423330 
6.310e+02 6.607e+02 1536873 
6.607e+02 6.918e+02 1656234 
6.918e+02 7.244e+02 1787221 
7.244e+02 7.586e+02 1926909 
7.586e+02 7.943e+02 2077893 
7.943e+02 8.318e+02 2246996 
8.318e+02 8.710e+02 2424103 
8.710e+02 9.120e+02 2618391 
9.120e+02 9.550e+02 2825082 
9.550e+02 1.000e+03 3050972 
1.000e+03 1.047e+03 3305568 
1.047e+03 1.096e+03 3573401 
1.096e+03 1.148e+03 3866426 
1.148e+03 1.202e+03 4173516 
1.202e+03 1.259e+03 4513240 
1.259e+03 1.318e+03 4892755 
1.318e+03 1.380e+03 5298953 
1.380e+03 1.445e+03 5738088 
1.445e+03 1.514e+03 6218995 
1.514e+03 1.585e+03 6741645 
1.585e+03 1.660e+03 7292746 
1.660e+03 1.738e+03 7900506 
1.738e+03 1.820e+03 8583634 
1.820e+03 1.905e+03 9301482 
1.905e+03 1.995e+03 10089854 
1.995e+03 2.089e+03 10952353 
2.089e+03 2.188e+03 11897163 
2.188e+03 2.291e+03 12931044 
2.291e+03 2.399e+03 14037225 
2.399e+03 2.512e+03 15258121 
2.512e+03 2.630e+03 16594591 
2.630e+03 2.754e+03 18021403 
2.754e+03 2.884e+03 19562430 
2.884e+03 3.020e+03 21278536 
3.020e+03 3.162e+03 23151236 
3.162e+03 3.311e+03 25225427 
3.311e+03 3.467e+03 27469468 
3.467e+03 3.631e+03 29899504 
3.631e+03 3.802e+03 32577286 
3.802e+03 3.981e+03 35482063 
3.981e+03 4.169e+03 38644830 
4.169e+03 4.365e+03 42127155 
4.365e+03 4.571e+03 45875285 
4.571e+03 4.786e+03 49957212 
4.786e+03 5.012e+03 54458526 
5.012e+03 5.248e+03 59398802 
5.248e+03 5.495e+03 64808066 
5.495e+03 5.754e+03 70731673 
5.754e+03 6.026e+03 77191054 
6.026e+03 6.310e+03 84181734 
6.310e+03 6.607e+03 91913997 
6.607e+03 6.918e+03 100378874 
6.918e+03 7.244e+03 109690927 
7.244e+03 7.586e+03 119836824 
7.586e+03 7.943e+03 130864196 
7.943e+03 8.318e+03 142902779 
8.318e+03 8.710e+03 156003758 
8.710e+03 9.120e+03 170391025 
9.120e+03 9.550e+03 186196677 
9.550e+03 1.000e+04 203664148 
1.000e+04 1.047e+04 222786133 
1.047e+04 1.096e+04 243390425 
1.096e+04 1.148e+04 266151510 
1.148e+04 1.202e+04 290808768 
1.202e+04 1.259e+04 317873444 
1.259e+04 1.318e+04 347589879 
1.318e+04 1.380e+04 379628453 
1.380e+04 1.445e+04 414979088 
1.445e+04 1.514e+04 453515791 
1.514e+04 1.585e+04 496016055 
1.585e+04 1.660e+04 542221535 
1.660e+04 1.738e+04 592592667 
1.738e+04 1.820e+04 646971781 
1.820e+04 1.905e+04 706167239 
1.905e+04 1.995e+04 769538157 
1.995e+04 2.089e+04 840379329 
2.089e+04 2.188e+04 916943935 
2.188e+04 2.291e+04 1000069070 
2.291e+04 2.399e+04 1091983154 
2.399e+04 2.512e+04 1190464849 
2.512e+04 2.630e+04 1296846856 
2.630e+04 2.754e+04 1410616051 
2.754e+04 2.884e+04 1534126293 
2.884e+04 3.020e+04 1667050791 
3.020e+04 3.162e+04 1811761821 
3.162e+04 3.311e+04 1970081175 
3.311e+04 3.467e+04 2140357309 
3.467e+04 3.631e+04 2324787240 
3.631e+04 3.802e+04 2524443946 
3.802e+04 3.981e+04 2742237096 
3.981e+04 4.169e+04 2972547223 
4.169e+04 4.365e+04 3217380524 
4.365e+04 4.571e+04 3482909537 
4.571e+04 4.786e+04 3765891548 
4.786e+04 5.012e+04 4068545768 
5.012e+04 5.248e+04 4405205410 
5.248e+04 5.495e+04 4770555605 
5.495e+04 5.754e+04 5157431559 
5.754e+04 6.026e+04 5562420645 
6.026e+04 6.310e+04 5998614212 
6.310e+04 6.607e+04 6473567259 
6.607e+04 6.918e+04 6972655145 
6.918e+04 7.244e+04 7502791830 
7.244e+04 7.586e+04 8046281183 
7.586e+04 7.943e+04 8604121503 
7.943e+04 8.318e+04 9194166523 
8.318e+04 8.710e+04 9843351287 
8.710e+04 9.120e+04 10489313111 
9.120e+04 9.550e+04 11186485004 
9.550e+04 1.000e+05 11893177537 
1.000e+05 1.047e+05 12591567434 
1.047e+05 1.096e+05 13293544306 
1.096e+05 1.148e+05 14008210006 
1.148e+05 1.202e+05 14692770080 
