1.000e+00 1.047e+00 1 
1.047e+00 1.096e+00 3 
1.096e+00 1.148e+00 2 
1.148e+00 1.202e+00 2 
1.202e+00 1.259e+00 6 
1.259e+00 1.318e+00 3 
1.318e+00 1.380e+00 3 
1.380e+00 1.445e+00 4 
1.445e+00 1.514e+00 4 
1.514e+00 1.585e+00 3 
1.585e+00 1.660e+00 4 
1.660e+00 1.738e+00 3 
1.738e+00 1.820e+00 7 
1.820e+00 1.905e+00 6 
1.905e+00 1.995e+00 8 
1.995e+00 2.089e+00 7 
2.089e+00 2.188e+00 10 
2.188e+00 2.291e+00 15 
2.291e+00 2.399e+00 16 
2.399e+00 2.512e+00 12 
2.512e+00 2.630e+00 12 
2.630e+00 2.754e+00 18 
2.754e+00 2.884e+00 22 
2.884e+00 3.020e+00 14 
3.020e+00 3.162e+00 18 
3.162e+00 3.311e+00 29 
3.311e+00 3.467e+00 21 
3.467e+00 3.631e+00 33 
3.631e+00 3.802e+00 39 
3.802e+00 3.981e+00 28 
3.981e+00 4.169e+00 33 
4.169e+00 4.365e+00 46 
4.365e+00 4.571e+00 30 
4.571e+00 4.786e+00 45 
4.786e+00 5.012e+00 51 
5.012e+00 5.248e+00 49 
5.248e+00 5.495e+00 63 
5.495e+00 5.754e+00 77 
5.754e+00 6.026e+00 71 
6.026e+00 6.310e+00 92 
6.310e+00 6.607e+00 91 
6.607e+00 6.918e+00 104 
6.918e+00 7.244e+00 113 
7.244e+00 7.586e+00 113 
7.586e+00 7.943e+00 133 
7.943e+00 8.318e+00 135 
8.318e+00 8.710e+00 151 
8.710e+00 9.120e+00 189 
9.120e+00 9.550e+00 222 
9.550e+00 1.000e+01 219 
1.000e+01 1.047e+01 212 
1.047e+01 1.096e+01 265 
1.096e+01 1.148e+01 283 
1.148e+01 1.202e+01 282 
1.202e+01 1.259e+01 344 
1.259e+01 1.318e+01 380 
1.318e+01 1.380e+01 391 
1.380e+01 1.445e+01 442 
1.445e+01 1.514e+01 494 
1.514e+01 1.585e+01 525 
1.585e+01 1.660e+01 594 
1.660e+01 1.738e+01 683 
1.738e+01 1.820e+01 673 
1.820e+01 1.905e+01 792 
1.905e+01 1.995e+01 831 
1.995e+01 2.089e+01 918 
2.089e+01 2.188e+01 1051 
2.188e+01 2.291e+01 1099 
2.291e+01 2.399e+01 1190 
2.399e+01 2.512e+01 1278 
2.512e+01 2.630e+01 1507 
2.630e+01 2.754e+01 1633 
2.754e+01 2.884e+01 1707 
2.884e+01 3.020e+01 1927 
3.020e+01 3.162e+01 2176 
3.162e+01 3.311e+01 2322 
3.311e+01 3.467e+01 2625 
3.467e+01 3.631e+01 2801 
3.631e+01 3.802e+01 3007 
3.802e+01 3.981e+01 3332 
3.981e+01 4.169e+01 3664 
4.169e+01 4.365e+01 4106 
4.365e+01 4.571e+01 4425 
4.571e+01 4.786e+01 4762 
4.786e+01 5.012e+01 5429 
5.012e+01 5.248e+01 5855 
5.248e+01 5.495e+01 6462 
5.495e+01 5.754e+01 6945 
5.754e+01 6.026e+01 7843 
6.026e+01 6.310e+01 8250 
6.310e+01 6.607e+01 9075 
6.607e+01 6.918e+01 10156 
6.918e+01 7.244e+01 11187 
7.244e+01 7.586e+01 12220 
7.586e+01 7.943e+01 13331 
7.943e+01 8.318e+01 14604 
8.318e+01 8.710e+01 16058 
8.710e+01 9.120e+01 17404 
9.120e+01 9.550e+01 19479 
9.550e+01 1.000e+02 21260 
1.000e+02 1.047e+02 23392 
1.047e+02 1.096e+02 25582 
1.096e+02 1.148e+02 28122 
1.148e+02 1.202e+02 30596 
1.202e+02 1.259e+02 33691 
1.259e+02 1.318e+02 36737 
1.318e+02 1.380e+02 40443 
1.380e+02 1.445e+02 44339 
1.445e+02 1.514e+02 48715 
1.514e+02 1.585e+02 53569 
1.585e+02 1.660e+02 58388 
1.660e+02 1.738e+02 64101 
1.738e+02 1.820e+02 69930 
1.820e+02 1.905e+02 76401 
1.905e+02 1.995e+02 84514 
1.995e+02 2.089e+02 92537 
2.089e+02 2.188e+02 101663 
2.188e+02 2.291e+02 111329 
2.291e+02 2.399e+02 122359 
2.399e+02 2.512e+02 133228 
2.512e+02 2.630e+02 146240 
2.630e+02 2.754e+02 160379 
2.754e+02 2.884e+02 176868 
2.884e+02 3.020e+02 193366 
3.020e+02 3.162e+02 211591 
3.162e+02 3.311e+02 232956 
3.311e+02 3.467e+02 255429 
3.467e+02 3.631e+02 279859 
3.631e+02 3.802e+02 306169 
3.802e+02 3.981e+02 335771 
3.981e+02 4.169e+02 367476 
4.169e+02 4.365e+02 404156 
4.365e+02 4.571e+02 441297 
4.571e+02 4.786e+02 484473 
4.786e+02 5.012e+02 529959 
5.012e+02 5.248e+02 583468 
5.248e+02 5.495e+02 638201 
5.495e+02 5.754e+02 700678 
5.754e+02 6.026e+02 767253 
6.026e+02 6.310e+02 839637 
6.310e+02 6.607e+02 923101 
6.607e+02 6.918e+02 1010780 
6.918e+02 7.244e+02 1108322 
7.244e+02 7.586e+02 1215116 
7.586e+02 7.943e+02 1333913 
7.943e+02 8.318e+02 1461909 
8.318e+02 8.710e+02 1599992 
8.710e+02 9.120e+02 1753870 
9.120e+02 9.550e+02 1924327 
9.550e+02 1.000e+03 2103230 
1.000e+03 1.047e+03 2301909 
1.047e+03 1.096e+03 2529871 
1.096e+03 1.148e+03 2773561 
1.148e+03 1.202e+03 3041347 
1.202e+03 1.259e+03 3332287 
1.259e+03 1.318e+03 3649681 
1.318e+03 1.380e+03 3999859 
1.380e+03 1.445e+03 4382076 
1.445e+03 1.514e+03 4805505 
1.514e+03 1.585e+03 5259454 
1.585e+03 1.660e+03 5768056 
1.660e+03 1.738e+03 6312078 
1.738e+03 1.820e+03 6917951 
1.820e+03 1.905e+03 7578232 
1.905e+03 1.995e+03 8290703 
1.995e+03 2.089e+03 9087881 
2.089e+03 2.188e+03 9936996 
2.188e+03 2.291e+03 10885812 
2.291e+03 2.399e+03 11921485 
2.399e+03 2.512e+03 13056365 
2.512e+03 2.630e+03 14303670 
2.630e+03 2.754e+03 15667758 
2.754e+03 2.884e+03 17148981 
2.884e+03 3.020e+03 18783743 
3.020e+03 3.162e+03 20573718 
3.162e+03 3.311e+03 22523359 
3.311e+03 3.467e+03 24648760 
3.467e+03 3.631e+03 27003915 
3.631e+03 3.802e+03 29549103 
3.802e+03 3.981e+03 32358892 
3.981e+03 4.169e+03 35409964 
4.169e+03 4.365e+03 38733642 
4.365e+03 4.571e+03 42427386 
4.571e+03 4.786e+03 46431955 
4.786e+03 5.012e+03 50838578 
5.012e+03 5.248e+03 55655466 
5.248e+03 5.495e+03 60915971 
5.495e+03 5.754e+03 66691109 
5.754e+03 6.026e+03 73020797 
6.026e+03 6.310e+03 79885598 
6.310e+03 6.607e+03 87432878 
6.607e+03 6.918e+03 95679072 
6.918e+03 7.244e+03 104676558 
7.244e+03 7.586e+03 114472469 
7.586e+03 7.943e+03 125266637 
7.943e+03 8.318e+03 137009933 
8.318e+03 8.710e+03 149920193 
8.710e+03 9.120e+03 163955169 
9.120e+03 9.550e+03 179325741 
9.550e+03 1.000e+04 196122930 
1.000e+04 1.047e+04 214456042 
1.047e+04 1.096e+04 234407773 
1.096e+04 1.148e+04 256254238 
1.148e+04 1.202e+04 280155901 
1.202e+04 1.259e+04 306223942 
1.259e+04 1.318e+04 334718764 
1.318e+04 1.380e+04 365697683 
1.380e+04 1.445e+04 399557451 
1.445e+04 1.514e+04 436521293 
1.514e+04 1.585e+04 476659463 
1.585e+04 1.660e+04 520162131 
1.660e+04 1.738e+04 567372723 
1.738e+04 1.820e+04 618771043 
1.820e+04 1.905e+04 674779483 
1.905e+04 1.995e+04 735870567 
1.995e+04 2.089e+04 801818135 
2.089e+04 2.188e+04 873153951 
2.188e+04 2.291e+04 950920762 
2.291e+04 2.399e+04 1035185476 
2.399e+04 2.512e+04 1125336476 
2.512e+04 2.630e+04 1223908927 
2.630e+04 2.754e+04 1331001864 
2.754e+04 2.884e+04 1447296089 
2.884e+04 3.020e+04 1573801335 
3.020e+04 3.162e+04 1711908397 
3.162e+04 3.311e+04 1860621358 
3.311e+04 3.467e+04 2022984988 
3.467e+04 3.631e+04 2197413832 
3.631e+04 3.802e+04 2385732924 
3.802e+04 3.981e+04 2586560246 
3.981e+04 4.169e+04 2800463317 
4.169e+04 4.365e+04 3030527003 
4.365e+04 4.571e+04 3278702342 
4.571e+04 4.786e+04 3542082827 
4.786e+04 5.012e+04 3823824920 
5.012e+04 5.248e+04 4130697319 
5.248e+04 5.495e+04 4456085031 
5.495e+04 5.754e+04 4805092114 
5.754e+04 6.026e+04 5181849810 
6.026e+04 6.310e+04 5580297196 
6.310e+04 6.607e+04 6003429334 
6.607e+04 6.918e+04 6449266696 
6.918e+04 7.244e+04 6926403689 
7.244e+04 7.586e+04 7424999505 
7.586e+04 7.943e+04 7951585294 
7.943e+04 8.318e+04 8500747442 
8.318e+04 8.710e+04 9077850847 
8.710e+04 9.120e+04 9675987331 
9.120e+04 9.550e+04 10294182409 
9.550e+04 1.000e+05 10927914662 
1.000e+05 1.047e+05 11561103110 
1.047e+05 1.096e+05 12180453671 
1.096e+05 1.148e+05 12793225324 
1.148e+05 1.202e+05 13461157221 
