1.000e+00 1.047e+00 15 
1.047e+00 1.096e+00 28 
1.096e+00 1.148e+00 19 
1.148e+00 1.202e+00 17 
1.202e+00 1.259e+00 18 
1.259e+00 1.318e+00 25 
1.318e+00 1.380e+00 19 
1.380e+00 1.445e+00 24 
1.445e+00 1.514e+00 46 
1.514e+00 1.585e+00 24 
1.585e+00 1.660e+00 33 
1.660e+00 1.738e+00 24 
1.738e+00 1.820e+00 27 
1.820e+00 1.905e+00 48 
1.905e+00 1.995e+00 33 
1.995e+00 2.089e+00 33 
2.089e+00 2.188e+00 79 
2.188e+00 2.291e+00 77 
2.291e+00 2.399e+00 59 
2.399e+00 2.512e+00 67 
2.512e+00 2.630e+00 108 
2.630e+00 2.754e+00 77 
2.754e+00 2.884e+00 81 
2.884e+00 3.020e+00 119 
3.020e+00 3.162e+00 116 
3.162e+00 3.311e+00 134 
3.311e+00 3.467e+00 107 
3.467e+00 3.631e+00 147 
3.631e+00 3.802e+00 185 
3.802e+00 3.981e+00 156 
3.981e+00 4.169e+00 197 
4.169e+00 4.365e+00 201 
4.365e+00 4.571e+00 221 
4.571e+00 4.786e+00 232 
4.786e+00 5.012e+00 218 
5.012e+00 5.248e+00 297 
5.248e+00 5.495e+00 303 
5.495e+00 5.754e+00 306 
5.754e+00 6.026e+00 367 
6.026e+00 6.310e+00 372 
6.310e+00 6.607e+00 433 
6.607e+00 6.918e+00 464 
6.918e+00 7.244e+00 520 
7.244e+00 7.586e+00 539 
7.586e+00 7.943e+00 571 
7.943e+00 8.318e+00 640 
8.318e+00 8.710e+00 711 
8.710e+00 9.120e+00 795 
9.120e+00 9.550e+00 830 
9.550e+00 1.000e+01 881 
1.000e+01 1.047e+01 977 
1.047e+01 1.096e+01 1124 
1.096e+01 1.148e+01 1131 
1.148e+01 1.202e+01 1223 
1.202e+01 1.259e+01 1355 
1.259e+01 1.318e+01 1629 
1.318e+01 1.380e+01 1731 
1.380e+01 1.445e+01 1803 
1.445e+01 1.514e+01 1978 
1.514e+01 1.585e+01 2184 
1.585e+01 1.660e+01 2360 
1.660e+01 1.738e+01 2490 
1.738e+01 1.820e+01 2774 
1.820e+01 1.905e+01 2983 
1.905e+01 1.995e+01 3383 
1.995e+01 2.089e+01 3555 
2.089e+01 2.188e+01 3967 
2.188e+01 2.291e+01 4343 
2.291e+01 2.399e+01 4712 
2.399e+01 2.512e+01 5028 
2.512e+01 2.630e+01 5528 
2.630e+01 2.754e+01 6292 
2.754e+01 2.884e+01 6655 
2.884e+01 3.020e+01 7065 
3.020e+01 3.162e+01 7821 
3.162e+01 3.311e+01 8546 
3.311e+01 3.467e+01 9409 
3.467e+01 3.631e+01 10209 
3.631e+01 3.802e+01 11121 
3.802e+01 3.981e+01 12430 
3.981e+01 4.169e+01 13152 
4.169e+01 4.365e+01 14688 
4.365e+01 4.571e+01 15782 
4.571e+01 4.786e+01 17288 
4.786e+01 5.012e+01 18789 
5.012e+01 5.248e+01 20567 
5.248e+01 5.495e+01 22480 
5.495e+01 5.754e+01 24474 
5.754e+01 6.026e+01 26333 
6.026e+01 6.310e+01 29783 
6.310e+01 6.607e+01 32062 
6.607e+01 6.918e+01 34959 
6.918e+01 7.244e+01 38086 
7.244e+01 7.586e+01 41467 
7.586e+01 7.943e+01 45197 
7.943e+01 8.318e+01 49326 
8.318e+01 8.710e+01 53902 
8.710e+01 9.120e+01 58402 
9.120e+01 9.550e+01 63487 
9.550e+01 1.000e+02 68744 
1.000e+02 1.047e+02 75006 
1.047e+02 1.096e+02 82433 
1.096e+02 1.148e+02 89684 
1.148e+02 1.202e+02 97922 
1.202e+02 1.259e+02 106676 
1.259e+02 1.318e+02 116017 
1.318e+02 1.380e+02 126451 
1.380e+02 1.445e+02 138620 
1.445e+02 1.514e+02 150805 
1.514e+02 1.585e+02 163914 
1.585e+02 1.660e+02 179303 
1.660e+02 1.738e+02 195760 
1.738e+02 1.820e+02 212360 
1.820e+02 1.905e+02 232423 
1.905e+02 1.995e+02 253086 
1.995e+02 2.089e+02 275057 
2.089e+02 2.188e+02 300650 
2.188e+02 2.291e+02 327312 
2.291e+02 2.399e+02 355800 
2.399e+02 2.512e+02 387989 
2.512e+02 2.630e+02 422172 
2.630e+02 2.754e+02 462236 
2.754e+02 2.884e+02 503423 
2.884e+02 3.020e+02 548484 
3.020e+02 3.162e+02 598994 
3.162e+02 3.311e+02 650923 
3.311e+02 3.467e+02 707753 
3.467e+02 3.631e+02 771820 
3.631e+02 3.802e+02 841589 
3.802e+02 3.981e+02 916670 
3.981e+02 4.169e+02 997218 
4.169e+02 4.365e+02 1085513 
4.365e+02 4.571e+02 1180918 
4.571e+02 4.786e+02 1288559 
4.786e+02 5.012e+02 1401604 
5.012e+02 5.248e+02 1531222 
5.248e+02 5.495e+02 1664615 
5.495e+02 5.754e+02 1812225 
5.754e+02 6.026e+02 1972653 
6.026e+02 6.310e+02 2147044 
6.310e+02 6.607e+02 2341886 
6.607e+02 6.918e+02 2550045 
6.918e+02 7.244e+02 2779557 
7.244e+02 7.586e+02 3023767 
7.586e+02 7.943e+02 3291011 
7.943e+02 8.318e+02 3579749 
8.318e+02 8.710e+02 3896349 
8.710e+02 9.120e+02 4239667 
9.120e+02 9.550e+02 4614737 
9.550e+02 1.000e+03 5021846 
1.000e+03 1.047e+03 5468072 
1.047e+03 1.096e+03 5951659 
1.096e+03 1.148e+03 6477823 
1.148e+03 1.202e+03 7053078 
1.202e+03 1.259e+03 7672614 
1.259e+03 1.318e+03 8345341 
1.318e+03 1.380e+03 9075518 
1.380e+03 1.445e+03 9866877 
1.445e+03 1.514e+03 10736319 
1.514e+03 1.585e+03 11678094 
1.585e+03 1.660e+03 12690306 
1.660e+03 1.738e+03 13792558 
1.738e+03 1.820e+03 14986316 
1.820e+03 1.905e+03 16303511 
1.905e+03 1.995e+03 17719098 
1.995e+03 2.089e+03 19257353 
2.089e+03 2.188e+03 20941575 
2.188e+03 2.291e+03 22752432 
2.291e+03 2.399e+03 24723858 
2.399e+03 2.512e+03 26850516 
2.512e+03 2.630e+03 29170699 
2.630e+03 2.754e+03 31696005 
2.754e+03 2.884e+03 34440778 
2.884e+03 3.020e+03 37426536 
3.020e+03 3.162e+03 40656966 
3.162e+03 3.311e+03 44152732 
3.311e+03 3.467e+03 47952835 
3.467e+03 3.631e+03 52106194 
3.631e+03 3.802e+03 56558692 
3.802e+03 3.981e+03 61402258 
3.981e+03 4.169e+03 66642738 
4.169e+03 4.365e+03 72345858 
4.365e+03 4.571e+03 78499190 
4.571e+03 4.786e+03 85159248 
4.786e+03 5.012e+03 92427643 
5.012e+03 5.248e+03 100248480 
5.248e+03 5.495e+03 108736661 
5.495e+03 5.754e+03 117962417 
5.754e+03 6.026e+03 127900485 
6.026e+03 6.310e+03 138678258 
6.310e+03 6.607e+03 150390420 
6.607e+03 6.918e+03 162976199 
6.918e+03 7.244e+03 176607952 
7.244e+03 7.586e+03 191340884 
7.586e+03 7.943e+03 207310643 
7.943e+03 8.318e+03 224566730 
8.318e+03 8.710e+03 243023597 
8.710e+03 9.120e+03 263147721 
9.120e+03 9.550e+03 284853145 
9.550e+03 1.000e+04 308305091 
1.000e+04 1.047e+04 333717923 
1.047e+04 1.096e+04 361162912 
1.096e+04 1.148e+04 390760190 
1.148e+04 1.202e+04 422670662 
1.202e+04 1.259e+04 457440347 
1.259e+04 1.318e+04 494688203 
1.318e+04 1.380e+04 534962005 
1.380e+04 1.445e+04 578086531 
1.445e+04 1.514e+04 624835430 
1.514e+04 1.585e+04 675165193 
1.585e+04 1.660e+04 729466098 
1.660e+04 1.738e+04 787848374 
1.738e+04 1.820e+04 850678027 
1.820e+04 1.905e+04 918395166 
1.905e+04 1.995e+04 991169175 
1.995e+04 2.089e+04 1069509384 
2.089e+04 2.188e+04 1153808604 
2.188e+04 2.291e+04 1244154499 
2.291e+04 2.399e+04 1341342600 
2.399e+04 2.512e+04 1445407864 
2.512e+04 2.630e+04 1557417999 
2.630e+04 2.754e+04 1676910919 
2.754e+04 2.884e+04 1804978441 
2.884e+04 3.020e+04 1942380393 
3.020e+04 3.162e+04 2089978905 
3.162e+04 3.311e+04 2247131461 
3.311e+04 3.467e+04 2415101253 
3.467e+04 3.631e+04 2594600731 
3.631e+04 3.802e+04 2786675115 
3.802e+04 3.981e+04 2990536451 
3.981e+04 4.169e+04 3207183517 
4.169e+04 4.365e+04 3437365742 
4.365e+04 4.571e+04 3681839189 
4.571e+04 4.786e+04 3942616484 
4.786e+04 5.012e+04 4219742402 
5.012e+04 5.248e+04 4513336599 
5.248e+04 5.495e+04 4822878315 
5.495e+04 5.754e+04 5151223522 
5.754e+04 6.026e+04 5499223107 
6.026e+04 6.310e+04 5866835628 
6.310e+04 6.607e+04 6252300016 
6.607e+04 6.918e+04 6654618565 
6.918e+04 7.244e+04 7077273718 
7.244e+04 7.586e+04 7522501110 
7.586e+04 7.943e+04 7984591291 
7.943e+04 8.318e+04 8461693254 
8.318e+04 8.710e+04 8960778147 
8.710e+04 9.120e+04 9471966400 
9.120e+04 9.550e+04 9997777492 
9.550e+04 1.000e+05 10534508199 
1.000e+05 1.047e+05 11081278267 
1.047e+05 1.096e+05 11638052597 
1.096e+05 1.148e+05 12192162461 
1.148e+05 1.202e+05 12747931673 
