1.000e+00 1.047e+00 1012 
1.047e+00 1.096e+00 1093 
1.096e+00 1.148e+00 1092 
1.148e+00 1.202e+00 1148 
1.202e+00 1.259e+00 1229 
1.259e+00 1.318e+00 1323 
1.318e+00 1.380e+00 1338 
1.380e+00 1.445e+00 1392 
1.445e+00 1.514e+00 1534 
1.514e+00 1.585e+00 1554 
1.585e+00 1.660e+00 1612 
1.660e+00 1.738e+00 1696 
1.738e+00 1.820e+00 1827 
1.820e+00 1.905e+00 1873 
1.905e+00 1.995e+00 1898 
1.995e+00 2.089e+00 2024 
2.089e+00 2.188e+00 2093 
2.188e+00 2.291e+00 2098 
2.291e+00 2.399e+00 2255 
2.399e+00 2.512e+00 2455 
2.512e+00 2.630e+00 2520 
2.630e+00 2.754e+00 2594 
2.754e+00 2.884e+00 2591 
2.884e+00 3.020e+00 2775 
3.020e+00 3.162e+00 2770 
3.162e+00 3.311e+00 2919 
3.311e+00 3.467e+00 3149 
3.467e+00 3.631e+00 3203 
3.631e+00 3.802e+00 3262 
3.802e+00 3.981e+00 3479 
3.981e+00 4.169e+00 3570 
4.169e+00 4.365e+00 3719 
4.365e+00 4.571e+00 3838 
4.571e+00 4.786e+00 4115 
4.786e+00 5.012e+00 4235 
5.012e+00 5.248e+00 4358 
5.248e+00 5.495e+00 4434 
5.495e+00 5.754e+00 4783 
5.754e+00 6.026e+00 4843 
6.026e+00 6.310e+00 5082 
6.310e+00 6.607e+00 5334 
6.607e+00 6.918e+00 5540 
6.918e+00 7.244e+00 5813 
7.244e+00 7.586e+00 6065 
7.586e+00 7.943e+00 6373 
7.943e+00 8.318e+00 6637 
8.318e+00 8.710e+00 6937 
8.710e+00 9.120e+00 7233 
9.120e+00 9.550e+00 7398 
9.550e+00 1.000e+01 7882 
1.000e+01 1.047e+01 8086 
1.047e+01 1.096e+01 8730 
1.096e+01 1.148e+01 8863 
1.148e+01 1.202e+01 9552 
1.202e+01 1.259e+01 9846 
1.259e+01 1.318e+01 10311 
1.318e+01 1.380e+01 10742 
1.380e+01 1.445e+01 11285 
1.445e+01 1.514e+01 11805 
1.514e+01 1.585e+01 12495 
1.585e+01 1.660e+01 13115 
1.660e+01 1.738e+01 14005 
1.738e+01 1.820e+01 14542 
1.820e+01 1.905e+01 15377 
1.905e+01 1.995e+01 16107 
1.995e+01 2.089e+01 17070 
2.089e+01 2.188e+01 18036 
2.188e+01 2.291e+01 19187 
2.291e+01 2.399e+01 20343 
2.399e+01 2.512e+01 21574 
2.512e+01 2.630e+01 22426 
2.630e+01 2.754e+01 24261 
2.754e+01 2.884e+01 25674 
2.884e+01 3.020e+01 26989 
3.020e+01 3.162e+01 28908 
3.162e+01 3.311e+01 30823 
3.311e+01 3.467e+01 32867 
3.467e+01 3.631e+01 35563 
3.631e+01 3.802e+01 37948 
3.802e+01 3.981e+01 40271 
3.981e+01 4.169e+01 42971 
4.169e+01 4.365e+01 46340 
4.365e+01 4.571e+01 49398 
4.571e+01 4.786e+01 52255 
4.786e+01 5.012e+01 57765 
5.012e+01 5.248e+01 60974 
5.248e+01 5.495e+01 65634 
5.495e+01 5.754e+01 70241 
5.754e+01 6.026e+01 75625 
6.026e+01 6.310e+01 81903 
6.310e+01 6.607e+01 87085 
6.607e+01 6.918e+01 93803 
6.918e+01 7.244e+01 101392 
7.244e+01 7.586e+01 108025 
7.586e+01 7.943e+01 116057 
7.943e+01 8.318e+01 123803 
8.318e+01 8.710e+01 134298 
8.710e+01 9.120e+01 143578 
9.120e+01 9.550e+01 152611 
9.550e+01 1.000e+02 165149 
1.000e+02 1.047e+02 176047 
1.047e+02 1.096e+02 189453 
1.096e+02 1.148e+02 204123 
1.148e+02 1.202e+02 217660 
1.202e+02 1.259e+02 233452 
1.259e+02 1.318e+02 250081 
1.318e+02 1.380e+02 268449 
1.380e+02 1.445e+02 286685 
1.445e+02 1.514e+02 307899 
1.514e+02 1.585e+02 329806 
1.585e+02 1.660e+02 353625 
1.660e+02 1.738e+02 379717 
1.738e+02 1.820e+02 405503 
1.820e+02 1.905e+02 436941 
1.905e+02 1.995e+02 469815 
1.995e+02 2.089e+02 502508 
2.089e+02 2.188e+02 537561 
2.188e+02 2.291e+02 577471 
2.291e+02 2.399e+02 622312 
2.399e+02 2.512e+02 668587 
2.512e+02 2.630e+02 717516 
2.630e+02 2.754e+02 770410 
2.754e+02 2.884e+02 826303 
2.884e+02 3.020e+02 891305 
3.020e+02 3.162e+02 956868 
3.162e+02 3.311e+02 1028677 
3.311e+02 3.467e+02 1106387 
3.467e+02 3.631e+02 1192630 
3.631e+02 3.802e+02 1279708 
3.802e+02 3.981e+02 1382644 
3.981e+02 4.169e+02 1488778 
4.169e+02 4.365e+02 1603416 
4.365e+02 4.571e+02 1726975 
4.571e+02 4.786e+02 1861686 
4.786e+02 5.012e+02 2005156 
5.012e+02 5.248e+02 2164315 
5.248e+02 5.495e+02 2333838 
5.495e+02 5.754e+02 2515984 
5.754e+02 6.026e+02 2714050 
6.026e+02 6.310e+02 2926932 
6.310e+02 6.607e+02 3160254 
6.607e+02 6.918e+02 3414788 
6.918e+02 7.244e+02 3687994 
7.244e+02 7.586e+02 3984619 
7.586e+02 7.943e+02 4301034 
7.943e+02 8.318e+02 4660578 
8.318e+02 8.710e+02 5032317 
8.710e+02 9.120e+02 5438631 
9.120e+02 9.550e+02 5887411 
9.550e+02 1.000e+03 6369147 
1.000e+03 1.047e+03 6884153 
1.047e+03 1.096e+03 7458928 
1.096e+03 1.148e+03 8076530 
1.148e+03 1.202e+03 8751016 
1.202e+03 1.259e+03 9479145 
1.259e+03 1.318e+03 10273156 
1.318e+03 1.380e+03 11136887 
1.380e+03 1.445e+03 12071513 
1.445e+03 1.514e+03 13078556 
1.514e+03 1.585e+03 14173573 
1.585e+03 1.660e+03 15371455 
1.660e+03 1.738e+03 16671993 
1.738e+03 1.820e+03 18103447 
1.820e+03 1.905e+03 19659489 
1.905e+03 1.995e+03 21371169 
1.995e+03 2.089e+03 23231917 
2.089e+03 2.188e+03 25284495 
2.188e+03 2.291e+03 27496915 
2.291e+03 2.399e+03 29906023 
2.399e+03 2.512e+03 32521428 
2.512e+03 2.630e+03 35400247 
2.630e+03 2.754e+03 38532797 
2.754e+03 2.884e+03 41946269 
2.884e+03 3.020e+03 45683958 
3.020e+03 3.162e+03 49827022 
3.162e+03 3.311e+03 54350127 
3.311e+03 3.467e+03 59311460 
3.467e+03 3.631e+03 64743964 
3.631e+03 3.802e+03 70700830 
3.802e+03 3.981e+03 77248098 
3.981e+03 4.169e+03 84370357 
4.169e+03 4.365e+03 92166978 
4.365e+03 4.571e+03 100759186 
4.571e+03 4.786e+03 110111414 
4.786e+03 5.012e+03 120396937 
5.012e+03 5.248e+03 131472257 
5.248e+03 5.495e+03 143668292 
5.495e+03 5.754e+03 157012176 
5.754e+03 6.026e+03 171497717 
6.026e+03 6.310e+03 187386981 
6.310e+03 6.607e+03 204684114 
6.607e+03 6.918e+03 223488129 
6.918e+03 7.244e+03 244309680 
7.244e+03 7.586e+03 267351681 
7.586e+03 7.943e+03 292507622 
7.943e+03 8.318e+03 319972807 
8.318e+03 8.710e+03 350319768 
8.710e+03 9.120e+03 383073257 
9.120e+03 9.550e+03 419047626 
9.550e+03 1.000e+04 458545914 
1.000e+04 1.047e+04 501601396 
1.047e+04 1.096e+04 548916316 
1.096e+04 1.148e+04 599431201 
1.148e+04 1.202e+04 655287265 
1.202e+04 1.259e+04 716524482 
1.259e+04 1.318e+04 783980828 
1.318e+04 1.380e+04 856077179 
1.380e+04 1.445e+04 934913458 
1.445e+04 1.514e+04 1021574150 
1.514e+04 1.585e+04 1115362626 
1.585e+04 1.660e+04 1217816813 
1.660e+04 1.738e+04 1331358441 
1.738e+04 1.820e+04 1455035851 
1.820e+04 1.905e+04 1588596050 
1.905e+04 1.995e+04 1735497039 
1.995e+04 2.089e+04 1892156001 
2.089e+04 2.188e+04 2064079274 
2.188e+04 2.291e+04 2250396332 
2.291e+04 2.399e+04 2451476098 
2.399e+04 2.512e+04 2672142596 
2.512e+04 2.630e+04 2915908372 
2.630e+04 2.754e+04 3178487600 
2.754e+04 2.884e+04 3458586654 
2.884e+04 3.020e+04 3761715656 
3.020e+04 3.162e+04 4090768563 
3.162e+04 3.311e+04 4449515133 
3.311e+04 3.467e+04 4840970738 
3.467e+04 3.631e+04 5257680033 
3.631e+04 3.802e+04 5707045536 
3.802e+04 3.981e+04 6195933122 
3.981e+04 4.169e+04 6732174463 
4.169e+04 4.365e+04 7311229914 
4.365e+04 4.571e+04 7929362232 
4.571e+04 4.786e+04 8586190514 
4.786e+04 5.012e+04 9288457653 
5.012e+04 5.248e+04 10048468347 
5.248e+04 5.495e+04 10873979248 
5.495e+04 5.754e+04 11750430196 
5.754e+04 6.026e+04 12684215500 
6.026e+04 6.310e+04 13691886753 
6.310e+04 6.607e+04 14758692086 
6.607e+04 6.918e+04 15890377423 
6.918e+04 7.244e+04 17073716601 
7.244e+04 7.586e+04 18312552862 
7.586e+04 7.943e+04 19624095869 
7.943e+04 8.318e+04 20983266222 
8.318e+04 8.710e+04 22382810887 
8.710e+04 9.120e+04 23879494931 
9.120e+04 9.550e+04 25359436386 
9.550e+04 1.000e+05 26864069985 
1.000e+05 1.047e+05 28393921206 
1.047e+05 1.096e+05 30016828694 
1.096e+05 1.148e+05 31605438088 
1.148e+05 1.202e+05 33107780820 
