1.000e+00 1.047e+00 23594641 
1.047e+00 1.096e+00 25667787 
1.096e+00 1.148e+00 27933060 
1.148e+00 1.202e+00 30387292 
1.202e+00 1.259e+00 33054536 
1.259e+00 1.318e+00 35977665 
1.318e+00 1.380e+00 39146470 
1.380e+00 1.445e+00 42583527 
1.445e+00 1.514e+00 46327748 
1.514e+00 1.585e+00 50373131 
1.585e+00 1.660e+00 54802129 
1.660e+00 1.738e+00 59612920 
1.738e+00 1.820e+00 64811609 
1.820e+00 1.905e+00 70490754 
1.905e+00 1.995e+00 76645755 
1.995e+00 2.089e+00 83368670 
2.089e+00 2.188e+00 90655865 
2.188e+00 2.291e+00 98571721 
2.291e+00 2.399e+00 107134813 
2.399e+00 2.512e+00 116412144 
2.512e+00 2.630e+00 126554510 
2.630e+00 2.754e+00 137555868 
2.754e+00 2.884e+00 149454113 
2.884e+00 3.020e+00 162432708 
3.020e+00 3.162e+00 176491863 
3.162e+00 3.311e+00 191724760 
3.311e+00 3.467e+00 208233306 
3.467e+00 3.631e+00 226214586 
3.631e+00 3.802e+00 245795835 
3.802e+00 3.981e+00 266930553 
3.981e+00 4.169e+00 289809106 
4.169e+00 4.365e+00 314676461 
4.365e+00 4.571e+00 341551334 
4.571e+00 4.786e+00 370826418 
4.786e+00 5.012e+00 402461703 
5.012e+00 5.248e+00 436840722 
5.248e+00 5.495e+00 474083429 
5.495e+00 5.754e+00 514494016 
5.754e+00 6.026e+00 558187488 
6.026e+00 6.310e+00 605482980 
6.310e+00 6.607e+00 656697526 
6.607e+00 6.918e+00 711931431 
6.918e+00 7.244e+00 771706246 
7.244e+00 7.586e+00 836991943 
7.586e+00 7.943e+00 907368455 
7.943e+00 8.318e+00 983516546 
8.318e+00 8.710e+00 1066226453 
8.710e+00 9.120e+00 1155622566 
9.120e+00 9.550e+00 1252370894 
9.550e+00 1.000e+01 1357284345 
1.000e+01 1.047e+01 1470758382 
1.047e+01 1.096e+01 1593318857 
1.096e+01 1.148e+01 1725371919 
1.148e+01 1.202e+01 1868320764 
1.202e+01 1.259e+01 2022833179 
1.259e+01 1.318e+01 2190227932 
1.318e+01 1.380e+01 2370382070 
1.380e+01 1.445e+01 2564143144 
1.445e+01 1.514e+01 2774149485 
1.514e+01 1.585e+01 3001637756 
1.585e+01 1.660e+01 3246467550 
1.660e+01 1.738e+01 3510420317 
1.738e+01 1.820e+01 3794367299 
1.820e+01 1.905e+01 4099428171 
1.905e+01 1.995e+01 4429057067 
1.995e+01 2.089e+01 4785511345 
2.089e+01 2.188e+01 5166061005 
2.188e+01 2.291e+01 5576535706 
2.291e+01 2.399e+01 6018543497 
2.399e+01 2.512e+01 6490850838 
2.512e+01 2.630e+01 6998613697 
2.630e+01 2.754e+01 7545733087 
2.754e+01 2.884e+01 8130924839 
2.884e+01 3.020e+01 8758549620 
3.020e+01 3.162e+01 9426245458 
3.162e+01 3.311e+01 10142977628 
3.311e+01 3.467e+01 10907728599 
3.467e+01 3.631e+01 11726400818 
3.631e+01 3.802e+01 12598827640 
3.802e+01 3.981e+01 13531525113 
3.981e+01 4.169e+01 14527194863 
4.169e+01 4.365e+01 15584266128 
4.365e+01 4.571e+01 16700763147 
4.571e+01 4.786e+01 17883675150 
4.786e+01 5.012e+01 19136604783 
5.012e+01 5.248e+01 20459809365 
5.248e+01 5.495e+01 21857433408 
5.495e+01 5.754e+01 23331492038 
5.754e+01 6.026e+01 24879057683 
6.026e+01 6.310e+01 26501502379 
6.310e+01 6.607e+01 28198343784 
6.607e+01 6.918e+01 29940515029 
6.918e+01 7.244e+01 31744197277 
7.244e+01 7.586e+01 33608183056 
7.586e+01 7.943e+01 35506242664 
7.943e+01 8.318e+01 37447306630 
8.318e+01 8.710e+01 39407760007 
8.710e+01 9.120e+01 41346914062 
9.120e+01 9.550e+01 43245776727 
9.550e+01 1.000e+02 45061688526 
1.000e+02 1.047e+02 46771576624 
1.047e+02 1.096e+02 48332674595 
1.096e+02 1.148e+02 49662443459 
1.148e+02 1.202e+02 50663996473 
1.202e+02 1.259e+02 51212701475 
1.259e+02 1.318e+02 51230644126 
1.318e+02 1.380e+02 50546566845 
1.380e+02 1.445e+02 48878146457 
1.445e+02 1.514e+02 45972309553 
1.514e+02 1.585e+02 41381522312 
1.585e+02 1.660e+02 34438996351 
1.660e+02 1.738e+02 24015912783 
1.738e+02 1.820e+02 7434808357 
1.820e+02 1.905e+02 0 
1.905e+02 1.995e+02 0 
1.995e+02 2.089e+02 0 
2.089e+02 2.188e+02 0 
2.188e+02 2.291e+02 0 
2.291e+02 2.399e+02 0 
2.399e+02 2.512e+02 0 
2.512e+02 2.630e+02 0 
2.630e+02 2.754e+02 0 
2.754e+02 2.884e+02 0 
2.884e+02 3.020e+02 0 
3.020e+02 3.162e+02 0 
3.162e+02 3.311e+02 0 
3.311e+02 3.467e+02 0 
3.467e+02 3.631e+02 0 
3.631e+02 3.802e+02 0 
3.802e+02 3.981e+02 0 
3.981e+02 4.169e+02 0 
4.169e+02 4.365e+02 0 
4.365e+02 4.571e+02 0 
4.571e+02 4.786e+02 0 
4.786e+02 5.012e+02 0 
5.012e+02 5.248e+02 0 
5.248e+02 5.495e+02 0 
5.495e+02 5.754e+02 0 
5.754e+02 6.026e+02 0 
6.026e+02 6.310e+02 0 
6.310e+02 6.607e+02 0 
6.607e+02 6.918e+02 0 
6.918e+02 7.244e+02 0 
7.244e+02 7.586e+02 0 
7.586e+02 7.943e+02 0 
7.943e+02 8.318e+02 0 
8.318e+02 8.710e+02 0 
8.710e+02 9.120e+02 0 
9.120e+02 9.550e+02 0 
9.550e+02 1.000e+03 0 
1.000e+03 1.047e+03 0 
1.047e+03 1.096e+03 0 
1.096e+03 1.148e+03 0 
1.148e+03 1.202e+03 0 
1.202e+03 1.259e+03 0 
1.259e+03 1.318e+03 0 
1.318e+03 1.380e+03 0 
1.380e+03 1.445e+03 0 
1.445e+03 1.514e+03 0 
1.514e+03 1.585e+03 0 
1.585e+03 1.660e+03 0 
1.660e+03 1.738e+03 0 
1.738e+03 1.820e+03 0 
1.820e+03 1.905e+03 0 
1.905e+03 1.995e+03 0 
1.995e+03 2.089e+03 0 
2.089e+03 2.188e+03 0 
2.188e+03 2.291e+03 0 
2.291e+03 2.399e+03 0 
2.399e+03 2.512e+03 0 
2.512e+03 2.630e+03 0 
2.630e+03 2.754e+03 0 
2.754e+03 2.884e+03 0 
2.884e+03 3.020e+03 0 
3.020e+03 3.162e+03 0 
3.162e+03 3.311e+03 0 
3.311e+03 3.467e+03 0 
3.467e+03 3.631e+03 0 
3.631e+03 3.802e+03 0 
3.802e+03 3.981e+03 0 
3.981e+03 4.169e+03 0 
4.169e+03 4.365e+03 0 
4.365e+03 4.571e+03 0 
4.571e+03 4.786e+03 0 
4.786e+03 5.012e+03 0 
5.012e+03 5.248e+03 0 
5.248e+03 5.495e+03 0 
5.495e+03 5.754e+03 0 
5.754e+03 6.026e+03 0 
6.026e+03 6.310e+03 0 
6.310e+03 6.607e+03 0 
6.607e+03 6.918e+03 0 
6.918e+03 7.244e+03 0 
7.244e+03 7.586e+03 0 
7.586e+03 7.943e+03 0 
7.943e+03 8.318e+03 0 
8.318e+03 8.710e+03 0 
8.710e+03 9.120e+03 0 
9.120e+03 9.550e+03 0 
9.550e+03 1.000e+04 0 
1.000e+04 1.047e+04 0 
1.047e+04 1.096e+04 0 
1.096e+04 1.148e+04 0 
1.148e+04 1.202e+04 0 
1.202e+04 1.259e+04 0 
1.259e+04 1.318e+04 0 
1.318e+04 1.380e+04 0 
1.380e+04 1.445e+04 0 
1.445e+04 1.514e+04 0 
1.514e+04 1.585e+04 0 
1.585e+04 1.660e+04 0 
1.660e+04 1.738e+04 0 
1.738e+04 1.820e+04 0 
1.820e+04 1.905e+04 0 
1.905e+04 1.995e+04 0 
1.995e+04 2.089e+04 0 
2.089e+04 2.188e+04 0 
2.188e+04 2.291e+04 0 
2.291e+04 2.399e+04 0 
2.399e+04 2.512e+04 0 
2.512e+04 2.630e+04 0 
2.630e+04 2.754e+04 0 
2.754e+04 2.884e+04 0 
2.884e+04 3.020e+04 0 
3.020e+04 3.162e+04 0 
3.162e+04 3.311e+04 0 
3.311e+04 3.467e+04 0 
3.467e+04 3.631e+04 0 
3.631e+04 3.802e+04 0 
3.802e+04 3.981e+04 0 
3.981e+04 4.169e+04 0 
4.169e+04 4.365e+04 0 
4.365e+04 4.571e+04 0 
4.571e+04 4.786e+04 0 
4.786e+04 5.012e+04 0 
5.012e+04 5.248e+04 0 
5.248e+04 5.495e+04 0 
5.495e+04 5.754e+04 0 
5.754e+04 6.026e+04 0 
6.026e+04 6.310e+04 0 
6.310e+04 6.607e+04 0 
6.607e+04 6.918e+04 0 
6.918e+04 7.244e+04 0 
7.244e+04 7.586e+04 0 
7.586e+04 7.943e+04 0 
7.943e+04 8.318e+04 0 
8.318e+04 8.710e+04 0 
8.710e+04 9.120e+04 0 
9.120e+04 9.550e+04 0 
9.550e+04 1.000e+05 0 
1.000e+05 1.047e+05 0 
1.047e+05 1.096e+05 0 
1.096e+05 1.148e+05 0 
1.148e+05 1.202e+05 0 
