1.000e+00 1.047e+00 7 
1.047e+00 1.096e+00 14 
1.096e+00 1.148e+00 20 
1.148e+00 1.202e+00 10 
1.202e+00 1.259e+00 23 
1.259e+00 1.318e+00 18 
1.318e+00 1.380e+00 22 
1.380e+00 1.445e+00 32 
1.445e+00 1.514e+00 29 
1.514e+00 1.585e+00 21 
1.585e+00 1.660e+00 27 
1.660e+00 1.738e+00 33 
1.738e+00 1.820e+00 25 
1.820e+00 1.905e+00 64 
1.905e+00 1.995e+00 43 
1.995e+00 2.089e+00 45 
2.089e+00 2.188e+00 71 
2.188e+00 2.291e+00 59 
2.291e+00 2.399e+00 64 
2.399e+00 2.512e+00 42 
2.512e+00 2.630e+00 98 
2.630e+00 2.754e+00 59 
2.754e+00 2.884e+00 102 
2.884e+00 3.020e+00 121 
3.020e+00 3.162e+00 82 
3.162e+00 3.311e+00 122 
3.311e+00 3.467e+00 127 
3.467e+00 3.631e+00 136 
3.631e+00 3.802e+00 160 
3.802e+00 3.981e+00 147 
3.981e+00 4.169e+00 185 
4.169e+00 4.365e+00 193 
4.365e+00 4.571e+00 203 
4.571e+00 4.786e+00 233 
4.786e+00 5.012e+00 235 
5.012e+00 5.248e+00 298 
5.248e+00 5.495e+00 328 
5.495e+00 5.754e+00 294 
5.754e+00 6.026e+00 365 
6.026e+00 6.310e+00 430 
6.310e+00 6.607e+00 422 
6.607e+00 6.918e+00 423 
6.918e+00 7.244e+00 503 
7.244e+00 7.586e+00 562 
7.586e+00 7.943e+00 631 
7.943e+00 8.318e+00 644 
8.318e+00 8.710e+00 735 
8.710e+00 9.120e+00 780 
9.120e+00 9.550e+00 830 
9.550e+00 1.000e+01 918 
1.000e+01 1.047e+01 1016 
1.047e+01 1.096e+01 1116 
1.096e+01 1.148e+01 1158 
1.148e+01 1.202e+01 1338 
1.202e+01 1.259e+01 1354 
1.259e+01 1.318e+01 1657 
1.318e+01 1.380e+01 1698 
1.380e+01 1.445e+01 1848 
1.445e+01 1.514e+01 2024 
1.514e+01 1.585e+01 2242 
1.585e+01 1.660e+01 2401 
1.660e+01 1.738e+01 2655 
1.738e+01 1.820e+01 2921 
1.820e+01 1.905e+01 3041 
1.905e+01 1.995e+01 3315 
1.995e+01 2.089e+01 3582 
2.089e+01 2.188e+01 3932 
2.188e+01 2.291e+01 4357 
2.291e+01 2.399e+01 4520 
2.399e+01 2.512e+01 5213 
2.512e+01 2.630e+01 5516 
2.630e+01 2.754e+01 5949 
2.754e+01 2.884e+01 6583 
2.884e+01 3.020e+01 7032 
3.020e+01 3.162e+01 7995 
3.162e+01 3.311e+01 8631 
3.311e+01 3.467e+01 9351 
3.467e+01 3.631e+01 10204 
3.631e+01 3.802e+01 11281 
3.802e+01 3.981e+01 12305 
3.981e+01 4.169e+01 13403 
4.169e+01 4.365e+01 14565 
4.365e+01 4.571e+01 15910 
4.571e+01 4.786e+01 17090 
4.786e+01 5.012e+01 18742 
5.012e+01 5.248e+01 20330 
5.248e+01 5.495e+01 22485 
5.495e+01 5.754e+01 24310 
5.754e+01 6.026e+01 26705 
6.026e+01 6.310e+01 29243 
6.310e+01 6.607e+01 32028 
6.607e+01 6.918e+01 34707 
6.918e+01 7.244e+01 37842 
7.244e+01 7.586e+01 41030 
7.586e+01 7.943e+01 44810 
7.943e+01 8.318e+01 48964 
8.318e+01 8.710e+01 54104 
8.710e+01 9.120e+01 58710 
9.120e+01 9.550e+01 63554 
9.550e+01 1.000e+02 69839 
1.000e+02 1.047e+02 76342 
1.047e+02 1.096e+02 82744 
1.096e+02 1.148e+02 90457 
1.148e+02 1.202e+02 99008 
1.202e+02 1.259e+02 107275 
1.259e+02 1.318e+02 117030 
1.318e+02 1.380e+02 128131 
1.380e+02 1.445e+02 138369 
1.445e+02 1.514e+02 151339 
1.514e+02 1.585e+02 164691 
1.585e+02 1.660e+02 179839 
1.660e+02 1.738e+02 194967 
1.738e+02 1.820e+02 213260 
1.820e+02 1.905e+02 232708 
1.905e+02 1.995e+02 253297 
1.995e+02 2.089e+02 277467 
2.089e+02 2.188e+02 300502 
2.188e+02 2.291e+02 327872 
2.291e+02 2.399e+02 358705 
2.399e+02 2.512e+02 389102 
2.512e+02 2.630e+02 423903 
2.630e+02 2.754e+02 461721 
2.754e+02 2.884e+02 501763 
2.884e+02 3.020e+02 548355 
3.020e+02 3.162e+02 597903 
3.162e+02 3.311e+02 650904 
3.311e+02 3.467e+02 708964 
3.467e+02 3.631e+02 770911 
3.631e+02 3.802e+02 839780 
3.802e+02 3.981e+02 914168 
3.981e+02 4.169e+02 995824 
4.169e+02 4.365e+02 1084331 
4.365e+02 4.571e+02 1183191 
4.571e+02 4.786e+02 1287483 
4.786e+02 5.012e+02 1397217 
5.012e+02 5.248e+02 1524973 
5.248e+02 5.495e+02 1662512 
5.495e+02 5.754e+02 1808171 
5.754e+02 6.026e+02 1967505 
6.026e+02 6.310e+02 2141874 
6.310e+02 6.607e+02 2332559 
6.607e+02 6.918e+02 2541570 
6.918e+02 7.244e+02 2762522 
7.244e+02 7.586e+02 3000880 
7.586e+02 7.943e+02 3269257 
7.943e+02 8.318e+02 3562774 
8.318e+02 8.710e+02 3876140 
8.710e+02 9.120e+02 4217195 
9.120e+02 9.550e+02 4585238 
9.550e+02 1.000e+03 4993509 
1.000e+03 1.047e+03 5437287 
1.047e+03 1.096e+03 5909024 
1.096e+03 1.148e+03 6438883 
1.148e+03 1.202e+03 7010962 
1.202e+03 1.259e+03 7629630 
1.259e+03 1.318e+03 8304113 
1.318e+03 1.380e+03 9035981 
1.380e+03 1.445e+03 9820492 
1.445e+03 1.514e+03 10671853 
1.514e+03 1.585e+03 11606552 
1.585e+03 1.660e+03 12618887 
1.660e+03 1.738e+03 13726651 
1.738e+03 1.820e+03 14931637 
1.820e+03 1.905e+03 16239993 
1.905e+03 1.995e+03 17643037 
1.995e+03 2.089e+03 19180605 
2.089e+03 2.188e+03 20842575 
2.188e+03 2.291e+03 22657848 
2.291e+03 2.399e+03 24625936 
2.399e+03 2.512e+03 26744173 
2.512e+03 2.630e+03 29068427 
2.630e+03 2.754e+03 31587669 
2.754e+03 2.884e+03 34317810 
2.884e+03 3.020e+03 37268219 
3.020e+03 3.162e+03 40484046 
3.162e+03 3.311e+03 43931402 
3.311e+03 3.467e+03 47720344 
3.467e+03 3.631e+03 51823692 
3.631e+03 3.802e+03 56274838 
3.802e+03 3.981e+03 61082571 
3.981e+03 4.169e+03 66304518 
4.169e+03 4.365e+03 71958246 
4.365e+03 4.571e+03 78046444 
4.571e+03 4.786e+03 84668901 
4.786e+03 5.012e+03 91874724 
5.012e+03 5.248e+03 99726505 
5.248e+03 5.495e+03 108185544 
5.495e+03 5.754e+03 117351304 
5.754e+03 6.026e+03 127236416 
6.026e+03 6.310e+03 138009135 
6.310e+03 6.607e+03 149630148 
6.607e+03 6.918e+03 162237498 
6.918e+03 7.244e+03 175885491 
7.244e+03 7.586e+03 190518807 
7.586e+03 7.943e+03 206415918 
7.943e+03 8.318e+03 223668294 
8.318e+03 8.710e+03 242452838 
8.710e+03 9.120e+03 262786452 
9.120e+03 9.550e+03 284583782 
9.550e+03 1.000e+04 308083597 
1.000e+04 1.047e+04 333554049 
1.047e+04 1.096e+04 361063348 
1.096e+04 1.148e+04 390587104 
1.148e+04 1.202e+04 422673963 
1.202e+04 1.259e+04 457478460 
1.259e+04 1.318e+04 494767570 
1.318e+04 1.380e+04 535119070 
1.380e+04 1.445e+04 578572914 
1.445e+04 1.514e+04 625171173 
1.514e+04 1.585e+04 675574485 
1.585e+04 1.660e+04 729722810 
1.660e+04 1.738e+04 788218221 
1.738e+04 1.820e+04 851001634 
1.820e+04 1.905e+04 918954252 
1.905e+04 1.995e+04 991917666 
1.995e+04 2.089e+04 1070507657 
2.089e+04 2.188e+04 1154795457 
2.188e+04 2.291e+04 1244855779 
2.291e+04 2.399e+04 1342090037 
2.399e+04 2.512e+04 1446076914 
2.512e+04 2.630e+04 1557896854 
2.630e+04 2.754e+04 1677831965 
2.754e+04 2.884e+04 1806383391 
2.884e+04 3.020e+04 1943749496 
3.020e+04 3.162e+04 2090717278 
3.162e+04 3.311e+04 2247612767 
3.311e+04 3.467e+04 2415482437 
3.467e+04 3.631e+04 2594000032 
3.631e+04 3.802e+04 2784523364 
3.802e+04 3.981e+04 2988656139 
3.981e+04 4.169e+04 3206851845 
4.169e+04 4.365e+04 3439422072 
4.365e+04 4.571e+04 3686575946 
4.571e+04 4.786e+04 3949014313 
4.786e+04 5.012e+04 4226394955 
5.012e+04 5.248e+04 4521424234 
5.248e+04 5.495e+04 4833151246 
5.495e+04 5.754e+04 5163127413 
5.754e+04 6.026e+04 5512332752 
6.026e+04 6.310e+04 5879663604 
6.310e+04 6.607e+04 6265303732 
6.607e+04 6.918e+04 6669394977 
6.918e+04 7.244e+04 7091904889 
7.244e+04 7.586e+04 7536069247 
7.586e+04 7.943e+04 7994572999 
7.943e+04 8.318e+04 8472154670 
8.318e+04 8.710e+04 8969336892 
8.710e+04 9.120e+04 9483533047 
9.120e+04 9.550e+04 10008031446 
9.550e+04 1.000e+05 10546232052 
1.000e+05 1.047e+05 11094630206 
1.047e+05 1.096e+05 11649779931 
1.096e+05 1.148e+05 12207306072 
1.148e+05 1.202e+05 12766285232 
