1.000e+00 1.047e+00 16653470 
1.047e+00 1.096e+00 18113588 
1.096e+00 1.148e+00 19703345 
1.148e+00 1.202e+00 21423276 
1.202e+00 1.259e+00 23296321 
1.259e+00 1.318e+00 25332808 
1.318e+00 1.380e+00 27558194 
1.380e+00 1.445e+00 29950274 
1.445e+00 1.514e+00 32565640 
1.514e+00 1.585e+00 35386114 
1.585e+00 1.660e+00 38448697 
1.660e+00 1.738e+00 41779728 
1.738e+00 1.820e+00 45418537 
1.820e+00 1.905e+00 49357565 
1.905e+00 1.995e+00 53673421 
1.995e+00 2.089e+00 58337204 
2.089e+00 2.188e+00 63384211 
2.188e+00 2.291e+00 68832951 
2.291e+00 2.399e+00 74751533 
2.399e+00 2.512e+00 81194470 
2.512e+00 2.630e+00 88170583 
2.630e+00 2.754e+00 95773672 
2.754e+00 2.884e+00 104024417 
2.884e+00 3.020e+00 112983105 
3.020e+00 3.162e+00 122693697 
3.162e+00 3.311e+00 133226158 
3.311e+00 3.467e+00 144621574 
3.467e+00 3.631e+00 157013978 
3.631e+00 3.802e+00 170441184 
3.802e+00 3.981e+00 185127494 
3.981e+00 4.169e+00 200905259 
4.169e+00 4.365e+00 218093958 
4.365e+00 4.571e+00 236717699 
4.571e+00 4.786e+00 256941714 
4.786e+00 5.012e+00 278634778 
5.012e+00 5.248e+00 302131114 
5.248e+00 5.495e+00 327620032 
5.495e+00 5.754e+00 355441487 
5.754e+00 6.026e+00 385474751 
6.026e+00 6.310e+00 417958226 
6.310e+00 6.607e+00 453446762 
6.607e+00 6.918e+00 491500041 
6.918e+00 7.244e+00 533054486 
7.244e+00 7.586e+00 577750076 
7.586e+00 7.943e+00 626287376 
7.943e+00 8.318e+00 678952084 
8.318e+00 8.710e+00 735866109 
8.710e+00 9.120e+00 797623371 
9.120e+00 9.550e+00 864317715 
9.550e+00 1.000e+01 936395912 
1.000e+01 1.047e+01 1014442924 
1.047e+01 1.096e+01 1098946755 
1.096e+01 1.148e+01 1190537271 
1.148e+01 1.202e+01 1289980198 
1.202e+01 1.259e+01 1397123371 
1.259e+01 1.318e+01 1512914859 
1.318e+01 1.380e+01 1637727897 
1.380e+01 1.445e+01 1771414925 
1.445e+01 1.514e+01 1916319603 
1.514e+01 1.585e+01 2072871288 
1.585e+01 1.660e+01 2242266222 
1.660e+01 1.738e+01 2423426874 
1.738e+01 1.820e+01 2619111331 
1.820e+01 1.905e+01 2830011823 
1.905e+01 1.995e+01 3057693176 
1.995e+01 2.089e+01 3304312783 
2.089e+01 2.188e+01 3568213933 
2.188e+01 2.291e+01 3851933262 
2.291e+01 2.399e+01 4157625533 
2.399e+01 2.512e+01 4483412745 
2.512e+01 2.630e+01 4832498458 
2.630e+01 2.754e+01 5208010719 
2.754e+01 2.884e+01 5613176539 
2.884e+01 3.020e+01 6045707886 
3.020e+01 3.162e+01 6503380303 
3.162e+01 3.311e+01 6993002035 
3.311e+01 3.467e+01 7518441295 
3.467e+01 3.631e+01 8077012911 
3.631e+01 3.802e+01 8674485767 
3.802e+01 3.981e+01 9314733317 
3.981e+01 4.169e+01 9993688203 
4.169e+01 4.365e+01 10713815626 
4.365e+01 4.571e+01 11479888624 
4.571e+01 4.786e+01 12288851607 
4.786e+01 5.012e+01 13141574088 
5.012e+01 5.248e+01 14040093981 
5.248e+01 5.495e+01 14981242317 
5.495e+01 5.754e+01 15980773868 
5.754e+01 6.026e+01 17027192841 
6.026e+01 6.310e+01 18124396355 
6.310e+01 6.607e+01 19274412712 
6.607e+01 6.918e+01 20461433740 
6.918e+01 7.244e+01 21693392700 
7.244e+01 7.586e+01 22959626315 
7.586e+01 7.943e+01 24248534730 
7.943e+01 8.318e+01 25548784422 
8.318e+01 8.710e+01 26883782337 
8.710e+01 9.120e+01 28233756584 
9.120e+01 9.550e+01 29508986492 
9.550e+01 1.000e+02 30744824500 
1.000e+02 1.047e+02 31948042048 
1.047e+02 1.096e+02 33028737108 
1.096e+02 1.148e+02 33947566960 
1.148e+02 1.202e+02 34652779466 
1.202e+02 1.259e+02 35082239336 
1.259e+02 1.318e+02 35165424375 
1.318e+02 1.380e+02 34754552662 
1.380e+02 1.445e+02 33656987042 
1.445e+02 1.514e+02 31715428326 
1.514e+02 1.585e+02 28585853238 
1.585e+02 1.660e+02 23790103501 
1.660e+02 1.738e+02 16583550213 
1.738e+02 1.820e+02 5160148225 
1.820e+02 1.905e+02 0 
1.905e+02 1.995e+02 0 
1.995e+02 2.089e+02 0 
2.089e+02 2.188e+02 0 
2.188e+02 2.291e+02 0 
2.291e+02 2.399e+02 0 
2.399e+02 2.512e+02 0 
2.512e+02 2.630e+02 0 
2.630e+02 2.754e+02 0 
2.754e+02 2.884e+02 0 
2.884e+02 3.020e+02 0 
3.020e+02 3.162e+02 0 
3.162e+02 3.311e+02 0 
3.311e+02 3.467e+02 0 
3.467e+02 3.631e+02 0 
3.631e+02 3.802e+02 0 
3.802e+02 3.981e+02 0 
3.981e+02 4.169e+02 0 
4.169e+02 4.365e+02 0 
4.365e+02 4.571e+02 0 
4.571e+02 4.786e+02 0 
4.786e+02 5.012e+02 0 
5.012e+02 5.248e+02 0 
5.248e+02 5.495e+02 0 
5.495e+02 5.754e+02 0 
5.754e+02 6.026e+02 0 
6.026e+02 6.310e+02 0 
6.310e+02 6.607e+02 0 
6.607e+02 6.918e+02 0 
6.918e+02 7.244e+02 0 
7.244e+02 7.586e+02 0 
7.586e+02 7.943e+02 0 
7.943e+02 8.318e+02 0 
8.318e+02 8.710e+02 0 
8.710e+02 9.120e+02 0 
9.120e+02 9.550e+02 0 
9.550e+02 1.000e+03 0 
1.000e+03 1.047e+03 0 
1.047e+03 1.096e+03 0 
1.096e+03 1.148e+03 0 
1.148e+03 1.202e+03 0 
1.202e+03 1.259e+03 0 
1.259e+03 1.318e+03 0 
1.318e+03 1.380e+03 0 
1.380e+03 1.445e+03 0 
1.445e+03 1.514e+03 0 
1.514e+03 1.585e+03 0 
1.585e+03 1.660e+03 0 
1.660e+03 1.738e+03 0 
1.738e+03 1.820e+03 0 
1.820e+03 1.905e+03 0 
1.905e+03 1.995e+03 0 
1.995e+03 2.089e+03 0 
2.089e+03 2.188e+03 0 
2.188e+03 2.291e+03 0 
2.291e+03 2.399e+03 0 
2.399e+03 2.512e+03 0 
2.512e+03 2.630e+03 0 
2.630e+03 2.754e+03 0 
2.754e+03 2.884e+03 0 
2.884e+03 3.020e+03 0 
3.020e+03 3.162e+03 0 
3.162e+03 3.311e+03 0 
3.311e+03 3.467e+03 0 
3.467e+03 3.631e+03 0 
3.631e+03 3.802e+03 0 
3.802e+03 3.981e+03 0 
3.981e+03 4.169e+03 0 
4.169e+03 4.365e+03 0 
4.365e+03 4.571e+03 0 
4.571e+03 4.786e+03 0 
4.786e+03 5.012e+03 0 
5.012e+03 5.248e+03 0 
5.248e+03 5.495e+03 0 
5.495e+03 5.754e+03 0 
5.754e+03 6.026e+03 0 
6.026e+03 6.310e+03 0 
6.310e+03 6.607e+03 0 
6.607e+03 6.918e+03 0 
6.918e+03 7.244e+03 0 
7.244e+03 7.586e+03 0 
7.586e+03 7.943e+03 0 
7.943e+03 8.318e+03 0 
8.318e+03 8.710e+03 0 
8.710e+03 9.120e+03 0 
9.120e+03 9.550e+03 0 
9.550e+03 1.000e+04 0 
1.000e+04 1.047e+04 0 
1.047e+04 1.096e+04 0 
1.096e+04 1.148e+04 0 
1.148e+04 1.202e+04 0 
1.202e+04 1.259e+04 0 
1.259e+04 1.318e+04 0 
1.318e+04 1.380e+04 0 
1.380e+04 1.445e+04 0 
1.445e+04 1.514e+04 0 
1.514e+04 1.585e+04 0 
1.585e+04 1.660e+04 0 
1.660e+04 1.738e+04 0 
1.738e+04 1.820e+04 0 
1.820e+04 1.905e+04 0 
1.905e+04 1.995e+04 0 
1.995e+04 2.089e+04 0 
2.089e+04 2.188e+04 0 
2.188e+04 2.291e+04 0 
2.291e+04 2.399e+04 0 
2.399e+04 2.512e+04 0 
2.512e+04 2.630e+04 0 
2.630e+04 2.754e+04 0 
2.754e+04 2.884e+04 0 
2.884e+04 3.020e+04 0 
3.020e+04 3.162e+04 0 
3.162e+04 3.311e+04 0 
3.311e+04 3.467e+04 0 
3.467e+04 3.631e+04 0 
3.631e+04 3.802e+04 0 
3.802e+04 3.981e+04 0 
3.981e+04 4.169e+04 0 
4.169e+04 4.365e+04 0 
4.365e+04 4.571e+04 0 
4.571e+04 4.786e+04 0 
4.786e+04 5.012e+04 0 
5.012e+04 5.248e+04 0 
5.248e+04 5.495e+04 0 
5.495e+04 5.754e+04 0 
5.754e+04 6.026e+04 0 
6.026e+04 6.310e+04 0 
6.310e+04 6.607e+04 0 
6.607e+04 6.918e+04 0 
6.918e+04 7.244e+04 0 
7.244e+04 7.586e+04 0 
7.586e+04 7.943e+04 0 
7.943e+04 8.318e+04 0 
8.318e+04 8.710e+04 0 
8.710e+04 9.120e+04 0 
9.120e+04 9.550e+04 0 
9.550e+04 1.000e+05 0 
1.000e+05 1.047e+05 0 
1.047e+05 1.096e+05 0 
1.096e+05 1.148e+05 0 
1.148e+05 1.202e+05 0 
