1.000e+00 1.047e+00 5 
1.047e+00 1.096e+00 15 
1.096e+00 1.148e+00 17 
1.148e+00 1.202e+00 14 
1.202e+00 1.259e+00 9 
1.259e+00 1.318e+00 11 
1.318e+00 1.380e+00 14 
1.380e+00 1.445e+00 19 
1.445e+00 1.514e+00 30 
1.514e+00 1.585e+00 32 
1.585e+00 1.660e+00 28 
1.660e+00 1.738e+00 27 
1.738e+00 1.820e+00 37 
1.820e+00 1.905e+00 45 
1.905e+00 1.995e+00 41 
1.995e+00 2.089e+00 39 
2.089e+00 2.188e+00 45 
2.188e+00 2.291e+00 45 
2.291e+00 2.399e+00 46 
2.399e+00 2.512e+00 49 
2.512e+00 2.630e+00 107 
2.630e+00 2.754e+00 66 
2.754e+00 2.884e+00 94 
2.884e+00 3.020e+00 95 
3.020e+00 3.162e+00 91 
3.162e+00 3.311e+00 116 
3.311e+00 3.467e+00 106 
3.467e+00 3.631e+00 119 
3.631e+00 3.802e+00 158 
3.802e+00 3.981e+00 143 
3.981e+00 4.169e+00 169 
4.169e+00 4.365e+00 181 
4.365e+00 4.571e+00 188 
4.571e+00 4.786e+00 220 
4.786e+00 5.012e+00 219 
5.012e+00 5.248e+00 272 
5.248e+00 5.495e+00 279 
5.495e+00 5.754e+00 272 
5.754e+00 6.026e+00 332 
6.026e+00 6.310e+00 377 
6.310e+00 6.607e+00 395 
6.607e+00 6.918e+00 438 
6.918e+00 7.244e+00 460 
7.244e+00 7.586e+00 462 
7.586e+00 7.943e+00 556 
7.943e+00 8.318e+00 631 
8.318e+00 8.710e+00 674 
8.710e+00 9.120e+00 769 
9.120e+00 9.550e+00 841 
9.550e+00 1.000e+01 885 
1.000e+01 1.047e+01 1014 
1.047e+01 1.096e+01 1037 
1.096e+01 1.148e+01 1089 
1.148e+01 1.202e+01 1255 
1.202e+01 1.259e+01 1360 
1.259e+01 1.318e+01 1663 
1.318e+01 1.380e+01 1627 
1.380e+01 1.445e+01 1738 
1.445e+01 1.514e+01 1931 
1.514e+01 1.585e+01 2199 
1.585e+01 1.660e+01 2372 
1.660e+01 1.738e+01 2525 
1.738e+01 1.820e+01 2726 
1.820e+01 1.905e+01 2909 
1.905e+01 1.995e+01 3297 
1.995e+01 2.089e+01 3646 
2.089e+01 2.188e+01 3916 
2.188e+01 2.291e+01 4413 
2.291e+01 2.399e+01 4708 
2.399e+01 2.512e+01 5030 
2.512e+01 2.630e+01 5584 
2.630e+01 2.754e+01 6167 
2.754e+01 2.884e+01 6557 
2.884e+01 3.020e+01 7299 
3.020e+01 3.162e+01 8016 
3.162e+01 3.311e+01 8627 
3.311e+01 3.467e+01 9463 
3.467e+01 3.631e+01 10437 
3.631e+01 3.802e+01 11180 
3.802e+01 3.981e+01 12129 
3.981e+01 4.169e+01 13316 
4.169e+01 4.365e+01 14336 
4.365e+01 4.571e+01 15799 
4.571e+01 4.786e+01 17267 
4.786e+01 5.012e+01 18860 
5.012e+01 5.248e+01 20382 
5.248e+01 5.495e+01 22383 
5.495e+01 5.754e+01 24362 
5.754e+01 6.026e+01 26688 
6.026e+01 6.310e+01 29054 
6.310e+01 6.607e+01 31891 
6.607e+01 6.918e+01 34692 
6.918e+01 7.244e+01 38313 
7.244e+01 7.586e+01 41332 
7.586e+01 7.943e+01 45263 
7.943e+01 8.318e+01 49231 
8.318e+01 8.710e+01 53396 
8.710e+01 9.120e+01 58410 
9.120e+01 9.550e+01 63548 
9.550e+01 1.000e+02 69549 
1.000e+02 1.047e+02 75514 
1.047e+02 1.096e+02 82225 
1.096e+02 1.148e+02 89194 
1.148e+02 1.202e+02 98417 
1.202e+02 1.259e+02 106761 
1.259e+02 1.318e+02 116525 
1.318e+02 1.380e+02 126544 
1.380e+02 1.445e+02 138257 
1.445e+02 1.514e+02 150189 
1.514e+02 1.585e+02 163957 
1.585e+02 1.660e+02 179801 
1.660e+02 1.738e+02 195943 
1.738e+02 1.820e+02 213107 
1.820e+02 1.905e+02 233457 
1.905e+02 1.995e+02 253173 
1.995e+02 2.089e+02 278184 
2.089e+02 2.188e+02 302330 
2.188e+02 2.291e+02 329898 
2.291e+02 2.399e+02 357889 
2.399e+02 2.512e+02 390577 
2.512e+02 2.630e+02 424645 
2.630e+02 2.754e+02 463301 
2.754e+02 2.884e+02 505395 
2.884e+02 3.020e+02 549616 
3.020e+02 3.162e+02 596309 
3.162e+02 3.311e+02 648622 
3.311e+02 3.467e+02 707098 
3.467e+02 3.631e+02 771867 
3.631e+02 3.802e+02 841390 
3.802e+02 3.981e+02 914548 
3.981e+02 4.169e+02 996675 
4.169e+02 4.365e+02 1085459 
4.365e+02 4.571e+02 1183078 
4.571e+02 4.786e+02 1287269 
4.786e+02 5.012e+02 1404906 
5.012e+02 5.248e+02 1526877 
5.248e+02 5.495e+02 1662122 
5.495e+02 5.754e+02 1811447 
5.754e+02 6.026e+02 1976006 
6.026e+02 6.310e+02 2153266 
6.310e+02 6.607e+02 2342808 
6.607e+02 6.918e+02 2547020 
6.918e+02 7.244e+02 2777762 
7.244e+02 7.586e+02 3020414 
7.586e+02 7.943e+02 3286047 
7.943e+02 8.318e+02 3581337 
8.318e+02 8.710e+02 3896100 
8.710e+02 9.120e+02 4240622 
9.120e+02 9.550e+02 4612010 
9.550e+02 1.000e+03 5018489 
1.000e+03 1.047e+03 5454917 
1.047e+03 1.096e+03 5930274 
1.096e+03 1.148e+03 6451818 
1.148e+03 1.202e+03 7026548 
1.202e+03 1.259e+03 7637954 
1.259e+03 1.318e+03 8309910 
1.318e+03 1.380e+03 9031788 
1.380e+03 1.445e+03 9824607 
1.445e+03 1.514e+03 10670105 
1.514e+03 1.585e+03 11597489 
1.585e+03 1.660e+03 12615972 
1.660e+03 1.738e+03 13714898 
1.738e+03 1.820e+03 14899554 
1.820e+03 1.905e+03 16199906 
1.905e+03 1.995e+03 17591445 
1.995e+03 2.089e+03 19099088 
2.089e+03 2.188e+03 20760630 
2.188e+03 2.291e+03 22542849 
2.291e+03 2.399e+03 24510658 
2.399e+03 2.512e+03 26627991 
2.512e+03 2.630e+03 28901840 
2.630e+03 2.754e+03 31422914 
2.754e+03 2.884e+03 34131609 
2.884e+03 3.020e+03 37099535 
3.020e+03 3.162e+03 40293818 
3.162e+03 3.311e+03 43770304 
3.311e+03 3.467e+03 47511409 
3.467e+03 3.631e+03 51597612 
3.631e+03 3.802e+03 56041797 
3.802e+03 3.981e+03 60850258 
3.981e+03 4.169e+03 66075499 
4.169e+03 4.365e+03 71724963 
4.365e+03 4.571e+03 77832356 
4.571e+03 4.786e+03 84452605 
4.786e+03 5.012e+03 91621395 
5.012e+03 5.248e+03 99428896 
5.248e+03 5.495e+03 107845664 
5.495e+03 5.754e+03 116950019 
5.754e+03 6.026e+03 126801965 
6.026e+03 6.310e+03 137479660 
6.310e+03 6.607e+03 149049001 
6.607e+03 6.918e+03 161547990 
6.918e+03 7.244e+03 175145053 
7.244e+03 7.586e+03 189854851 
7.586e+03 7.943e+03 205793638 
7.943e+03 8.318e+03 223076757 
8.318e+03 8.710e+03 241822282 
8.710e+03 9.120e+03 262172730 
9.120e+03 9.550e+03 283950108 
9.550e+03 1.000e+04 307455891 
1.000e+04 1.047e+04 332872497 
1.047e+04 1.096e+04 360332642 
1.096e+04 1.148e+04 389971558 
1.148e+04 1.202e+04 421976477 
1.202e+04 1.259e+04 456559742 
1.259e+04 1.318e+04 493922378 
1.318e+04 1.380e+04 534168934 
1.380e+04 1.445e+04 577524752 
1.445e+04 1.514e+04 624194052 
1.514e+04 1.585e+04 674343229 
1.585e+04 1.660e+04 728581049 
1.660e+04 1.738e+04 786770912 
1.738e+04 1.820e+04 849711529 
1.820e+04 1.905e+04 917457266 
1.905e+04 1.995e+04 990542740 
1.995e+04 2.089e+04 1069026586 
2.089e+04 2.188e+04 1153291258 
2.188e+04 2.291e+04 1243810776 
2.291e+04 2.399e+04 1340708751 
2.399e+04 2.512e+04 1445073067 
2.512e+04 2.630e+04 1556488375 
2.630e+04 2.754e+04 1676503076 
2.754e+04 2.884e+04 1804802399 
2.884e+04 3.020e+04 1943032178 
3.020e+04 3.162e+04 2090298331 
3.162e+04 3.311e+04 2247680606 
3.311e+04 3.467e+04 2416192369 
3.467e+04 3.631e+04 2595867428 
3.631e+04 3.802e+04 2787357771 
3.802e+04 3.981e+04 2992094705 
3.981e+04 4.169e+04 3209577839 
4.169e+04 4.365e+04 3440995905 
4.365e+04 4.571e+04 3686643355 
4.571e+04 4.786e+04 3949034514 
4.786e+04 5.012e+04 4227360864 
5.012e+04 5.248e+04 4522208174 
5.248e+04 5.495e+04 4832952023 
5.495e+04 5.754e+04 5162891025 
5.754e+04 6.026e+04 5509108077 
6.026e+04 6.310e+04 5873849815 
6.310e+04 6.607e+04 6257339628 
6.607e+04 6.918e+04 6661576092 
6.918e+04 7.244e+04 7082726805 
7.244e+04 7.586e+04 7523831638 
7.586e+04 7.943e+04 7984305703 
7.943e+04 8.318e+04 8466095841 
8.318e+04 8.710e+04 8962150464 
8.710e+04 9.120e+04 9475338977 
9.120e+04 9.550e+04 10002580129 
9.550e+04 1.000e+05 10546167080 
1.000e+05 1.047e+05 11098325189 
1.047e+05 1.096e+05 11658175108 
1.096e+05 1.148e+05 12217571169 
1.148e+05 1.202e+05 12774811916 
