1.000e+00 1.047e+00 5911607 
1.047e+00 1.096e+00 6423300 
1.096e+00 1.148e+00 6986586 
1.148e+00 1.202e+00 7593676 
1.202e+00 1.259e+00 8257683 
1.259e+00 1.318e+00 8977617 
1.318e+00 1.380e+00 9764312 
1.380e+00 1.445e+00 10612216 
1.445e+00 1.514e+00 11542080 
1.514e+00 1.585e+00 12547548 
1.585e+00 1.660e+00 13661743 
1.660e+00 1.738e+00 14869455 
1.738e+00 1.820e+00 16182881 
1.820e+00 1.905e+00 17612722 
1.905e+00 1.995e+00 19139314 
1.995e+00 2.089e+00 20802115 
2.089e+00 2.188e+00 22612030 
2.188e+00 2.291e+00 24541942 
2.291e+00 2.399e+00 26688483 
2.399e+00 2.512e+00 28988222 
2.512e+00 2.630e+00 31501655 
2.630e+00 2.754e+00 34254001 
2.754e+00 2.884e+00 37213270 
2.884e+00 3.020e+00 40446780 
3.020e+00 3.162e+00 43929466 
3.162e+00 3.311e+00 47741763 
3.311e+00 3.467e+00 51853887 
3.467e+00 3.631e+00 56326005 
3.631e+00 3.802e+00 61136366 
3.802e+00 3.981e+00 66364843 
3.981e+00 4.169e+00 72072470 
4.169e+00 4.365e+00 78262545 
4.365e+00 4.571e+00 84927498 
4.571e+00 4.786e+00 92157034 
4.786e+00 5.012e+00 100053321 
5.012e+00 5.248e+00 108505909 
5.248e+00 5.495e+00 117747644 
5.495e+00 5.754e+00 127686792 
5.754e+00 6.026e+00 138412660 
6.026e+00 6.310e+00 150102860 
6.310e+00 6.607e+00 162732755 
6.607e+00 6.918e+00 176459381 
6.918e+00 7.244e+00 191391595 
7.244e+00 7.586e+00 207409487 
7.586e+00 7.943e+00 224719467 
7.943e+00 8.318e+00 243659346 
8.318e+00 8.710e+00 264191205 
8.710e+00 9.120e+00 286216313 
9.120e+00 9.550e+00 310005360 
9.550e+00 1.000e+01 335944436 
1.000e+01 1.047e+01 363928091 
1.047e+01 1.096e+01 393990933 
1.096e+01 1.148e+01 426534128 
1.148e+01 1.202e+01 461523153 
1.202e+01 1.259e+01 499463000 
1.259e+01 1.318e+01 540431329 
1.318e+01 1.380e+01 584391759 
1.380e+01 1.445e+01 632193098 
1.445e+01 1.514e+01 683608324 
1.514e+01 1.585e+01 739078719 
1.585e+01 1.660e+01 799010751 
1.660e+01 1.738e+01 863678826 
1.738e+01 1.820e+01 933213102 
1.820e+01 1.905e+01 1007581488 
1.905e+01 1.995e+01 1087829607 
1.995e+01 2.089e+01 1174625522 
2.089e+01 2.188e+01 1268028082 
2.188e+01 2.291e+01 1367582214 
2.291e+01 2.399e+01 1475254657 
2.399e+01 2.512e+01 1591039694 
2.512e+01 2.630e+01 1714718712 
2.630e+01 2.754e+01 1846782446 
2.754e+01 2.884e+01 1989120465 
2.884e+01 3.020e+01 2141651748 
3.020e+01 3.162e+01 2305119131 
3.162e+01 3.311e+01 2480638579 
3.311e+01 3.467e+01 2666802421 
3.467e+01 3.631e+01 2865587567 
3.631e+01 3.802e+01 3077903735 
3.802e+01 3.981e+01 3303467917 
3.981e+01 4.169e+01 3543974150 
4.169e+01 4.365e+01 3798274383 
4.365e+01 4.571e+01 4068482946 
4.571e+01 4.786e+01 4355293589 
4.786e+01 5.012e+01 4658634022 
5.012e+01 5.248e+01 4980823448 
5.248e+01 5.495e+01 5323129428 
5.495e+01 5.754e+01 5684756373 
5.754e+01 6.026e+01 6061766837 
6.026e+01 6.310e+01 6451441010 
6.310e+01 6.607e+01 6859353459 
6.607e+01 6.918e+01 7285061754 
6.918e+01 7.244e+01 7729114858 
7.244e+01 7.586e+01 8185361962 
7.586e+01 7.943e+01 8655332389 
7.943e+01 8.318e+01 9130954408 
8.318e+01 8.710e+01 9607134349 
8.710e+01 9.120e+01 10076353020 
9.120e+01 9.550e+01 10539507737 
9.550e+01 1.000e+02 10987821579 
1.000e+02 1.047e+02 11400479772 
1.047e+02 1.096e+02 11770034560 
1.096e+02 1.148e+02 12084680288 
1.148e+02 1.202e+02 12331673600 
1.202e+02 1.259e+02 12480038807 
1.259e+02 1.318e+02 12475153390 
1.318e+02 1.380e+02 12316700954 
1.380e+02 1.445e+02 11936945013 
1.445e+02 1.514e+02 11245432210 
1.514e+02 1.585e+02 10141046083 
1.585e+02 1.660e+02 8469607937 
1.660e+02 1.738e+02 5937908245 
1.738e+02 1.820e+02 1849109149 
1.820e+02 1.905e+02 0 
1.905e+02 1.995e+02 0 
1.995e+02 2.089e+02 0 
2.089e+02 2.188e+02 0 
2.188e+02 2.291e+02 0 
2.291e+02 2.399e+02 0 
2.399e+02 2.512e+02 0 
2.512e+02 2.630e+02 0 
2.630e+02 2.754e+02 0 
2.754e+02 2.884e+02 0 
2.884e+02 3.020e+02 0 
3.020e+02 3.162e+02 0 
3.162e+02 3.311e+02 0 
3.311e+02 3.467e+02 0 
3.467e+02 3.631e+02 0 
3.631e+02 3.802e+02 0 
3.802e+02 3.981e+02 0 
3.981e+02 4.169e+02 0 
4.169e+02 4.365e+02 0 
4.365e+02 4.571e+02 0 
4.571e+02 4.786e+02 0 
4.786e+02 5.012e+02 0 
5.012e+02 5.248e+02 0 
5.248e+02 5.495e+02 0 
5.495e+02 5.754e+02 0 
5.754e+02 6.026e+02 0 
6.026e+02 6.310e+02 0 
6.310e+02 6.607e+02 0 
6.607e+02 6.918e+02 0 
6.918e+02 7.244e+02 0 
7.244e+02 7.586e+02 0 
7.586e+02 7.943e+02 0 
7.943e+02 8.318e+02 0 
8.318e+02 8.710e+02 0 
8.710e+02 9.120e+02 0 
9.120e+02 9.550e+02 0 
9.550e+02 1.000e+03 0 
1.000e+03 1.047e+03 0 
1.047e+03 1.096e+03 0 
1.096e+03 1.148e+03 0 
1.148e+03 1.202e+03 0 
1.202e+03 1.259e+03 0 
1.259e+03 1.318e+03 0 
1.318e+03 1.380e+03 0 
1.380e+03 1.445e+03 0 
1.445e+03 1.514e+03 0 
1.514e+03 1.585e+03 0 
1.585e+03 1.660e+03 0 
1.660e+03 1.738e+03 0 
1.738e+03 1.820e+03 0 
1.820e+03 1.905e+03 0 
1.905e+03 1.995e+03 0 
1.995e+03 2.089e+03 0 
2.089e+03 2.188e+03 0 
2.188e+03 2.291e+03 0 
2.291e+03 2.399e+03 0 
2.399e+03 2.512e+03 0 
2.512e+03 2.630e+03 0 
2.630e+03 2.754e+03 0 
2.754e+03 2.884e+03 0 
2.884e+03 3.020e+03 0 
3.020e+03 3.162e+03 0 
3.162e+03 3.311e+03 0 
3.311e+03 3.467e+03 0 
3.467e+03 3.631e+03 0 
3.631e+03 3.802e+03 0 
3.802e+03 3.981e+03 0 
3.981e+03 4.169e+03 0 
4.169e+03 4.365e+03 0 
4.365e+03 4.571e+03 0 
4.571e+03 4.786e+03 0 
4.786e+03 5.012e+03 0 
5.012e+03 5.248e+03 0 
5.248e+03 5.495e+03 0 
5.495e+03 5.754e+03 0 
5.754e+03 6.026e+03 0 
6.026e+03 6.310e+03 0 
6.310e+03 6.607e+03 0 
6.607e+03 6.918e+03 0 
6.918e+03 7.244e+03 0 
7.244e+03 7.586e+03 0 
7.586e+03 7.943e+03 0 
7.943e+03 8.318e+03 0 
8.318e+03 8.710e+03 0 
8.710e+03 9.120e+03 0 
9.120e+03 9.550e+03 0 
9.550e+03 1.000e+04 0 
1.000e+04 1.047e+04 0 
1.047e+04 1.096e+04 0 
1.096e+04 1.148e+04 0 
1.148e+04 1.202e+04 0 
1.202e+04 1.259e+04 0 
1.259e+04 1.318e+04 0 
1.318e+04 1.380e+04 0 
1.380e+04 1.445e+04 0 
1.445e+04 1.514e+04 0 
1.514e+04 1.585e+04 0 
1.585e+04 1.660e+04 0 
1.660e+04 1.738e+04 0 
1.738e+04 1.820e+04 0 
1.820e+04 1.905e+04 0 
1.905e+04 1.995e+04 0 
1.995e+04 2.089e+04 0 
2.089e+04 2.188e+04 0 
2.188e+04 2.291e+04 0 
2.291e+04 2.399e+04 0 
2.399e+04 2.512e+04 0 
2.512e+04 2.630e+04 0 
2.630e+04 2.754e+04 0 
2.754e+04 2.884e+04 0 
2.884e+04 3.020e+04 0 
3.020e+04 3.162e+04 0 
3.162e+04 3.311e+04 0 
3.311e+04 3.467e+04 0 
3.467e+04 3.631e+04 0 
3.631e+04 3.802e+04 0 
3.802e+04 3.981e+04 0 
3.981e+04 4.169e+04 0 
4.169e+04 4.365e+04 0 
4.365e+04 4.571e+04 0 
4.571e+04 4.786e+04 0 
4.786e+04 5.012e+04 0 
5.012e+04 5.248e+04 0 
5.248e+04 5.495e+04 0 
5.495e+04 5.754e+04 0 
5.754e+04 6.026e+04 0 
6.026e+04 6.310e+04 0 
6.310e+04 6.607e+04 0 
6.607e+04 6.918e+04 0 
6.918e+04 7.244e+04 0 
7.244e+04 7.586e+04 0 
7.586e+04 7.943e+04 0 
7.943e+04 8.318e+04 0 
8.318e+04 8.710e+04 0 
8.710e+04 9.120e+04 0 
9.120e+04 9.550e+04 0 
9.550e+04 1.000e+05 0 
1.000e+05 1.047e+05 0 
1.047e+05 1.096e+05 0 
1.096e+05 1.148e+05 0 
1.148e+05 1.202e+05 0 
