1.000e+00 1.047e+00 2 
1.047e+00 1.096e+00 5 
1.096e+00 1.148e+00 11 
1.148e+00 1.202e+00 2 
1.202e+00 1.259e+00 10 
1.259e+00 1.318e+00 6 
1.318e+00 1.380e+00 4 
1.380e+00 1.445e+00 10 
1.445e+00 1.514e+00 17 
1.514e+00 1.585e+00 14 
1.585e+00 1.660e+00 10 
1.660e+00 1.738e+00 14 
1.738e+00 1.820e+00 27 
1.820e+00 1.905e+00 28 
1.905e+00 1.995e+00 25 
1.995e+00 2.089e+00 22 
2.089e+00 2.188e+00 36 
2.188e+00 2.291e+00 29 
2.291e+00 2.399e+00 31 
2.399e+00 2.512e+00 25 
2.512e+00 2.630e+00 44 
2.630e+00 2.754e+00 35 
2.754e+00 2.884e+00 46 
2.884e+00 3.020e+00 54 
3.020e+00 3.162e+00 35 
3.162e+00 3.311e+00 55 
3.311e+00 3.467e+00 75 
3.467e+00 3.631e+00 53 
3.631e+00 3.802e+00 81 
3.802e+00 3.981e+00 100 
3.981e+00 4.169e+00 93 
4.169e+00 4.365e+00 100 
4.365e+00 4.571e+00 93 
4.571e+00 4.786e+00 150 
4.786e+00 5.012e+00 150 
5.012e+00 5.248e+00 142 
5.248e+00 5.495e+00 193 
5.495e+00 5.754e+00 165 
5.754e+00 6.026e+00 192 
6.026e+00 6.310e+00 227 
6.310e+00 6.607e+00 242 
6.607e+00 6.918e+00 255 
6.918e+00 7.244e+00 249 
7.244e+00 7.586e+00 313 
7.586e+00 7.943e+00 324 
7.943e+00 8.318e+00 339 
8.318e+00 8.710e+00 409 
8.710e+00 9.120e+00 458 
9.120e+00 9.550e+00 439 
9.550e+00 1.000e+01 537 
1.000e+01 1.047e+01 592 
1.047e+01 1.096e+01 628 
1.096e+01 1.148e+01 681 
1.148e+01 1.202e+01 828 
1.202e+01 1.259e+01 869 
1.259e+01 1.318e+01 976 
1.318e+01 1.380e+01 1000 
1.380e+01 1.445e+01 1155 
1.445e+01 1.514e+01 1205 
1.514e+01 1.585e+01 1348 
1.585e+01 1.660e+01 1454 
1.660e+01 1.738e+01 1608 
1.738e+01 1.820e+01 1802 
1.820e+01 1.905e+01 1894 
1.905e+01 1.995e+01 2280 
1.995e+01 2.089e+01 2394 
2.089e+01 2.188e+01 2530 
2.188e+01 2.291e+01 2853 
2.291e+01 2.399e+01 3046 
2.399e+01 2.512e+01 3422 
2.512e+01 2.630e+01 3829 
2.630e+01 2.754e+01 4070 
2.754e+01 2.884e+01 4512 
2.884e+01 3.020e+01 4740 
3.020e+01 3.162e+01 5470 
3.162e+01 3.311e+01 5894 
3.311e+01 3.467e+01 6477 
3.467e+01 3.631e+01 7163 
3.631e+01 3.802e+01 7834 
3.802e+01 3.981e+01 8660 
3.981e+01 4.169e+01 9216 
4.169e+01 4.365e+01 10230 
4.365e+01 4.571e+01 11266 
4.571e+01 4.786e+01 12342 
4.786e+01 5.012e+01 13418 
5.012e+01 5.248e+01 14911 
5.248e+01 5.495e+01 16157 
5.495e+01 5.754e+01 17717 
5.754e+01 6.026e+01 19648 
6.026e+01 6.310e+01 21507 
6.310e+01 6.607e+01 23462 
6.607e+01 6.918e+01 25962 
6.918e+01 7.244e+01 28358 
7.244e+01 7.586e+01 30841 
7.586e+01 7.943e+01 34189 
7.943e+01 8.318e+01 37096 
8.318e+01 8.710e+01 40908 
8.710e+01 9.120e+01 45195 
9.120e+01 9.550e+01 49487 
9.550e+01 1.000e+02 53888 
1.000e+02 1.047e+02 58641 
1.047e+02 1.096e+02 64475 
1.096e+02 1.148e+02 71080 
1.148e+02 1.202e+02 77779 
1.202e+02 1.259e+02 86167 
1.259e+02 1.318e+02 94001 
1.318e+02 1.380e+02 102480 
1.380e+02 1.445e+02 112695 
1.445e+02 1.514e+02 122691 
1.514e+02 1.585e+02 134926 
1.585e+02 1.660e+02 148585 
1.660e+02 1.738e+02 162297 
1.738e+02 1.820e+02 178602 
1.820e+02 1.905e+02 195642 
1.905e+02 1.995e+02 214454 
1.995e+02 2.089e+02 234082 
2.089e+02 2.188e+02 257497 
2.188e+02 2.291e+02 281564 
2.291e+02 2.399e+02 308272 
2.399e+02 2.512e+02 339819 
2.512e+02 2.630e+02 371636 
2.630e+02 2.754e+02 406510 
2.754e+02 2.884e+02 446006 
2.884e+02 3.020e+02 489245 
3.020e+02 3.162e+02 539082 
3.162e+02 3.311e+02 588752 
3.311e+02 3.467e+02 645430 
3.467e+02 3.631e+02 707731 
3.631e+02 3.802e+02 776359 
3.802e+02 3.981e+02 849535 
3.981e+02 4.169e+02 934605 
4.169e+02 4.365e+02 1024898 
4.365e+02 4.571e+02 1122247 
4.571e+02 4.786e+02 1228605 
4.786e+02 5.012e+02 1347023 
5.012e+02 5.248e+02 1477236 
5.248e+02 5.495e+02 1620457 
5.495e+02 5.754e+02 1774076 
5.754e+02 6.026e+02 1946347 
6.026e+02 6.310e+02 2135976 
6.310e+02 6.607e+02 2340271 
6.607e+02 6.918e+02 2567123 
6.918e+02 7.244e+02 2811562 
7.244e+02 7.586e+02 3080123 
7.586e+02 7.943e+02 3377999 
7.943e+02 8.318e+02 3703583 
8.318e+02 8.710e+02 4055854 
8.710e+02 9.120e+02 4448029 
9.120e+02 9.550e+02 4875012 
9.550e+02 1.000e+03 5346717 
1.000e+03 1.047e+03 5862313 
1.047e+03 1.096e+03 6428479 
1.096e+03 1.148e+03 7047622 
1.148e+03 1.202e+03 7720855 
1.202e+03 1.259e+03 8463994 
1.259e+03 1.318e+03 9278986 
1.318e+03 1.380e+03 10162941 
1.380e+03 1.445e+03 11136106 
1.445e+03 1.514e+03 12214138 
1.514e+03 1.585e+03 13380112 
1.585e+03 1.660e+03 14664437 
1.660e+03 1.738e+03 16081773 
1.738e+03 1.820e+03 17613566 
1.820e+03 1.905e+03 19306724 
1.905e+03 1.995e+03 21170312 
1.995e+03 2.089e+03 23196376 
2.089e+03 2.188e+03 25425002 
2.188e+03 2.291e+03 27859204 
2.291e+03 2.399e+03 30535981 
2.399e+03 2.512e+03 33461497 
2.512e+03 2.630e+03 36671454 
2.630e+03 2.754e+03 40182534 
2.754e+03 2.884e+03 44030693 
2.884e+03 3.020e+03 48241364 
3.020e+03 3.162e+03 52861547 
3.162e+03 3.311e+03 57923707 
3.311e+03 3.467e+03 63466038 
3.467e+03 3.631e+03 69549101 
3.631e+03 3.802e+03 76193149 
3.802e+03 3.981e+03 83462062 
3.981e+03 4.169e+03 91451652 
4.169e+03 4.365e+03 100174595 
4.365e+03 4.571e+03 109740764 
4.571e+03 4.786e+03 120203605 
4.786e+03 5.012e+03 131626274 
5.012e+03 5.248e+03 144165691 
5.248e+03 5.495e+03 157838584 
5.495e+03 5.754e+03 172780621 
5.754e+03 6.026e+03 189230471 
6.026e+03 6.310e+03 207165337 
6.310e+03 6.607e+03 226835515 
6.607e+03 6.918e+03 248340161 
6.918e+03 7.244e+03 271825020 
7.244e+03 7.586e+03 297619850 
7.586e+03 7.943e+03 325791184 
7.943e+03 8.318e+03 356574103 
8.318e+03 8.710e+03 390252570 
8.710e+03 9.120e+03 427194612 
9.120e+03 9.550e+03 467404289 
9.550e+03 1.000e+04 511307231 
1.000e+04 1.047e+04 559333800 
1.047e+04 1.096e+04 611834905 
1.096e+04 1.148e+04 669200890 
1.148e+04 1.202e+04 732067181 
1.202e+04 1.259e+04 800593522 
1.259e+04 1.318e+04 875505435 
1.318e+04 1.380e+04 956830899 
1.380e+04 1.445e+04 1045820727 
1.445e+04 1.514e+04 1143235049 
1.514e+04 1.585e+04 1249466662 
1.585e+04 1.660e+04 1364945844 
1.660e+04 1.738e+04 1490767291 
1.738e+04 1.820e+04 1627795848 
1.820e+04 1.905e+04 1777339616 
1.905e+04 1.995e+04 1940598497 
1.995e+04 2.089e+04 2118071496 
2.089e+04 2.188e+04 2311670845 
2.188e+04 2.291e+04 2521920757 
2.291e+04 2.399e+04 2750671063 
2.399e+04 2.512e+04 2999278045 
2.512e+04 2.630e+04 3270379480 
2.630e+04 2.754e+04 3564124008 
2.754e+04 2.884e+04 3882756583 
2.884e+04 3.020e+04 4227101237 
3.020e+04 3.162e+04 4599008206 
3.162e+04 3.311e+04 5001742855 
3.311e+04 3.467e+04 5436297052 
3.467e+04 3.631e+04 5906826372 
3.631e+04 3.802e+04 6414383339 
3.802e+04 3.981e+04 6962251241 
3.981e+04 4.169e+04 7552574603 
4.169e+04 4.365e+04 8187739793 
4.365e+04 4.571e+04 8871685724 
4.571e+04 4.786e+04 9608747585 
4.786e+04 5.012e+04 10400151582 
5.012e+04 5.248e+04 11247937950 
5.248e+04 5.495e+04 12155389764 
5.495e+04 5.754e+04 13124330871 
5.754e+04 6.026e+04 14154371751 
6.026e+04 6.310e+04 15249039470 
6.310e+04 6.607e+04 16409953675 
6.607e+04 6.918e+04 17644535632 
6.918e+04 7.244e+04 18946928121 
7.244e+04 7.586e+04 20313562625 
7.586e+04 7.943e+04 21754020299 
7.943e+04 8.318e+04 23267705200 
8.318e+04 8.710e+04 24863821598 
8.710e+04 9.120e+04 26525643302 
9.120e+04 9.550e+04 28233537818 
9.550e+04 1.000e+05 29996347764 
1.000e+05 1.047e+05 31787008434 
1.047e+05 1.096e+05 33588554852 
1.096e+05 1.148e+05 35388560736 
1.148e+05 1.202e+05 37137563396 
