1.000e+00 1.047e+00 21085166 
1.047e+00 1.096e+00 22942645 
1.096e+00 1.148e+00 24973290 
1.148e+00 1.202e+00 27187317 
1.202e+00 1.259e+00 29581368 
1.259e+00 1.318e+00 32143276 
1.318e+00 1.380e+00 34957691 
1.380e+00 1.445e+00 38028894 
1.445e+00 1.514e+00 41355457 
1.514e+00 1.585e+00 44993160 
1.585e+00 1.660e+00 48924684 
1.660e+00 1.738e+00 53225264 
1.738e+00 1.820e+00 57902887 
1.820e+00 1.905e+00 62962982 
1.905e+00 1.995e+00 68416808 
1.995e+00 2.089e+00 74333448 
2.089e+00 2.188e+00 80821643 
2.188e+00 2.291e+00 87817482 
2.291e+00 2.399e+00 95448163 
2.399e+00 2.512e+00 103779947 
2.512e+00 2.630e+00 112789182 
2.630e+00 2.754e+00 122630116 
2.754e+00 2.884e+00 133201936 
2.884e+00 3.020e+00 144674097 
3.020e+00 3.162e+00 157133850 
3.162e+00 3.311e+00 170647978 
3.311e+00 3.467e+00 185351339 
3.467e+00 3.631e+00 201217147 
3.631e+00 3.802e+00 218434795 
3.802e+00 3.981e+00 237280601 
3.981e+00 4.169e+00 257684459 
4.169e+00 4.365e+00 279829695 
4.365e+00 4.571e+00 303864684 
4.571e+00 4.786e+00 329915842 
4.786e+00 5.012e+00 358143057 
5.012e+00 5.248e+00 388621874 
5.248e+00 5.495e+00 422011058 
5.495e+00 5.754e+00 457828342 
5.754e+00 6.026e+00 496514780 
6.026e+00 6.310e+00 538583413 
6.310e+00 6.607e+00 584018751 
6.607e+00 6.918e+00 633167324 
6.918e+00 7.244e+00 686587528 
7.244e+00 7.586e+00 744730413 
7.586e+00 7.943e+00 807461321 
7.943e+00 8.318e+00 875429274 
8.318e+00 8.710e+00 948803115 
8.710e+00 9.120e+00 1028146197 
9.120e+00 9.550e+00 1114083059 
9.550e+00 1.000e+01 1206358590 
1.000e+01 1.047e+01 1306297387 
1.047e+01 1.096e+01 1414756250 
1.096e+01 1.148e+01 1532096543 
1.148e+01 1.202e+01 1658279649 
1.202e+01 1.259e+01 1794735001 
1.259e+01 1.318e+01 1942376332 
1.318e+01 1.380e+01 2101499724 
1.380e+01 1.445e+01 2273105458 
1.445e+01 1.514e+01 2457949615 
1.514e+01 1.585e+01 2657448015 
1.585e+01 1.660e+01 2872886260 
1.660e+01 1.738e+01 3105085749 
1.738e+01 1.820e+01 3353970707 
1.820e+01 1.905e+01 3622843968 
1.905e+01 1.995e+01 3912374736 
1.995e+01 2.089e+01 4223133505 
2.089e+01 2.188e+01 4556640064 
2.188e+01 2.291e+01 4915409216 
2.291e+01 2.399e+01 5301756810 
2.399e+01 2.512e+01 5718203638 
2.512e+01 2.630e+01 6164544089 
2.630e+01 2.754e+01 6642336222 
2.754e+01 2.884e+01 7155418157 
2.884e+01 3.020e+01 7706961337 
3.020e+01 3.162e+01 8295966245 
3.162e+01 3.311e+01 8924952010 
3.311e+01 3.467e+01 9595839161 
3.467e+01 3.631e+01 10311685292 
3.631e+01 3.802e+01 11075973467 
3.802e+01 3.981e+01 11894841456 
3.981e+01 4.169e+01 12765197894 
4.169e+01 4.365e+01 13684155529 
4.365e+01 4.571e+01 14665153306 
4.571e+01 4.786e+01 15704632169 
4.786e+01 5.012e+01 16803631182 
5.012e+01 5.248e+01 17968503494 
5.248e+01 5.495e+01 19197642521 
5.495e+01 5.754e+01 20491019380 
5.754e+01 6.026e+01 21846144833 
6.026e+01 6.310e+01 23264987867 
6.310e+01 6.607e+01 24753776462 
6.607e+01 6.918e+01 26300762197 
6.918e+01 7.244e+01 27903946189 
7.244e+01 7.586e+01 29542406382 
7.586e+01 7.943e+01 31218874599 
7.943e+01 8.318e+01 32920285656 
8.318e+01 8.710e+01 34641224733 
8.710e+01 9.120e+01 36350573433 
9.120e+01 9.550e+01 38024090106 
9.550e+01 1.000e+02 39631153267 
1.000e+02 1.047e+02 41147179930 
1.047e+02 1.096e+02 42517536978 
1.096e+02 1.148e+02 43665446682 
1.148e+02 1.202e+02 44521336288 
1.202e+02 1.259e+02 45027206555 
1.259e+02 1.318e+02 45049956340 
1.318e+02 1.380e+02 44447916887 
1.380e+02 1.445e+02 43025386976 
1.445e+02 1.514e+02 40512758573 
1.514e+02 1.585e+02 36508270544 
1.585e+02 1.660e+02 30496775856 
1.660e+02 1.738e+02 21371701526 
1.738e+02 1.820e+02 6633102170 
1.820e+02 1.905e+02 0 
1.905e+02 1.995e+02 0 
1.995e+02 2.089e+02 0 
2.089e+02 2.188e+02 0 
2.188e+02 2.291e+02 0 
2.291e+02 2.399e+02 0 
2.399e+02 2.512e+02 0 
2.512e+02 2.630e+02 0 
2.630e+02 2.754e+02 0 
2.754e+02 2.884e+02 0 
2.884e+02 3.020e+02 0 
3.020e+02 3.162e+02 0 
3.162e+02 3.311e+02 0 
3.311e+02 3.467e+02 0 
3.467e+02 3.631e+02 0 
3.631e+02 3.802e+02 0 
3.802e+02 3.981e+02 0 
3.981e+02 4.169e+02 0 
4.169e+02 4.365e+02 0 
4.365e+02 4.571e+02 0 
4.571e+02 4.786e+02 0 
4.786e+02 5.012e+02 0 
5.012e+02 5.248e+02 0 
5.248e+02 5.495e+02 0 
5.495e+02 5.754e+02 0 
5.754e+02 6.026e+02 0 
6.026e+02 6.310e+02 0 
6.310e+02 6.607e+02 0 
6.607e+02 6.918e+02 0 
6.918e+02 7.244e+02 0 
7.244e+02 7.586e+02 0 
7.586e+02 7.943e+02 0 
7.943e+02 8.318e+02 0 
8.318e+02 8.710e+02 0 
8.710e+02 9.120e+02 0 
9.120e+02 9.550e+02 0 
9.550e+02 1.000e+03 0 
1.000e+03 1.047e+03 0 
1.047e+03 1.096e+03 0 
1.096e+03 1.148e+03 0 
1.148e+03 1.202e+03 0 
1.202e+03 1.259e+03 0 
1.259e+03 1.318e+03 0 
1.318e+03 1.380e+03 0 
1.380e+03 1.445e+03 0 
1.445e+03 1.514e+03 0 
1.514e+03 1.585e+03 0 
1.585e+03 1.660e+03 0 
1.660e+03 1.738e+03 0 
1.738e+03 1.820e+03 0 
1.820e+03 1.905e+03 0 
1.905e+03 1.995e+03 0 
1.995e+03 2.089e+03 0 
2.089e+03 2.188e+03 0 
2.188e+03 2.291e+03 0 
2.291e+03 2.399e+03 0 
2.399e+03 2.512e+03 0 
2.512e+03 2.630e+03 0 
2.630e+03 2.754e+03 0 
2.754e+03 2.884e+03 0 
2.884e+03 3.020e+03 0 
3.020e+03 3.162e+03 0 
3.162e+03 3.311e+03 0 
3.311e+03 3.467e+03 0 
3.467e+03 3.631e+03 0 
3.631e+03 3.802e+03 0 
3.802e+03 3.981e+03 0 
3.981e+03 4.169e+03 0 
4.169e+03 4.365e+03 0 
4.365e+03 4.571e+03 0 
4.571e+03 4.786e+03 0 
4.786e+03 5.012e+03 0 
5.012e+03 5.248e+03 0 
5.248e+03 5.495e+03 0 
5.495e+03 5.754e+03 0 
5.754e+03 6.026e+03 0 
6.026e+03 6.310e+03 0 
6.310e+03 6.607e+03 0 
6.607e+03 6.918e+03 0 
6.918e+03 7.244e+03 0 
7.244e+03 7.586e+03 0 
7.586e+03 7.943e+03 0 
7.943e+03 8.318e+03 0 
8.318e+03 8.710e+03 0 
8.710e+03 9.120e+03 0 
9.120e+03 9.550e+03 0 
9.550e+03 1.000e+04 0 
1.000e+04 1.047e+04 0 
1.047e+04 1.096e+04 0 
1.096e+04 1.148e+04 0 
1.148e+04 1.202e+04 0 
1.202e+04 1.259e+04 0 
1.259e+04 1.318e+04 0 
1.318e+04 1.380e+04 0 
1.380e+04 1.445e+04 0 
1.445e+04 1.514e+04 0 
1.514e+04 1.585e+04 0 
1.585e+04 1.660e+04 0 
1.660e+04 1.738e+04 0 
1.738e+04 1.820e+04 0 
1.820e+04 1.905e+04 0 
1.905e+04 1.995e+04 0 
1.995e+04 2.089e+04 0 
2.089e+04 2.188e+04 0 
2.188e+04 2.291e+04 0 
2.291e+04 2.399e+04 0 
2.399e+04 2.512e+04 0 
2.512e+04 2.630e+04 0 
2.630e+04 2.754e+04 0 
2.754e+04 2.884e+04 0 
2.884e+04 3.020e+04 0 
3.020e+04 3.162e+04 0 
3.162e+04 3.311e+04 0 
3.311e+04 3.467e+04 0 
3.467e+04 3.631e+04 0 
3.631e+04 3.802e+04 0 
3.802e+04 3.981e+04 0 
3.981e+04 4.169e+04 0 
4.169e+04 4.365e+04 0 
4.365e+04 4.571e+04 0 
4.571e+04 4.786e+04 0 
4.786e+04 5.012e+04 0 
5.012e+04 5.248e+04 0 
5.248e+04 5.495e+04 0 
5.495e+04 5.754e+04 0 
5.754e+04 6.026e+04 0 
6.026e+04 6.310e+04 0 
6.310e+04 6.607e+04 0 
6.607e+04 6.918e+04 0 
6.918e+04 7.244e+04 0 
7.244e+04 7.586e+04 0 
7.586e+04 7.943e+04 0 
7.943e+04 8.318e+04 0 
8.318e+04 8.710e+04 0 
8.710e+04 9.120e+04 0 
9.120e+04 9.550e+04 0 
9.550e+04 1.000e+05 0 
1.000e+05 1.047e+05 0 
1.047e+05 1.096e+05 0 
1.096e+05 1.148e+05 0 
1.148e+05 1.202e+05 0 
