1.000e+00 1.047e+00 7 
1.047e+00 1.096e+00 20 
1.096e+00 1.148e+00 17 
1.148e+00 1.202e+00 11 
1.202e+00 1.259e+00 17 
1.259e+00 1.318e+00 12 
1.318e+00 1.380e+00 17 
1.380e+00 1.445e+00 20 
1.445e+00 1.514e+00 32 
1.514e+00 1.585e+00 22 
1.585e+00 1.660e+00 24 
1.660e+00 1.738e+00 24 
1.738e+00 1.820e+00 42 
1.820e+00 1.905e+00 42 
1.905e+00 1.995e+00 28 
1.995e+00 2.089e+00 32 
2.089e+00 2.188e+00 54 
2.188e+00 2.291e+00 68 
2.291e+00 2.399e+00 45 
2.399e+00 2.512e+00 44 
2.512e+00 2.630e+00 103 
2.630e+00 2.754e+00 58 
2.754e+00 2.884e+00 71 
2.884e+00 3.020e+00 91 
3.020e+00 3.162e+00 80 
3.162e+00 3.311e+00 127 
3.311e+00 3.467e+00 100 
3.467e+00 3.631e+00 129 
3.631e+00 3.802e+00 153 
3.802e+00 3.981e+00 144 
3.981e+00 4.169e+00 187 
4.169e+00 4.365e+00 177 
4.365e+00 4.571e+00 190 
4.571e+00 4.786e+00 242 
4.786e+00 5.012e+00 185 
5.012e+00 5.248e+00 283 
5.248e+00 5.495e+00 263 
5.495e+00 5.754e+00 305 
5.754e+00 6.026e+00 315 
6.026e+00 6.310e+00 369 
6.310e+00 6.607e+00 437 
6.607e+00 6.918e+00 440 
6.918e+00 7.244e+00 512 
7.244e+00 7.586e+00 570 
7.586e+00 7.943e+00 601 
7.943e+00 8.318e+00 670 
8.318e+00 8.710e+00 704 
8.710e+00 9.120e+00 794 
9.120e+00 9.550e+00 822 
9.550e+00 1.000e+01 897 
1.000e+01 1.047e+01 1025 
1.047e+01 1.096e+01 1082 
1.096e+01 1.148e+01 1151 
1.148e+01 1.202e+01 1292 
1.202e+01 1.259e+01 1286 
1.259e+01 1.318e+01 1472 
1.318e+01 1.380e+01 1677 
1.380e+01 1.445e+01 1742 
1.445e+01 1.514e+01 1896 
1.514e+01 1.585e+01 2079 
1.585e+01 1.660e+01 2314 
1.660e+01 1.738e+01 2545 
1.738e+01 1.820e+01 2818 
1.820e+01 1.905e+01 2999 
1.905e+01 1.995e+01 3354 
1.995e+01 2.089e+01 3615 
2.089e+01 2.188e+01 3974 
2.188e+01 2.291e+01 4307 
2.291e+01 2.399e+01 4656 
2.399e+01 2.512e+01 5037 
2.512e+01 2.630e+01 5527 
2.630e+01 2.754e+01 6067 
2.754e+01 2.884e+01 6610 
2.884e+01 3.020e+01 7171 
3.020e+01 3.162e+01 7718 
3.162e+01 3.311e+01 8565 
3.311e+01 3.467e+01 9372 
3.467e+01 3.631e+01 10097 
3.631e+01 3.802e+01 11110 
3.802e+01 3.981e+01 12251 
3.981e+01 4.169e+01 13196 
4.169e+01 4.365e+01 14416 
4.365e+01 4.571e+01 15539 
4.571e+01 4.786e+01 17024 
4.786e+01 5.012e+01 18867 
5.012e+01 5.248e+01 20401 
5.248e+01 5.495e+01 22048 
5.495e+01 5.754e+01 24006 
5.754e+01 6.026e+01 26386 
6.026e+01 6.310e+01 28770 
6.310e+01 6.607e+01 31346 
6.607e+01 6.918e+01 34392 
6.918e+01 7.244e+01 37589 
7.244e+01 7.586e+01 40654 
7.586e+01 7.943e+01 44316 
7.943e+01 8.318e+01 48023 
8.318e+01 8.710e+01 52783 
8.710e+01 9.120e+01 57399 
9.120e+01 9.550e+01 63003 
9.550e+01 1.000e+02 68789 
1.000e+02 1.047e+02 74477 
1.047e+02 1.096e+02 81588 
1.096e+02 1.148e+02 89481 
1.148e+02 1.202e+02 97034 
1.202e+02 1.259e+02 105921 
1.259e+02 1.318e+02 115022 
1.318e+02 1.380e+02 125763 
1.380e+02 1.445e+02 137244 
1.445e+02 1.514e+02 148838 
1.514e+02 1.585e+02 161589 
1.585e+02 1.660e+02 176451 
1.660e+02 1.738e+02 193156 
1.738e+02 1.820e+02 210429 
1.820e+02 1.905e+02 227690 
1.905e+02 1.995e+02 249826 
1.995e+02 2.089e+02 272363 
2.089e+02 2.188e+02 295962 
2.188e+02 2.291e+02 322754 
2.291e+02 2.399e+02 351254 
2.399e+02 2.512e+02 382846 
2.512e+02 2.630e+02 417851 
2.630e+02 2.754e+02 455153 
2.754e+02 2.884e+02 497104 
2.884e+02 3.020e+02 540779 
3.020e+02 3.162e+02 591783 
3.162e+02 3.311e+02 643086 
3.311e+02 3.467e+02 701337 
3.467e+02 3.631e+02 766321 
3.631e+02 3.802e+02 834106 
3.802e+02 3.981e+02 909573 
3.981e+02 4.169e+02 991993 
4.169e+02 4.365e+02 1081616 
4.365e+02 4.571e+02 1181022 
4.571e+02 4.786e+02 1284775 
4.786e+02 5.012e+02 1399705 
5.012e+02 5.248e+02 1521367 
5.248e+02 5.495e+02 1659795 
5.495e+02 5.754e+02 1806145 
5.754e+02 6.026e+02 1967739 
6.026e+02 6.310e+02 2140782 
6.310e+02 6.607e+02 2334137 
6.607e+02 6.918e+02 2538576 
6.918e+02 7.244e+02 2765127 
7.244e+02 7.586e+02 3012600 
7.586e+02 7.943e+02 3280376 
7.943e+02 8.318e+02 3572384 
8.318e+02 8.710e+02 3891320 
8.710e+02 9.120e+02 4229272 
9.120e+02 9.550e+02 4607518 
9.550e+02 1.000e+03 5010051 
1.000e+03 1.047e+03 5449772 
1.047e+03 1.096e+03 5927385 
1.096e+03 1.148e+03 6445731 
1.148e+03 1.202e+03 7001186 
1.202e+03 1.259e+03 7624355 
1.259e+03 1.318e+03 8288596 
1.318e+03 1.380e+03 9013052 
1.380e+03 1.445e+03 9810187 
1.445e+03 1.514e+03 10667893 
1.514e+03 1.585e+03 11610785 
1.585e+03 1.660e+03 12638705 
1.660e+03 1.738e+03 13731912 
1.738e+03 1.820e+03 14946723 
1.820e+03 1.905e+03 16231437 
1.905e+03 1.995e+03 17648558 
1.995e+03 2.089e+03 19172421 
2.089e+03 2.188e+03 20853793 
2.188e+03 2.291e+03 22668465 
2.291e+03 2.399e+03 24647213 
2.399e+03 2.512e+03 26800730 
2.512e+03 2.630e+03 29116114 
2.630e+03 2.754e+03 31632943 
2.754e+03 2.884e+03 34370550 
2.884e+03 3.020e+03 37346708 
3.020e+03 3.162e+03 40594766 
3.162e+03 3.311e+03 44083168 
3.311e+03 3.467e+03 47861516 
3.467e+03 3.631e+03 51957441 
3.631e+03 3.802e+03 56431992 
3.802e+03 3.981e+03 61262587 
3.981e+03 4.169e+03 66460395 
4.169e+03 4.365e+03 72097913 
4.365e+03 4.571e+03 78256214 
4.571e+03 4.786e+03 84928228 
4.786e+03 5.012e+03 92169967 
5.012e+03 5.248e+03 99986479 
5.248e+03 5.495e+03 108430930 
5.495e+03 5.754e+03 117560980 
5.754e+03 6.026e+03 127457184 
6.026e+03 6.310e+03 138202570 
6.310e+03 6.607e+03 149839767 
6.607e+03 6.918e+03 162572990 
6.918e+03 7.244e+03 176262733 
7.244e+03 7.586e+03 191074098 
7.586e+03 7.943e+03 207079532 
7.943e+03 8.318e+03 224358939 
8.318e+03 8.710e+03 243067780 
8.710e+03 9.120e+03 263324062 
9.120e+03 9.550e+03 285182866 
9.550e+03 1.000e+04 308695050 
1.000e+04 1.047e+04 334110432 
1.047e+04 1.096e+04 361595390 
1.096e+04 1.148e+04 391201327 
1.148e+04 1.202e+04 423354805 
1.202e+04 1.259e+04 457976161 
1.259e+04 1.318e+04 495142307 
1.318e+04 1.380e+04 535306057 
1.380e+04 1.445e+04 578733203 
1.445e+04 1.514e+04 625510419 
1.514e+04 1.585e+04 676215848 
1.585e+04 1.660e+04 730657564 
1.660e+04 1.738e+04 789107751 
1.738e+04 1.820e+04 851838423 
1.820e+04 1.905e+04 919647089 
1.905e+04 1.995e+04 992908298 
1.995e+04 2.089e+04 1071323435 
2.089e+04 2.188e+04 1155678752 
2.188e+04 2.291e+04 1246057615 
2.291e+04 2.399e+04 1342935027 
2.399e+04 2.512e+04 1447433018 
2.512e+04 2.630e+04 1559364453 
2.630e+04 2.754e+04 1678775115 
2.754e+04 2.884e+04 1806555325 
2.884e+04 3.020e+04 1943653257 
3.020e+04 3.162e+04 2090495806 
3.162e+04 3.311e+04 2247921267 
3.311e+04 3.467e+04 2416592905 
3.467e+04 3.631e+04 2595634438 
3.631e+04 3.802e+04 2787048456 
3.802e+04 3.981e+04 2991966907 
3.981e+04 4.169e+04 3209330522 
4.169e+04 4.365e+04 3441643915 
4.365e+04 4.571e+04 3689406270 
4.571e+04 4.786e+04 3951099919 
4.786e+04 5.012e+04 4229113806 
5.012e+04 5.248e+04 4524181171 
5.248e+04 5.495e+04 4835466497 
5.495e+04 5.754e+04 5165217436 
5.754e+04 6.026e+04 5514350112 
6.026e+04 6.310e+04 5879862041 
6.310e+04 6.607e+04 6263439377 
6.607e+04 6.918e+04 6667850718 
6.918e+04 7.244e+04 7090219965 
7.244e+04 7.586e+04 7530491160 
7.586e+04 7.943e+04 7990104930 
7.943e+04 8.318e+04 8469204354 
8.318e+04 8.710e+04 8965706964 
8.710e+04 9.120e+04 9476978612 
9.120e+04 9.550e+04 10003465093 
9.550e+04 1.000e+05 10539374753 
1.000e+05 1.047e+05 11081811395 
1.047e+05 1.096e+05 11633771056 
1.096e+05 1.148e+05 12192149536 
1.148e+05 1.202e+05 12747966147 
