1.000e+00 1.047e+00 9 
1.047e+00 1.096e+00 16 
1.096e+00 1.148e+00 27 
1.148e+00 1.202e+00 14 
1.202e+00 1.259e+00 16 
1.259e+00 1.318e+00 13 
1.318e+00 1.380e+00 18 
1.380e+00 1.445e+00 23 
1.445e+00 1.514e+00 39 
1.514e+00 1.585e+00 16 
1.585e+00 1.660e+00 22 
1.660e+00 1.738e+00 25 
1.738e+00 1.820e+00 43 
1.820e+00 1.905e+00 55 
1.905e+00 1.995e+00 55 
1.995e+00 2.089e+00 32 
2.089e+00 2.188e+00 51 
2.188e+00 2.291e+00 56 
2.291e+00 2.399e+00 67 
2.399e+00 2.512e+00 55 
2.512e+00 2.630e+00 93 
2.630e+00 2.754e+00 59 
2.754e+00 2.884e+00 85 
2.884e+00 3.020e+00 104 
3.020e+00 3.162e+00 84 
3.162e+00 3.311e+00 122 
3.311e+00 3.467e+00 108 
3.467e+00 3.631e+00 142 
3.631e+00 3.802e+00 131 
3.802e+00 3.981e+00 144 
3.981e+00 4.169e+00 148 
4.169e+00 4.365e+00 172 
4.365e+00 4.571e+00 206 
4.571e+00 4.786e+00 221 
4.786e+00 5.012e+00 225 
5.012e+00 5.248e+00 272 
5.248e+00 5.495e+00 299 
5.495e+00 5.754e+00 328 
5.754e+00 6.026e+00 349 
6.026e+00 6.310e+00 351 
6.310e+00 6.607e+00 419 
6.607e+00 6.918e+00 430 
6.918e+00 7.244e+00 458 
7.244e+00 7.586e+00 549 
7.586e+00 7.943e+00 574 
7.943e+00 8.318e+00 666 
8.318e+00 8.710e+00 705 
8.710e+00 9.120e+00 752 
9.120e+00 9.550e+00 795 
9.550e+00 1.000e+01 960 
1.000e+01 1.047e+01 1021 
1.047e+01 1.096e+01 1069 
1.096e+01 1.148e+01 1205 
1.148e+01 1.202e+01 1316 
1.202e+01 1.259e+01 1385 
1.259e+01 1.318e+01 1487 
1.318e+01 1.380e+01 1724 
1.380e+01 1.445e+01 1754 
1.445e+01 1.514e+01 1995 
1.514e+01 1.585e+01 2171 
1.585e+01 1.660e+01 2308 
1.660e+01 1.738e+01 2592 
1.738e+01 1.820e+01 2826 
1.820e+01 1.905e+01 3054 
1.905e+01 1.995e+01 3440 
1.995e+01 2.089e+01 3595 
2.089e+01 2.188e+01 4020 
2.188e+01 2.291e+01 4279 
2.291e+01 2.399e+01 4744 
2.399e+01 2.512e+01 5139 
2.512e+01 2.630e+01 5639 
2.630e+01 2.754e+01 6267 
2.754e+01 2.884e+01 6824 
2.884e+01 3.020e+01 7232 
3.020e+01 3.162e+01 7781 
3.162e+01 3.311e+01 8575 
3.311e+01 3.467e+01 9562 
3.467e+01 3.631e+01 10482 
3.631e+01 3.802e+01 11212 
3.802e+01 3.981e+01 12396 
3.981e+01 4.169e+01 13351 
4.169e+01 4.365e+01 14938 
4.365e+01 4.571e+01 16025 
4.571e+01 4.786e+01 17566 
4.786e+01 5.012e+01 19138 
5.012e+01 5.248e+01 20814 
5.248e+01 5.495e+01 22870 
5.495e+01 5.754e+01 24795 
5.754e+01 6.026e+01 26893 
6.026e+01 6.310e+01 29685 
6.310e+01 6.607e+01 32244 
6.607e+01 6.918e+01 35177 
6.918e+01 7.244e+01 37967 
7.244e+01 7.586e+01 41945 
7.586e+01 7.943e+01 44969 
7.943e+01 8.318e+01 49640 
8.318e+01 8.710e+01 54262 
8.710e+01 9.120e+01 59195 
9.120e+01 9.550e+01 64347 
9.550e+01 1.000e+02 70020 
1.000e+02 1.047e+02 76655 
1.047e+02 1.096e+02 83366 
1.096e+02 1.148e+02 91287 
1.148e+02 1.202e+02 99189 
1.202e+02 1.259e+02 108179 
1.259e+02 1.318e+02 118496 
1.318e+02 1.380e+02 128586 
1.380e+02 1.445e+02 139987 
1.445e+02 1.514e+02 152927 
1.514e+02 1.585e+02 166065 
1.585e+02 1.660e+02 181322 
1.660e+02 1.738e+02 197989 
1.738e+02 1.820e+02 215227 
1.820e+02 1.905e+02 235346 
1.905e+02 1.995e+02 255440 
1.995e+02 2.089e+02 279083 
2.089e+02 2.188e+02 303301 
2.188e+02 2.291e+02 330111 
2.291e+02 2.399e+02 360604 
2.399e+02 2.512e+02 392878 
2.512e+02 2.630e+02 426741 
2.630e+02 2.754e+02 465235 
2.754e+02 2.884e+02 507182 
2.884e+02 3.020e+02 551769 
3.020e+02 3.162e+02 601533 
3.162e+02 3.311e+02 652492 
3.311e+02 3.467e+02 712523 
3.467e+02 3.631e+02 774816 
3.631e+02 3.802e+02 846414 
3.802e+02 3.981e+02 921706 
3.981e+02 4.169e+02 1004015 
4.169e+02 4.365e+02 1092369 
4.365e+02 4.571e+02 1188556 
4.571e+02 4.786e+02 1296145 
4.786e+02 5.012e+02 1412241 
5.012e+02 5.248e+02 1539894 
5.248e+02 5.495e+02 1678364 
5.495e+02 5.754e+02 1821976 
5.754e+02 6.026e+02 1981087 
6.026e+02 6.310e+02 2150935 
6.310e+02 6.607e+02 2342034 
6.607e+02 6.918e+02 2547241 
6.918e+02 7.244e+02 2772903 
7.244e+02 7.586e+02 3019253 
7.586e+02 7.943e+02 3287255 
7.943e+02 8.318e+02 3578387 
8.318e+02 8.710e+02 3892534 
8.710e+02 9.120e+02 4244458 
9.120e+02 9.550e+02 4626892 
9.550e+02 1.000e+03 5034053 
1.000e+03 1.047e+03 5482972 
1.047e+03 1.096e+03 5966445 
1.096e+03 1.148e+03 6497568 
1.148e+03 1.202e+03 7063892 
1.202e+03 1.259e+03 7686260 
1.259e+03 1.318e+03 8356409 
1.318e+03 1.380e+03 9099197 
1.380e+03 1.445e+03 9898154 
1.445e+03 1.514e+03 10747081 
1.514e+03 1.585e+03 11677570 
1.585e+03 1.660e+03 12689486 
1.660e+03 1.738e+03 13799204 
1.738e+03 1.820e+03 14993845 
1.820e+03 1.905e+03 16287909 
1.905e+03 1.995e+03 17715376 
1.995e+03 2.089e+03 19271570 
2.089e+03 2.188e+03 20933749 
2.188e+03 2.291e+03 22750066 
2.291e+03 2.399e+03 24727982 
2.399e+03 2.512e+03 26864600 
2.512e+03 2.630e+03 29178448 
2.630e+03 2.754e+03 31685869 
2.754e+03 2.884e+03 34402905 
2.884e+03 3.020e+03 37373353 
3.020e+03 3.162e+03 40599159 
3.162e+03 3.311e+03 44093391 
3.311e+03 3.467e+03 47885201 
3.467e+03 3.631e+03 51973503 
3.631e+03 3.802e+03 56449722 
3.802e+03 3.981e+03 61261148 
3.981e+03 4.169e+03 66501648 
4.169e+03 4.365e+03 72169430 
4.365e+03 4.571e+03 78300014 
4.571e+03 4.786e+03 84971970 
4.786e+03 5.012e+03 92224448 
5.012e+03 5.248e+03 100080444 
5.248e+03 5.495e+03 108560220 
5.495e+03 5.754e+03 117787055 
5.754e+03 6.026e+03 127659599 
6.026e+03 6.310e+03 138401732 
6.310e+03 6.607e+03 149993778 
6.607e+03 6.918e+03 162557565 
6.918e+03 7.244e+03 176263708 
7.244e+03 7.586e+03 190998294 
7.586e+03 7.943e+03 206909114 
7.943e+03 8.318e+03 224157684 
8.318e+03 8.710e+03 242800786 
8.710e+03 9.120e+03 262825190 
9.120e+03 9.550e+03 284677073 
9.550e+03 1.000e+04 308197812 
1.000e+04 1.047e+04 333522710 
1.047e+04 1.096e+04 360917055 
1.096e+04 1.148e+04 390489132 
1.148e+04 1.202e+04 422561462 
1.202e+04 1.259e+04 457089951 
1.259e+04 1.318e+04 494189552 
1.318e+04 1.380e+04 534312577 
1.380e+04 1.445e+04 577478625 
1.445e+04 1.514e+04 623852141 
1.514e+04 1.585e+04 674207122 
1.585e+04 1.660e+04 728651075 
1.660e+04 1.738e+04 786990195 
1.738e+04 1.820e+04 849620927 
1.820e+04 1.905e+04 917555600 
1.905e+04 1.995e+04 990579144 
1.995e+04 2.089e+04 1068618444 
2.089e+04 2.188e+04 1152664259 
2.188e+04 2.291e+04 1243059411 
2.291e+04 2.399e+04 1339980319 
2.399e+04 2.512e+04 1444006278 
2.512e+04 2.630e+04 1555184560 
2.630e+04 2.754e+04 1674719102 
2.754e+04 2.884e+04 1802898206 
2.884e+04 3.020e+04 1939995513 
3.020e+04 3.162e+04 2086720194 
3.162e+04 3.311e+04 2243623591 
3.311e+04 3.467e+04 2411195083 
3.467e+04 3.631e+04 2590349194 
3.631e+04 3.802e+04 2782535578 
3.802e+04 3.981e+04 2987853556 
3.981e+04 4.169e+04 3205369502 
4.169e+04 4.365e+04 3437854444 
4.365e+04 4.571e+04 3685080825 
4.571e+04 4.786e+04 3946684441 
4.786e+04 5.012e+04 4224131705 
5.012e+04 5.248e+04 4518634553 
5.248e+04 5.495e+04 4831801400 
5.495e+04 5.754e+04 5162787653 
5.754e+04 6.026e+04 5510606090 
6.026e+04 6.310e+04 5877218343 
6.310e+04 6.607e+04 6263022047 
6.607e+04 6.918e+04 6665514233 
6.918e+04 7.244e+04 7088190352 
7.244e+04 7.586e+04 7531899318 
7.586e+04 7.943e+04 7991470489 
7.943e+04 8.318e+04 8468414135 
8.318e+04 8.710e+04 8964471923 
8.710e+04 9.120e+04 9477209811 
9.120e+04 9.550e+04 10003219586 
9.550e+04 1.000e+05 10541159789 
1.000e+05 1.047e+05 11086992120 
1.047e+05 1.096e+05 11643384790 
1.096e+05 1.148e+05 12202932197 
1.148e+05 1.202e+05 12758233856 
