1.000e+00 1.047e+00 1 
1.047e+00 1.096e+00 9 
1.096e+00 1.148e+00 17 
1.148e+00 1.202e+00 8 
1.202e+00 1.259e+00 10 
1.259e+00 1.318e+00 10 
1.318e+00 1.380e+00 5 
1.380e+00 1.445e+00 10 
1.445e+00 1.514e+00 19 
1.514e+00 1.585e+00 12 
1.585e+00 1.660e+00 2 
1.660e+00 1.738e+00 10 
1.738e+00 1.820e+00 21 
1.820e+00 1.905e+00 27 
1.905e+00 1.995e+00 18 
1.995e+00 2.089e+00 28 
2.089e+00 2.188e+00 24 
2.188e+00 2.291e+00 23 
2.291e+00 2.399e+00 23 
2.399e+00 2.512e+00 22 
2.512e+00 2.630e+00 39 
2.630e+00 2.754e+00 40 
2.754e+00 2.884e+00 45 
2.884e+00 3.020e+00 57 
3.020e+00 3.162e+00 39 
3.162e+00 3.311e+00 81 
3.311e+00 3.467e+00 48 
3.467e+00 3.631e+00 79 
3.631e+00 3.802e+00 72 
3.802e+00 3.981e+00 77 
3.981e+00 4.169e+00 93 
4.169e+00 4.365e+00 88 
4.365e+00 4.571e+00 105 
4.571e+00 4.786e+00 126 
4.786e+00 5.012e+00 106 
5.012e+00 5.248e+00 154 
5.248e+00 5.495e+00 164 
5.495e+00 5.754e+00 166 
5.754e+00 6.026e+00 182 
6.026e+00 6.310e+00 214 
6.310e+00 6.607e+00 216 
6.607e+00 6.918e+00 224 
6.918e+00 7.244e+00 264 
7.244e+00 7.586e+00 318 
7.586e+00 7.943e+00 330 
7.943e+00 8.318e+00 354 
8.318e+00 8.710e+00 403 
8.710e+00 9.120e+00 395 
9.120e+00 9.550e+00 444 
9.550e+00 1.000e+01 525 
1.000e+01 1.047e+01 560 
1.047e+01 1.096e+01 631 
1.096e+01 1.148e+01 685 
1.148e+01 1.202e+01 735 
1.202e+01 1.259e+01 822 
1.259e+01 1.318e+01 926 
1.318e+01 1.380e+01 1012 
1.380e+01 1.445e+01 1128 
1.445e+01 1.514e+01 1188 
1.514e+01 1.585e+01 1253 
1.585e+01 1.660e+01 1429 
1.660e+01 1.738e+01 1602 
1.738e+01 1.820e+01 1646 
1.820e+01 1.905e+01 1840 
1.905e+01 1.995e+01 2071 
1.995e+01 2.089e+01 2266 
2.089e+01 2.188e+01 2505 
2.188e+01 2.291e+01 2752 
2.291e+01 2.399e+01 2918 
2.399e+01 2.512e+01 3267 
2.512e+01 2.630e+01 3571 
2.630e+01 2.754e+01 3948 
2.754e+01 2.884e+01 4342 
2.884e+01 3.020e+01 4669 
3.020e+01 3.162e+01 5156 
3.162e+01 3.311e+01 5656 
3.311e+01 3.467e+01 6278 
3.467e+01 3.631e+01 6846 
3.631e+01 3.802e+01 7544 
3.802e+01 3.981e+01 8279 
3.981e+01 4.169e+01 8949 
4.169e+01 4.365e+01 9834 
4.365e+01 4.571e+01 10818 
4.571e+01 4.786e+01 11840 
4.786e+01 5.012e+01 12642 
5.012e+01 5.248e+01 14175 
5.248e+01 5.495e+01 15338 
5.495e+01 5.754e+01 17013 
5.754e+01 6.026e+01 18580 
6.026e+01 6.310e+01 20363 
6.310e+01 6.607e+01 22292 
6.607e+01 6.918e+01 24488 
6.918e+01 7.244e+01 26739 
7.244e+01 7.586e+01 29505 
7.586e+01 7.943e+01 32224 
7.943e+01 8.318e+01 35551 
8.318e+01 8.710e+01 38785 
8.710e+01 9.120e+01 43165 
9.120e+01 9.550e+01 46765 
9.550e+01 1.000e+02 51136 
1.000e+02 1.047e+02 56557 
1.047e+02 1.096e+02 62148 
1.096e+02 1.148e+02 67693 
1.148e+02 1.202e+02 74741 
1.202e+02 1.259e+02 81515 
1.259e+02 1.318e+02 89217 
1.318e+02 1.380e+02 97870 
1.380e+02 1.445e+02 107435 
1.445e+02 1.514e+02 117718 
1.514e+02 1.585e+02 129336 
1.585e+02 1.660e+02 141454 
1.660e+02 1.738e+02 155748 
1.738e+02 1.820e+02 169897 
1.820e+02 1.905e+02 186440 
1.905e+02 1.995e+02 204827 
1.995e+02 2.089e+02 224297 
2.089e+02 2.188e+02 245286 
2.188e+02 2.291e+02 270890 
2.291e+02 2.399e+02 296126 
2.399e+02 2.512e+02 323822 
2.512e+02 2.630e+02 356006 
2.630e+02 2.754e+02 389165 
2.754e+02 2.884e+02 427429 
2.884e+02 3.020e+02 468530 
3.020e+02 3.162e+02 512960 
3.162e+02 3.311e+02 563427 
3.311e+02 3.467e+02 617450 
3.467e+02 3.631e+02 676591 
3.631e+02 3.802e+02 741661 
3.802e+02 3.981e+02 815484 
3.981e+02 4.169e+02 892605 
4.169e+02 4.365e+02 979664 
4.365e+02 4.571e+02 1074569 
4.571e+02 4.786e+02 1175916 
4.786e+02 5.012e+02 1289823 
5.012e+02 5.248e+02 1415169 
5.248e+02 5.495e+02 1550441 
5.495e+02 5.754e+02 1700775 
5.754e+02 6.026e+02 1864161 
6.026e+02 6.310e+02 2045584 
6.310e+02 6.607e+02 2241565 
6.607e+02 6.918e+02 2453391 
6.918e+02 7.244e+02 2691494 
7.244e+02 7.586e+02 2955306 
7.586e+02 7.943e+02 3241052 
7.943e+02 8.318e+02 3548546 
8.318e+02 8.710e+02 3893584 
8.710e+02 9.120e+02 4262990 
9.120e+02 9.550e+02 4671920 
9.550e+02 1.000e+03 5124338 
1.000e+03 1.047e+03 5617350 
1.047e+03 1.096e+03 6159159 
1.096e+03 1.148e+03 6751511 
1.148e+03 1.202e+03 7395777 
1.202e+03 1.259e+03 8110435 
1.259e+03 1.318e+03 8888051 
1.318e+03 1.380e+03 9741680 
1.380e+03 1.445e+03 10687479 
1.445e+03 1.514e+03 11714039 
1.514e+03 1.585e+03 12836776 
1.585e+03 1.660e+03 14077607 
1.660e+03 1.738e+03 15415275 
1.738e+03 1.820e+03 16910172 
1.820e+03 1.905e+03 18533257 
1.905e+03 1.995e+03 20307038 
1.995e+03 2.089e+03 22258352 
2.089e+03 2.188e+03 24403750 
2.188e+03 2.291e+03 26746606 
2.291e+03 2.399e+03 29314308 
2.399e+03 2.512e+03 32114728 
2.512e+03 2.630e+03 35199404 
2.630e+03 2.754e+03 38567105 
2.754e+03 2.884e+03 42265083 
2.884e+03 3.020e+03 46307414 
3.020e+03 3.162e+03 50747808 
3.162e+03 3.311e+03 55610441 
3.311e+03 3.467e+03 60925260 
3.467e+03 3.631e+03 66782162 
3.631e+03 3.802e+03 73168451 
3.802e+03 3.981e+03 80167530 
3.981e+03 4.169e+03 87856552 
4.169e+03 4.365e+03 96257449 
4.365e+03 4.571e+03 105456977 
4.571e+03 4.786e+03 115522576 
4.786e+03 5.012e+03 126562435 
5.012e+03 5.248e+03 138634566 
5.248e+03 5.495e+03 151826665 
5.495e+03 5.754e+03 166268023 
5.754e+03 6.026e+03 182075171 
6.026e+03 6.310e+03 199457835 
6.310e+03 6.607e+03 218422618 
6.607e+03 6.918e+03 239141960 
6.918e+03 7.244e+03 261912143 
7.244e+03 7.586e+03 286751461 
7.586e+03 7.943e+03 313943944 
7.943e+03 8.318e+03 343667647 
8.318e+03 8.710e+03 376175928 
8.710e+03 9.120e+03 411764746 
9.120e+03 9.550e+03 450767948 
9.550e+03 1.000e+04 493221546 
1.000e+04 1.047e+04 539729568 
1.047e+04 1.096e+04 590590120 
1.096e+04 1.148e+04 646134402 
1.148e+04 1.202e+04 706768677 
1.202e+04 1.259e+04 772843415 
1.259e+04 1.318e+04 845267062 
1.318e+04 1.380e+04 924181895 
1.380e+04 1.445e+04 1010388569 
1.445e+04 1.514e+04 1104436027 
1.514e+04 1.585e+04 1207048782 
1.585e+04 1.660e+04 1319161514 
1.660e+04 1.738e+04 1441363667 
1.738e+04 1.820e+04 1574530209 
1.820e+04 1.905e+04 1719649045 
1.905e+04 1.995e+04 1877859867 
1.995e+04 2.089e+04 2050071408 
2.089e+04 2.188e+04 2237201946 
2.188e+04 2.291e+04 2440743343 
2.291e+04 2.399e+04 2662073304 
2.399e+04 2.512e+04 2902442301 
2.512e+04 2.630e+04 3163810069 
2.630e+04 2.754e+04 3447242728 
2.754e+04 2.884e+04 3754997538 
2.884e+04 3.020e+04 4088128858 
3.020e+04 3.162e+04 4448344176 
3.162e+04 3.311e+04 4839123996 
3.311e+04 3.467e+04 5262716694 
3.467e+04 3.631e+04 5721024992 
3.631e+04 3.802e+04 6217337001 
3.802e+04 3.981e+04 6754395990 
3.981e+04 4.169e+04 7334001997 
4.169e+04 4.365e+04 7959457449 
4.365e+04 4.571e+04 8631310407 
4.571e+04 4.786e+04 9353951204 
4.786e+04 5.012e+04 10130240951 
5.012e+04 5.248e+04 10962025631 
5.248e+04 5.495e+04 11853766176 
5.495e+04 5.754e+04 12809235566 
5.754e+04 6.026e+04 13827492067 
6.026e+04 6.310e+04 14914096981 
6.310e+04 6.607e+04 16074038221 
6.607e+04 6.918e+04 17308563697 
6.918e+04 7.244e+04 18613918601 
7.244e+04 7.586e+04 19992011924 
7.586e+04 7.943e+04 21433539384 
7.943e+04 8.318e+04 22938789449 
8.318e+04 8.710e+04 24517765523 
8.710e+04 9.120e+04 26157779190 
9.120e+04 9.550e+04 27853464464 
9.550e+04 1.000e+05 29580873687 
1.000e+05 1.047e+05 31326316074 
1.047e+05 1.096e+05 33065875527 
1.096e+05 1.148e+05 34781741765 
1.148e+05 1.202e+05 36473860138 
