1.000e+00 1.047e+00 128 
1.047e+00 1.096e+00 151 
1.096e+00 1.148e+00 154 
1.148e+00 1.202e+00 158 
1.202e+00 1.259e+00 175 
1.259e+00 1.318e+00 194 
1.318e+00 1.380e+00 181 
1.380e+00 1.445e+00 242 
1.445e+00 1.514e+00 211 
1.514e+00 1.585e+00 227 
1.585e+00 1.660e+00 248 
1.660e+00 1.738e+00 267 
1.738e+00 1.820e+00 280 
1.820e+00 1.905e+00 286 
1.905e+00 1.995e+00 310 
1.995e+00 2.089e+00 282 
2.089e+00 2.188e+00 337 
2.188e+00 2.291e+00 345 
2.291e+00 2.399e+00 371 
2.399e+00 2.512e+00 394 
2.512e+00 2.630e+00 395 
2.630e+00 2.754e+00 421 
2.754e+00 2.884e+00 432 
2.884e+00 3.020e+00 451 
3.020e+00 3.162e+00 487 
3.162e+00 3.311e+00 523 
3.311e+00 3.467e+00 504 
3.467e+00 3.631e+00 532 
3.631e+00 3.802e+00 557 
3.802e+00 3.981e+00 599 
3.981e+00 4.169e+00 628 
4.169e+00 4.365e+00 602 
4.365e+00 4.571e+00 609 
4.571e+00 4.786e+00 709 
4.786e+00 5.012e+00 691 
5.012e+00 5.248e+00 719 
5.248e+00 5.495e+00 758 
5.495e+00 5.754e+00 813 
5.754e+00 6.026e+00 781 
6.026e+00 6.310e+00 875 
6.310e+00 6.607e+00 928 
6.607e+00 6.918e+00 922 
6.918e+00 7.244e+00 998 
7.244e+00 7.586e+00 1080 
7.586e+00 7.943e+00 1046 
7.943e+00 8.318e+00 1108 
8.318e+00 8.710e+00 1194 
8.710e+00 9.120e+00 1254 
9.120e+00 9.550e+00 1246 
9.550e+00 1.000e+01 1332 
1.000e+01 1.047e+01 1396 
1.047e+01 1.096e+01 1480 
1.096e+01 1.148e+01 1456 
1.148e+01 1.202e+01 1610 
1.202e+01 1.259e+01 1657 
1.259e+01 1.318e+01 1685 
1.318e+01 1.380e+01 1830 
1.380e+01 1.445e+01 1892 
1.445e+01 1.514e+01 1975 
1.514e+01 1.585e+01 2028 
1.585e+01 1.660e+01 2240 
1.660e+01 1.738e+01 2312 
1.738e+01 1.820e+01 2415 
1.820e+01 1.905e+01 2485 
1.905e+01 1.995e+01 2603 
1.995e+01 2.089e+01 2713 
2.089e+01 2.188e+01 2859 
2.188e+01 2.291e+01 3095 
2.291e+01 2.399e+01 3069 
2.399e+01 2.512e+01 3452 
2.512e+01 2.630e+01 3562 
2.630e+01 2.754e+01 3744 
2.754e+01 2.884e+01 3923 
2.884e+01 3.020e+01 4017 
3.020e+01 3.162e+01 4267 
3.162e+01 3.311e+01 4566 
3.311e+01 3.467e+01 4756 
3.467e+01 3.631e+01 5125 
3.631e+01 3.802e+01 5381 
3.802e+01 3.981e+01 5657 
3.981e+01 4.169e+01 5938 
4.169e+01 4.365e+01 6409 
4.365e+01 4.571e+01 6702 
4.571e+01 4.786e+01 6944 
4.786e+01 5.012e+01 7255 
5.012e+01 5.248e+01 7987 
5.248e+01 5.495e+01 8217 
5.495e+01 5.754e+01 8728 
5.754e+01 6.026e+01 9220 
6.026e+01 6.310e+01 9832 
6.310e+01 6.607e+01 10465 
6.607e+01 6.918e+01 11391 
6.918e+01 7.244e+01 11873 
7.244e+01 7.586e+01 12617 
7.586e+01 7.943e+01 13649 
7.943e+01 8.318e+01 14329 
8.318e+01 8.710e+01 15307 
8.710e+01 9.120e+01 16400 
9.120e+01 9.550e+01 17546 
9.550e+01 1.000e+02 18712 
1.000e+02 1.047e+02 19875 
1.047e+02 1.096e+02 21354 
1.096e+02 1.148e+02 23342 
1.148e+02 1.202e+02 24598 
1.202e+02 1.259e+02 26271 
1.259e+02 1.318e+02 27839 
1.318e+02 1.380e+02 30527 
1.380e+02 1.445e+02 32662 
1.445e+02 1.514e+02 34366 
1.514e+02 1.585e+02 37281 
1.585e+02 1.660e+02 39760 
1.660e+02 1.738e+02 42504 
1.738e+02 1.820e+02 45465 
1.820e+02 1.905e+02 48483 
1.905e+02 1.995e+02 51866 
1.995e+02 2.089e+02 55769 
2.089e+02 2.188e+02 60068 
2.188e+02 2.291e+02 64348 
2.291e+02 2.399e+02 68749 
2.399e+02 2.512e+02 74204 
2.512e+02 2.630e+02 78586 
2.630e+02 2.754e+02 84789 
2.754e+02 2.884e+02 90720 
2.884e+02 3.020e+02 96737 
3.020e+02 3.162e+02 103745 
3.162e+02 3.311e+02 111768 
3.311e+02 3.467e+02 119514 
3.467e+02 3.631e+02 126937 
3.631e+02 3.802e+02 136837 
3.802e+02 3.981e+02 146443 
3.981e+02 4.169e+02 158146 
4.169e+02 4.365e+02 167801 
4.365e+02 4.571e+02 180365 
4.571e+02 4.786e+02 193592 
4.786e+02 5.012e+02 207162 
5.012e+02 5.248e+02 220977 
5.248e+02 5.495e+02 237328 
5.495e+02 5.754e+02 253302 
5.754e+02 6.026e+02 271918 
6.026e+02 6.310e+02 291638 
6.310e+02 6.607e+02 312804 
6.607e+02 6.918e+02 336417 
6.918e+02 7.244e+02 360598 
7.244e+02 7.586e+02 387544 
7.586e+02 7.943e+02 416905 
7.943e+02 8.318e+02 448865 
8.318e+02 8.710e+02 483445 
8.710e+02 9.120e+02 519801 
9.120e+02 9.550e+02 559146 
9.550e+02 1.000e+03 601558 
1.000e+03 1.047e+03 650580 
1.047e+03 1.096e+03 697328 
1.096e+03 1.148e+03 755144 
1.148e+03 1.202e+03 813761 
1.202e+03 1.259e+03 881200 
1.259e+03 1.318e+03 948534 
1.318e+03 1.380e+03 1023747 
1.380e+03 1.445e+03 1103746 
1.445e+03 1.514e+03 1193400 
1.514e+03 1.585e+03 1286660 
1.585e+03 1.660e+03 1393000 
1.660e+03 1.738e+03 1503409 
1.738e+03 1.820e+03 1627272 
1.820e+03 1.905e+03 1757341 
1.905e+03 1.995e+03 1899665 
1.995e+03 2.089e+03 2058209 
2.089e+03 2.188e+03 2224944 
2.188e+03 2.291e+03 2409273 
2.291e+03 2.399e+03 2611653 
2.399e+03 2.512e+03 2825136 
2.512e+03 2.630e+03 3053715 
2.630e+03 2.754e+03 3300049 
2.754e+03 2.884e+03 3570219 
2.884e+03 3.020e+03 3857918 
3.020e+03 3.162e+03 4184828 
3.162e+03 3.311e+03 4529811 
3.311e+03 3.467e+03 4904428 
3.467e+03 3.631e+03 5318451 
3.631e+03 3.802e+03 5783503 
3.802e+03 3.981e+03 6280912 
3.981e+03 4.169e+03 6809319 
4.169e+03 4.365e+03 7391287 
4.365e+03 4.571e+03 8038304 
4.571e+03 4.786e+03 8736787 
4.786e+03 5.012e+03 9490622 
5.012e+03 5.248e+03 10312929 
5.248e+03 5.495e+03 11213136 
5.495e+03 5.754e+03 12201779 
5.754e+03 6.026e+03 13292827 
6.026e+03 6.310e+03 14439915 
6.310e+03 6.607e+03 15689486 
6.607e+03 6.918e+03 17067056 
6.918e+03 7.244e+03 18602570 
7.244e+03 7.586e+03 20267644 
7.586e+03 7.943e+03 22080722 
7.943e+03 8.318e+03 24049782 
8.318e+03 8.710e+03 26212099 
8.710e+03 9.120e+03 28541448 
9.120e+03 9.550e+03 31085079 
9.550e+03 1.000e+04 33934246 
1.000e+04 1.047e+04 37026854 
1.047e+04 1.096e+04 40348894 
1.096e+04 1.148e+04 44009870 
1.148e+04 1.202e+04 48122131 
1.202e+04 1.259e+04 52590746 
1.259e+04 1.318e+04 57415218 
1.318e+04 1.380e+04 62618194 
1.380e+04 1.445e+04 68410941 
1.445e+04 1.514e+04 74711863 
1.514e+04 1.585e+04 81520513 
1.585e+04 1.660e+04 88781474 
1.660e+04 1.738e+04 96894171 
1.738e+04 1.820e+04 105923952 
1.820e+04 1.905e+04 115368970 
1.905e+04 1.995e+04 125711575 
1.995e+04 2.089e+04 137153024 
2.089e+04 2.188e+04 149450492 
2.188e+04 2.291e+04 162607888 
2.291e+04 2.399e+04 176677988 
2.399e+04 2.512e+04 192278434 
2.512e+04 2.630e+04 210001627 
2.630e+04 2.754e+04 228744273 
2.754e+04 2.884e+04 249033401 
2.884e+04 3.020e+04 271748660 
3.020e+04 3.162e+04 295650492 
3.162e+04 3.311e+04 322269194 
3.311e+04 3.467e+04 350800736 
3.467e+04 3.631e+04 380961766 
3.631e+04 3.802e+04 412686729 
3.802e+04 3.981e+04 447836687 
3.981e+04 4.169e+04 485767417 
4.169e+04 4.365e+04 527572114 
4.365e+04 4.571e+04 572071745 
4.571e+04 4.786e+04 618856257 
4.786e+04 5.012e+04 669819466 
5.012e+04 5.248e+04 725009940 
5.248e+04 5.495e+04 786449060 
5.495e+04 5.754e+04 848070909 
5.754e+04 6.026e+04 915618597 
6.026e+04 6.310e+04 990254619 
6.310e+04 6.607e+04 1064798152 
6.607e+04 6.918e+04 1142920277 
6.918e+04 7.244e+04 1225306832 
7.244e+04 7.586e+04 1312581384 
7.586e+04 7.943e+04 1411028419 
7.943e+04 8.318e+04 1511834203 
8.318e+04 8.710e+04 1620094551 
8.710e+04 9.120e+04 1728388341 
9.120e+04 9.550e+04 1843142603 
9.550e+04 1.000e+05 1958517373 
1.000e+05 1.047e+05 2063886676 
1.047e+05 1.096e+05 2183170908 
1.096e+05 1.148e+05 2294959267 
1.148e+05 1.202e+05 2401968684 
