1.000e+00 1.047e+00 11 
1.047e+00 1.096e+00 3 
1.096e+00 1.148e+00 8 
1.148e+00 1.202e+00 6 
1.202e+00 1.259e+00 13 
1.259e+00 1.318e+00 10 
1.318e+00 1.380e+00 23 
1.380e+00 1.445e+00 13 
1.445e+00 1.514e+00 14 
1.514e+00 1.585e+00 9 
1.585e+00 1.660e+00 19 
1.660e+00 1.738e+00 23 
1.738e+00 1.820e+00 22 
1.820e+00 1.905e+00 24 
1.905e+00 1.995e+00 18 
1.995e+00 2.089e+00 26 
2.089e+00 2.188e+00 30 
2.188e+00 2.291e+00 30 
2.291e+00 2.399e+00 41 
2.399e+00 2.512e+00 41 
2.512e+00 2.630e+00 57 
2.630e+00 2.754e+00 44 
2.754e+00 2.884e+00 52 
2.884e+00 3.020e+00 49 
3.020e+00 3.162e+00 63 
3.162e+00 3.311e+00 73 
3.311e+00 3.467e+00 70 
3.467e+00 3.631e+00 87 
3.631e+00 3.802e+00 98 
3.802e+00 3.981e+00 104 
3.981e+00 4.169e+00 106 
4.169e+00 4.365e+00 103 
4.365e+00 4.571e+00 141 
4.571e+00 4.786e+00 150 
4.786e+00 5.012e+00 159 
5.012e+00 5.248e+00 167 
5.248e+00 5.495e+00 199 
5.495e+00 5.754e+00 195 
5.754e+00 6.026e+00 205 
6.026e+00 6.310e+00 230 
6.310e+00 6.607e+00 243 
6.607e+00 6.918e+00 292 
6.918e+00 7.244e+00 333 
7.244e+00 7.586e+00 327 
7.586e+00 7.943e+00 382 
7.943e+00 8.318e+00 429 
8.318e+00 8.710e+00 474 
8.710e+00 9.120e+00 545 
9.120e+00 9.550e+00 549 
9.550e+00 1.000e+01 608 
1.000e+01 1.047e+01 658 
1.047e+01 1.096e+01 764 
1.096e+01 1.148e+01 803 
1.148e+01 1.202e+01 872 
1.202e+01 1.259e+01 1032 
1.259e+01 1.318e+01 1092 
1.318e+01 1.380e+01 1185 
1.380e+01 1.445e+01 1268 
1.445e+01 1.514e+01 1399 
1.514e+01 1.585e+01 1632 
1.585e+01 1.660e+01 1660 
1.660e+01 1.738e+01 1843 
1.738e+01 1.820e+01 2015 
1.820e+01 1.905e+01 2260 
1.905e+01 1.995e+01 2552 
1.995e+01 2.089e+01 2735 
2.089e+01 2.188e+01 3073 
2.188e+01 2.291e+01 3261 
2.291e+01 2.399e+01 3552 
2.399e+01 2.512e+01 3935 
2.512e+01 2.630e+01 4326 
2.630e+01 2.754e+01 4897 
2.754e+01 2.884e+01 5104 
2.884e+01 3.020e+01 5682 
3.020e+01 3.162e+01 6305 
3.162e+01 3.311e+01 6781 
3.311e+01 3.467e+01 7578 
3.467e+01 3.631e+01 8133 
3.631e+01 3.802e+01 9049 
3.802e+01 3.981e+01 9941 
3.981e+01 4.169e+01 10655 
4.169e+01 4.365e+01 11572 
4.365e+01 4.571e+01 13105 
4.571e+01 4.786e+01 14346 
4.786e+01 5.012e+01 15660 
5.012e+01 5.248e+01 17044 
5.248e+01 5.495e+01 18694 
5.495e+01 5.754e+01 20529 
5.754e+01 6.026e+01 22580 
6.026e+01 6.310e+01 25011 
6.310e+01 6.607e+01 27070 
6.607e+01 6.918e+01 29825 
6.918e+01 7.244e+01 32607 
7.244e+01 7.586e+01 36147 
7.586e+01 7.943e+01 39355 
7.943e+01 8.318e+01 43380 
8.318e+01 8.710e+01 47089 
8.710e+01 9.120e+01 52033 
9.120e+01 9.550e+01 56899 
9.550e+01 1.000e+02 62354 
1.000e+02 1.047e+02 68413 
1.047e+02 1.096e+02 74781 
1.096e+02 1.148e+02 82581 
1.148e+02 1.202e+02 89755 
1.202e+02 1.259e+02 98818 
1.259e+02 1.318e+02 109171 
1.318e+02 1.380e+02 118389 
1.380e+02 1.445e+02 131121 
1.445e+02 1.514e+02 143228 
1.514e+02 1.585e+02 157717 
1.585e+02 1.660e+02 172521 
1.660e+02 1.738e+02 188611 
1.738e+02 1.820e+02 207378 
1.820e+02 1.905e+02 227156 
1.905e+02 1.995e+02 247545 
1.995e+02 2.089e+02 273998 
2.089e+02 2.188e+02 299216 
2.188e+02 2.291e+02 327128 
2.291e+02 2.399e+02 359911 
2.399e+02 2.512e+02 395373 
2.512e+02 2.630e+02 430840 
2.630e+02 2.754e+02 473936 
2.754e+02 2.884e+02 517559 
2.884e+02 3.020e+02 568169 
3.020e+02 3.162e+02 625390 
3.162e+02 3.311e+02 684469 
3.311e+02 3.467e+02 750414 
3.467e+02 3.631e+02 821928 
3.631e+02 3.802e+02 901401 
3.802e+02 3.981e+02 987979 
3.981e+02 4.169e+02 1081515 
4.169e+02 4.365e+02 1189105 
4.365e+02 4.571e+02 1302666 
4.571e+02 4.786e+02 1426799 
4.786e+02 5.012e+02 1562750 
5.012e+02 5.248e+02 1715215 
5.248e+02 5.495e+02 1880183 
5.495e+02 5.754e+02 2061715 
5.754e+02 6.026e+02 2258017 
6.026e+02 6.310e+02 2477305 
6.310e+02 6.607e+02 2716334 
6.607e+02 6.918e+02 2979987 
6.918e+02 7.244e+02 3267237 
7.244e+02 7.586e+02 3578367 
7.586e+02 7.943e+02 3923383 
7.943e+02 8.318e+02 4298992 
8.318e+02 8.710e+02 4716744 
8.710e+02 9.120e+02 5162890 
9.120e+02 9.550e+02 5664858 
9.550e+02 1.000e+03 6212615 
1.000e+03 1.047e+03 6810622 
1.047e+03 1.096e+03 7454093 
1.096e+03 1.148e+03 8168979 
1.148e+03 1.202e+03 8949981 
1.202e+03 1.259e+03 9820289 
1.259e+03 1.318e+03 10764266 
1.318e+03 1.380e+03 11784874 
1.380e+03 1.445e+03 12925496 
1.445e+03 1.514e+03 14163576 
1.514e+03 1.585e+03 15525697 
1.585e+03 1.660e+03 17008495 
1.660e+03 1.738e+03 18625134 
1.738e+03 1.820e+03 20414829 
1.820e+03 1.905e+03 22374519 
1.905e+03 1.995e+03 24499480 
1.995e+03 2.089e+03 26861592 
2.089e+03 2.188e+03 29441940 
2.188e+03 2.291e+03 32272012 
2.291e+03 2.399e+03 35356837 
2.399e+03 2.512e+03 38725508 
2.512e+03 2.630e+03 42432048 
2.630e+03 2.754e+03 46479746 
2.754e+03 2.884e+03 50915073 
2.884e+03 3.020e+03 55724325 
3.020e+03 3.162e+03 61003436 
3.162e+03 3.311e+03 66787060 
3.311e+03 3.467e+03 73151212 
3.467e+03 3.631e+03 80111465 
3.631e+03 3.802e+03 87694953 
3.802e+03 3.981e+03 96019648 
3.981e+03 4.169e+03 105114208 
4.169e+03 4.365e+03 115093604 
4.365e+03 4.571e+03 125972948 
4.571e+03 4.786e+03 137960674 
4.786e+03 5.012e+03 151046124 
5.012e+03 5.248e+03 165259313 
5.248e+03 5.495e+03 180840241 
5.495e+03 5.754e+03 197812815 
5.754e+03 6.026e+03 216477507 
6.026e+03 6.310e+03 236756804 
6.310e+03 6.607e+03 258964705 
6.607e+03 6.918e+03 283368254 
6.918e+03 7.244e+03 310006464 
7.244e+03 7.586e+03 339092759 
7.586e+03 7.943e+03 370856001 
7.943e+03 8.318e+03 405577967 
8.318e+03 8.710e+03 443507094 
8.710e+03 9.120e+03 484842977 
9.120e+03 9.550e+03 529845125 
9.550e+03 1.000e+04 579022110 
1.000e+04 1.047e+04 633021682 
1.047e+04 1.096e+04 691869869 
1.096e+04 1.148e+04 755811443 
1.148e+04 1.202e+04 825586612 
1.202e+04 1.259e+04 901284972 
1.259e+04 1.318e+04 984183297 
1.318e+04 1.380e+04 1074780729 
1.380e+04 1.445e+04 1173855793 
1.445e+04 1.514e+04 1281768656 
1.514e+04 1.585e+04 1398536969 
1.585e+04 1.660e+04 1525605681 
1.660e+04 1.738e+04 1664412290 
1.738e+04 1.820e+04 1815835648 
1.820e+04 1.905e+04 1980339775 
1.905e+04 1.995e+04 2159192381 
1.995e+04 2.089e+04 2353680053 
2.089e+04 2.188e+04 2563517128 
2.188e+04 2.291e+04 2791310148 
2.291e+04 2.399e+04 3038134959 
2.399e+04 2.512e+04 3306805874 
2.512e+04 2.630e+04 3597089152 
2.630e+04 2.754e+04 3911673203 
2.754e+04 2.884e+04 4253483871 
2.884e+04 3.020e+04 4625102132 
3.020e+04 3.162e+04 5023882820 
3.162e+04 3.311e+04 5459932235 
3.311e+04 3.467e+04 5931945589 
3.467e+04 3.631e+04 6442307904 
3.631e+04 3.802e+04 6995938773 
3.802e+04 3.981e+04 7586803137 
3.981e+04 4.169e+04 8228465550 
4.169e+04 4.365e+04 8925634354 
4.365e+04 4.571e+04 9667800051 
4.571e+04 4.786e+04 10454975677 
4.786e+04 5.012e+04 11306361570 
5.012e+04 5.248e+04 12222075796 
5.248e+04 5.495e+04 13201269836 
5.495e+04 5.754e+04 14242551221 
5.754e+04 6.026e+04 15347038782 
6.026e+04 6.310e+04 16524546869 
6.310e+04 6.607e+04 17790717142 
6.607e+04 6.918e+04 19131135963 
6.918e+04 7.244e+04 20538718013 
7.244e+04 7.586e+04 22017799156 
7.586e+04 7.943e+04 23536901197 
7.943e+04 8.318e+04 25186672656 
8.318e+04 8.710e+04 26899484528 
8.710e+04 9.120e+04 28667769252 
9.120e+04 9.550e+04 30499712950 
9.550e+04 1.000e+05 32413139930 
1.000e+05 1.047e+05 34426359605 
1.047e+05 1.096e+05 36466554948 
1.096e+05 1.148e+05 38528035345 
1.148e+05 1.202e+05 40595991734 
