1.000e+00 1.047e+00 11 
1.047e+00 1.096e+00 16 
1.096e+00 1.148e+00 26 
1.148e+00 1.202e+00 19 
1.202e+00 1.259e+00 19 
1.259e+00 1.318e+00 20 
1.318e+00 1.380e+00 23 
1.380e+00 1.445e+00 23 
1.445e+00 1.514e+00 41 
1.514e+00 1.585e+00 28 
1.585e+00 1.660e+00 25 
1.660e+00 1.738e+00 32 
1.738e+00 1.820e+00 48 
1.820e+00 1.905e+00 53 
1.905e+00 1.995e+00 36 
1.995e+00 2.089e+00 29 
2.089e+00 2.188e+00 71 
2.188e+00 2.291e+00 74 
2.291e+00 2.399e+00 52 
2.399e+00 2.512e+00 55 
2.512e+00 2.630e+00 79 
2.630e+00 2.754e+00 66 
2.754e+00 2.884e+00 84 
2.884e+00 3.020e+00 106 
3.020e+00 3.162e+00 86 
3.162e+00 3.311e+00 132 
3.311e+00 3.467e+00 100 
3.467e+00 3.631e+00 120 
3.631e+00 3.802e+00 154 
3.802e+00 3.981e+00 162 
3.981e+00 4.169e+00 197 
4.169e+00 4.365e+00 196 
4.365e+00 4.571e+00 209 
4.571e+00 4.786e+00 205 
4.786e+00 5.012e+00 220 
5.012e+00 5.248e+00 281 
5.248e+00 5.495e+00 288 
5.495e+00 5.754e+00 278 
5.754e+00 6.026e+00 357 
6.026e+00 6.310e+00 367 
6.310e+00 6.607e+00 430 
6.607e+00 6.918e+00 455 
6.918e+00 7.244e+00 496 
7.244e+00 7.586e+00 536 
7.586e+00 7.943e+00 538 
7.943e+00 8.318e+00 654 
8.318e+00 8.710e+00 679 
8.710e+00 9.120e+00 765 
9.120e+00 9.550e+00 855 
9.550e+00 1.000e+01 861 
1.000e+01 1.047e+01 985 
1.047e+01 1.096e+01 1049 
1.096e+01 1.148e+01 1167 
1.148e+01 1.202e+01 1311 
1.202e+01 1.259e+01 1360 
1.259e+01 1.318e+01 1555 
1.318e+01 1.380e+01 1663 
1.380e+01 1.445e+01 1861 
1.445e+01 1.514e+01 2009 
1.514e+01 1.585e+01 2094 
1.585e+01 1.660e+01 2432 
1.660e+01 1.738e+01 2634 
1.738e+01 1.820e+01 2733 
1.820e+01 1.905e+01 3069 
1.905e+01 1.995e+01 3449 
1.995e+01 2.089e+01 3628 
2.089e+01 2.188e+01 3942 
2.188e+01 2.291e+01 4294 
2.291e+01 2.399e+01 4836 
2.399e+01 2.512e+01 5301 
2.512e+01 2.630e+01 5807 
2.630e+01 2.754e+01 6307 
2.754e+01 2.884e+01 6821 
2.884e+01 3.020e+01 7457 
3.020e+01 3.162e+01 8247 
3.162e+01 3.311e+01 8807 
3.311e+01 3.467e+01 9569 
3.467e+01 3.631e+01 10451 
3.631e+01 3.802e+01 11640 
3.802e+01 3.981e+01 12423 
3.981e+01 4.169e+01 13674 
4.169e+01 4.365e+01 14949 
4.365e+01 4.571e+01 16167 
4.571e+01 4.786e+01 17631 
4.786e+01 5.012e+01 19488 
5.012e+01 5.248e+01 21064 
5.248e+01 5.495e+01 23145 
5.495e+01 5.754e+01 25131 
5.754e+01 6.026e+01 27546 
6.026e+01 6.310e+01 29938 
6.310e+01 6.607e+01 32393 
6.607e+01 6.918e+01 35491 
6.918e+01 7.244e+01 38267 
7.244e+01 7.586e+01 42151 
7.586e+01 7.943e+01 46074 
7.943e+01 8.318e+01 49893 
8.318e+01 8.710e+01 54409 
8.710e+01 9.120e+01 60088 
9.120e+01 9.550e+01 64468 
9.550e+01 1.000e+02 71479 
1.000e+02 1.047e+02 77244 
1.047e+02 1.096e+02 84796 
1.096e+02 1.148e+02 91579 
1.148e+02 1.202e+02 100263 
1.202e+02 1.259e+02 109248 
1.259e+02 1.318e+02 120087 
1.318e+02 1.380e+02 129158 
1.380e+02 1.445e+02 142367 
1.445e+02 1.514e+02 153874 
1.514e+02 1.585e+02 168500 
1.585e+02 1.660e+02 183092 
1.660e+02 1.738e+02 199320 
1.738e+02 1.820e+02 217842 
1.820e+02 1.905e+02 236608 
1.905e+02 1.995e+02 256948 
1.995e+02 2.089e+02 279362 
2.089e+02 2.188e+02 304108 
2.188e+02 2.291e+02 332674 
2.291e+02 2.399e+02 361031 
2.399e+02 2.512e+02 393085 
2.512e+02 2.630e+02 428309 
2.630e+02 2.754e+02 467475 
2.754e+02 2.884e+02 509005 
2.884e+02 3.020e+02 555321 
3.020e+02 3.162e+02 604758 
3.162e+02 3.311e+02 656971 
3.311e+02 3.467e+02 714161 
3.467e+02 3.631e+02 777245 
3.631e+02 3.802e+02 847673 
3.802e+02 3.981e+02 922439 
3.981e+02 4.169e+02 1005208 
4.169e+02 4.365e+02 1095055 
4.365e+02 4.571e+02 1193785 
4.571e+02 4.786e+02 1299260 
4.786e+02 5.012e+02 1416790 
5.012e+02 5.248e+02 1542593 
5.248e+02 5.495e+02 1684219 
5.495e+02 5.754e+02 1832127 
5.754e+02 6.026e+02 1997236 
6.026e+02 6.310e+02 2173581 
6.310e+02 6.607e+02 2365906 
6.607e+02 6.918e+02 2577783 
6.918e+02 7.244e+02 2798154 
7.244e+02 7.586e+02 3042221 
7.586e+02 7.943e+02 3311515 
7.943e+02 8.318e+02 3604600 
8.318e+02 8.710e+02 3926143 
8.710e+02 9.120e+02 4271679 
9.120e+02 9.550e+02 4647788 
9.550e+02 1.000e+03 5051352 
1.000e+03 1.047e+03 5493377 
1.047e+03 1.096e+03 5972326 
1.096e+03 1.148e+03 6497529 
1.148e+03 1.202e+03 7063703 
1.202e+03 1.259e+03 7688338 
1.259e+03 1.318e+03 8346053 
1.318e+03 1.380e+03 9086013 
1.380e+03 1.445e+03 9887327 
1.445e+03 1.514e+03 10743848 
1.514e+03 1.585e+03 11677776 
1.585e+03 1.660e+03 12693882 
1.660e+03 1.738e+03 13795218 
1.738e+03 1.820e+03 14985045 
1.820e+03 1.905e+03 16290482 
1.905e+03 1.995e+03 17696085 
1.995e+03 2.089e+03 19226426 
2.089e+03 2.188e+03 20889806 
2.188e+03 2.291e+03 22724319 
2.291e+03 2.399e+03 24709184 
2.399e+03 2.512e+03 26868474 
2.512e+03 2.630e+03 29192193 
2.630e+03 2.754e+03 31704512 
2.754e+03 2.884e+03 34447784 
2.884e+03 3.020e+03 37389911 
3.020e+03 3.162e+03 40583551 
3.162e+03 3.311e+03 44026444 
3.311e+03 3.467e+03 47788668 
3.467e+03 3.631e+03 51856698 
3.631e+03 3.802e+03 56234109 
3.802e+03 3.981e+03 61036975 
3.981e+03 4.169e+03 66278931 
4.169e+03 4.365e+03 71919486 
4.365e+03 4.571e+03 78071034 
4.571e+03 4.786e+03 84682121 
4.786e+03 5.012e+03 91875904 
5.012e+03 5.248e+03 99641577 
5.248e+03 5.495e+03 108103830 
5.495e+03 5.754e+03 117207344 
5.754e+03 6.026e+03 127143799 
6.026e+03 6.310e+03 137933965 
6.310e+03 6.607e+03 149481525 
6.607e+03 6.918e+03 162040611 
6.918e+03 7.244e+03 175775670 
7.244e+03 7.586e+03 190445359 
7.586e+03 7.943e+03 206348681 
7.943e+03 8.318e+03 223538935 
8.318e+03 8.710e+03 242170087 
8.710e+03 9.120e+03 262233401 
9.120e+03 9.550e+03 283943541 
9.550e+03 1.000e+04 307365236 
1.000e+04 1.047e+04 332821885 
1.047e+04 1.096e+04 360391868 
1.096e+04 1.148e+04 390040971 
1.148e+04 1.202e+04 422160261 
1.202e+04 1.259e+04 456625170 
1.259e+04 1.318e+04 493852165 
1.318e+04 1.380e+04 533902258 
1.380e+04 1.445e+04 577187460 
1.445e+04 1.514e+04 624167041 
1.514e+04 1.585e+04 674514826 
1.585e+04 1.660e+04 728780359 
1.660e+04 1.738e+04 787706248 
1.738e+04 1.820e+04 850727626 
1.820e+04 1.905e+04 918224260 
1.905e+04 1.995e+04 990693301 
1.995e+04 2.089e+04 1069162718 
2.089e+04 2.188e+04 1153747890 
2.188e+04 2.291e+04 1243915959 
2.291e+04 2.399e+04 1341009662 
2.399e+04 2.512e+04 1445322510 
2.512e+04 2.630e+04 1558098125 
2.630e+04 2.754e+04 1678385304 
2.754e+04 2.884e+04 1806820647 
2.884e+04 3.020e+04 1944464052 
3.020e+04 3.162e+04 2091314792 
3.162e+04 3.311e+04 2248799871 
3.311e+04 3.467e+04 2416259266 
3.467e+04 3.631e+04 2595574589 
3.631e+04 3.802e+04 2786936720 
3.802e+04 3.981e+04 2991514766 
3.981e+04 4.169e+04 3209400774 
4.169e+04 4.365e+04 3440590428 
4.365e+04 4.571e+04 3687053087 
4.571e+04 4.786e+04 3950015022 
4.786e+04 5.012e+04 4228196253 
5.012e+04 5.248e+04 4522122609 
5.248e+04 5.495e+04 4834356202 
5.495e+04 5.754e+04 5165342892 
5.754e+04 6.026e+04 5514014181 
6.026e+04 6.310e+04 5879349369 
6.310e+04 6.607e+04 6265309554 
6.607e+04 6.918e+04 6669126417 
6.918e+04 7.244e+04 7091293404 
7.244e+04 7.586e+04 7534236774 
7.586e+04 7.943e+04 7997067351 
7.943e+04 8.318e+04 8477206180 
8.318e+04 8.710e+04 8970472494 
8.710e+04 9.120e+04 9480864140 
9.120e+04 9.550e+04 10003314170 
9.550e+04 1.000e+05 10539571268 
1.000e+05 1.047e+05 11082256465 
1.047e+05 1.096e+05 11634731291 
1.096e+05 1.148e+05 12193579216 
1.148e+05 1.202e+05 12749179677 
