1.000e+00 1.047e+00 1 
1.047e+00 1.096e+00 1 
1.096e+00 1.148e+00 4 
1.148e+00 1.202e+00 3 
1.202e+00 1.259e+00 4 
1.259e+00 1.318e+00 3 
1.318e+00 1.380e+00 11 
1.380e+00 1.445e+00 5 
1.445e+00 1.514e+00 3 
1.514e+00 1.585e+00 5 
1.585e+00 1.660e+00 8 
1.660e+00 1.738e+00 5 
1.738e+00 1.820e+00 8 
1.820e+00 1.905e+00 14 
1.905e+00 1.995e+00 10 
1.995e+00 2.089e+00 13 
2.089e+00 2.188e+00 13 
2.188e+00 2.291e+00 15 
2.291e+00 2.399e+00 19 
2.399e+00 2.512e+00 15 
2.512e+00 2.630e+00 23 
2.630e+00 2.754e+00 19 
2.754e+00 2.884e+00 18 
2.884e+00 3.020e+00 22 
3.020e+00 3.162e+00 16 
3.162e+00 3.311e+00 33 
3.311e+00 3.467e+00 26 
3.467e+00 3.631e+00 30 
3.631e+00 3.802e+00 35 
3.802e+00 3.981e+00 30 
3.981e+00 4.169e+00 42 
4.169e+00 4.365e+00 52 
4.365e+00 4.571e+00 43 
4.571e+00 4.786e+00 52 
4.786e+00 5.012e+00 45 
5.012e+00 5.248e+00 55 
5.248e+00 5.495e+00 75 
5.495e+00 5.754e+00 92 
5.754e+00 6.026e+00 105 
6.026e+00 6.310e+00 91 
6.310e+00 6.607e+00 125 
6.607e+00 6.918e+00 101 
6.918e+00 7.244e+00 144 
7.244e+00 7.586e+00 166 
7.586e+00 7.943e+00 160 
7.943e+00 8.318e+00 177 
8.318e+00 8.710e+00 183 
8.710e+00 9.120e+00 197 
9.120e+00 9.550e+00 247 
9.550e+00 1.000e+01 276 
1.000e+01 1.047e+01 288 
1.047e+01 1.096e+01 289 
1.096e+01 1.148e+01 366 
1.148e+01 1.202e+01 366 
1.202e+01 1.259e+01 376 
1.259e+01 1.318e+01 411 
1.318e+01 1.380e+01 476 
1.380e+01 1.445e+01 489 
1.445e+01 1.514e+01 558 
1.514e+01 1.585e+01 639 
1.585e+01 1.660e+01 703 
1.660e+01 1.738e+01 780 
1.738e+01 1.820e+01 802 
1.820e+01 1.905e+01 896 
1.905e+01 1.995e+01 994 
1.995e+01 2.089e+01 1063 
2.089e+01 2.188e+01 1154 
2.188e+01 2.291e+01 1285 
2.291e+01 2.399e+01 1430 
2.399e+01 2.512e+01 1593 
2.512e+01 2.630e+01 1709 
2.630e+01 2.754e+01 1888 
2.754e+01 2.884e+01 2059 
2.884e+01 3.020e+01 2329 
3.020e+01 3.162e+01 2543 
3.162e+01 3.311e+01 2719 
3.311e+01 3.467e+01 2967 
3.467e+01 3.631e+01 3286 
3.631e+01 3.802e+01 3626 
3.802e+01 3.981e+01 3978 
3.981e+01 4.169e+01 4386 
4.169e+01 4.365e+01 4591 
4.365e+01 4.571e+01 5237 
4.571e+01 4.786e+01 5656 
4.786e+01 5.012e+01 6231 
5.012e+01 5.248e+01 6666 
5.248e+01 5.495e+01 7426 
5.495e+01 5.754e+01 8209 
5.754e+01 6.026e+01 9079 
6.026e+01 6.310e+01 9952 
6.310e+01 6.607e+01 10813 
6.607e+01 6.918e+01 11679 
6.918e+01 7.244e+01 13323 
7.244e+01 7.586e+01 14216 
7.586e+01 7.943e+01 15840 
7.943e+01 8.318e+01 17034 
8.318e+01 8.710e+01 18939 
8.710e+01 9.120e+01 20548 
9.120e+01 9.550e+01 22736 
9.550e+01 1.000e+02 25067 
1.000e+02 1.047e+02 26771 
1.047e+02 1.096e+02 29840 
1.096e+02 1.148e+02 32614 
1.148e+02 1.202e+02 36255 
1.202e+02 1.259e+02 39487 
1.259e+02 1.318e+02 42954 
1.318e+02 1.380e+02 47215 
1.380e+02 1.445e+02 51977 
1.445e+02 1.514e+02 56462 
1.514e+02 1.585e+02 62042 
1.585e+02 1.660e+02 68475 
1.660e+02 1.738e+02 74637 
1.738e+02 1.820e+02 82250 
1.820e+02 1.905e+02 89632 
1.905e+02 1.995e+02 98213 
1.995e+02 2.089e+02 108143 
2.089e+02 2.188e+02 118471 
2.188e+02 2.291e+02 130281 
2.291e+02 2.399e+02 143077 
2.399e+02 2.512e+02 156315 
2.512e+02 2.630e+02 170863 
2.630e+02 2.754e+02 188082 
2.754e+02 2.884e+02 205917 
2.884e+02 3.020e+02 226098 
3.020e+02 3.162e+02 246277 
3.162e+02 3.311e+02 270196 
3.311e+02 3.467e+02 297489 
3.467e+02 3.631e+02 325812 
3.631e+02 3.802e+02 356998 
3.802e+02 3.981e+02 392750 
3.981e+02 4.169e+02 428002 
4.169e+02 4.365e+02 470179 
4.365e+02 4.571e+02 516102 
4.571e+02 4.786e+02 564275 
4.786e+02 5.012e+02 620493 
5.012e+02 5.248e+02 679056 
5.248e+02 5.495e+02 743203 
5.495e+02 5.754e+02 815494 
5.754e+02 6.026e+02 896204 
6.026e+02 6.310e+02 979571 
6.310e+02 6.607e+02 1073911 
6.607e+02 6.918e+02 1177210 
6.918e+02 7.244e+02 1291226 
7.244e+02 7.586e+02 1416402 
7.586e+02 7.943e+02 1550324 
7.943e+02 8.318e+02 1699574 
8.318e+02 8.710e+02 1863611 
8.710e+02 9.120e+02 2040008 
9.120e+02 9.550e+02 2240660 
9.550e+02 1.000e+03 2454977 
1.000e+03 1.047e+03 2692296 
1.047e+03 1.096e+03 2953058 
1.096e+03 1.148e+03 3235592 
1.148e+03 1.202e+03 3542194 
1.202e+03 1.259e+03 3884958 
1.259e+03 1.318e+03 4260148 
1.318e+03 1.380e+03 4663411 
1.380e+03 1.445e+03 5115332 
1.445e+03 1.514e+03 5597623 
1.514e+03 1.585e+03 6143860 
1.585e+03 1.660e+03 6730672 
1.660e+03 1.738e+03 7382095 
1.738e+03 1.820e+03 8081594 
1.820e+03 1.905e+03 8854641 
1.905e+03 1.995e+03 9702296 
1.995e+03 2.089e+03 10631673 
2.089e+03 2.188e+03 11653011 
2.188e+03 2.291e+03 12773546 
2.291e+03 2.399e+03 13985103 
2.399e+03 2.512e+03 15334067 
2.512e+03 2.630e+03 16798859 
2.630e+03 2.754e+03 18411998 
2.754e+03 2.884e+03 20169686 
2.884e+03 3.020e+03 22087971 
3.020e+03 3.162e+03 24206202 
3.162e+03 3.311e+03 26507203 
3.311e+03 3.467e+03 29040704 
3.467e+03 3.631e+03 31809317 
3.631e+03 3.802e+03 34834829 
3.802e+03 3.981e+03 38144803 
3.981e+03 4.169e+03 41791416 
4.169e+03 4.365e+03 45756687 
4.365e+03 4.571e+03 50084461 
4.571e+03 4.786e+03 54855825 
4.786e+03 5.012e+03 60021720 
5.012e+03 5.248e+03 65731681 
5.248e+03 5.495e+03 72000030 
5.495e+03 5.754e+03 78821500 
5.754e+03 6.026e+03 86237049 
6.026e+03 6.310e+03 94345451 
6.310e+03 6.607e+03 103231087 
6.607e+03 6.918e+03 112948729 
6.918e+03 7.244e+03 123602478 
7.244e+03 7.586e+03 135285842 
7.586e+03 7.943e+03 148020537 
7.943e+03 8.318e+03 161991391 
8.318e+03 8.710e+03 177212278 
8.710e+03 9.120e+03 193828888 
9.120e+03 9.550e+03 212069349 
9.550e+03 1.000e+04 232003350 
1.000e+04 1.047e+04 253558183 
1.047e+04 1.096e+04 277111009 
1.096e+04 1.148e+04 302675911 
1.148e+04 1.202e+04 330757842 
1.202e+04 1.259e+04 361559680 
1.259e+04 1.318e+04 395099521 
1.318e+04 1.380e+04 431625296 
1.380e+04 1.445e+04 471526358 
1.445e+04 1.514e+04 514781888 
1.514e+04 1.585e+04 561847527 
1.585e+04 1.660e+04 613242055 
1.660e+04 1.738e+04 669168479 
1.738e+04 1.820e+04 730043651 
1.820e+04 1.905e+04 796418104 
1.905e+04 1.995e+04 868215607 
1.995e+04 2.089e+04 946486506 
2.089e+04 2.188e+04 1031548843 
2.188e+04 2.291e+04 1123886858 
2.291e+04 2.399e+04 1224843076 
2.399e+04 2.512e+04 1333815846 
2.512e+04 2.630e+04 1451529112 
2.630e+04 2.754e+04 1578872848 
2.754e+04 2.884e+04 1716907854 
2.884e+04 3.020e+04 1866661736 
3.020e+04 3.162e+04 2029797273 
3.162e+04 3.311e+04 2204756693 
3.311e+04 3.467e+04 2393941306 
3.467e+04 3.631e+04 2599467671 
3.631e+04 3.802e+04 2818221897 
3.802e+04 3.981e+04 3047763750 
3.981e+04 4.169e+04 3297891182 
4.169e+04 4.365e+04 3571090503 
4.365e+04 4.571e+04 3861491849 
4.571e+04 4.786e+04 4172236712 
4.786e+04 5.012e+04 4504389924 
5.012e+04 5.248e+04 4869610930 
5.248e+04 5.495e+04 5267667936 
5.495e+04 5.754e+04 5691043217 
5.754e+04 6.026e+04 6143017243 
6.026e+04 6.310e+04 6628547995 
6.310e+04 6.607e+04 7147273715 
6.607e+04 6.918e+04 7692657666 
6.918e+04 7.244e+04 8272195120 
7.244e+04 7.586e+04 8883191741 
7.586e+04 7.943e+04 9524064149 
7.943e+04 8.318e+04 10196610728 
8.318e+04 8.710e+04 10869427080 
8.710e+04 9.120e+04 11554011949 
9.120e+04 9.550e+04 12289895527 
9.550e+04 1.000e+05 13052974945 
1.000e+05 1.047e+05 13779804654 
1.047e+05 1.096e+05 14560049622 
1.096e+05 1.148e+05 15388102372 
1.148e+05 1.202e+05 16211690633 
