1.000e+00 1.047e+00 7241816 
1.047e+00 1.096e+00 7869408 
1.096e+00 1.148e+00 8558742 
1.148e+00 1.202e+00 9310267 
1.202e+00 1.259e+00 10126999 
1.259e+00 1.318e+00 11012093 
1.318e+00 1.380e+00 11983576 
1.380e+00 1.445e+00 13026486 
1.445e+00 1.514e+00 14161132 
1.514e+00 1.585e+00 15398002 
1.585e+00 1.660e+00 16756004 
1.660e+00 1.738e+00 18210559 
1.738e+00 1.820e+00 19806076 
1.820e+00 1.905e+00 21533748 
1.905e+00 1.995e+00 23400325 
1.995e+00 2.089e+00 25443887 
2.089e+00 2.188e+00 27634379 
2.188e+00 2.291e+00 30007898 
2.291e+00 2.399e+00 32597837 
2.399e+00 2.512e+00 35420492 
2.512e+00 2.630e+00 38477078 
2.630e+00 2.754e+00 41838933 
2.754e+00 2.884e+00 45472196 
2.884e+00 3.020e+00 49435959 
3.020e+00 3.162e+00 53712442 
3.162e+00 3.311e+00 58380376 
3.311e+00 3.467e+00 63436973 
3.467e+00 3.631e+00 68901210 
3.631e+00 3.802e+00 74773124 
3.802e+00 3.981e+00 81187614 
3.981e+00 4.169e+00 88092359 
4.169e+00 4.365e+00 95652060 
4.365e+00 4.571e+00 103819240 
4.571e+00 4.786e+00 112694530 
4.786e+00 5.012e+00 122351908 
5.012e+00 5.248e+00 132788237 
5.248e+00 5.495e+00 144102236 
5.495e+00 5.754e+00 156287105 
5.754e+00 6.026e+00 169524130 
6.026e+00 6.310e+00 183843928 
6.310e+00 6.607e+00 199303813 
6.607e+00 6.918e+00 216098385 
6.918e+00 7.244e+00 234176025 
7.244e+00 7.586e+00 253661329 
7.586e+00 7.943e+00 274767633 
7.943e+00 8.318e+00 297752934 
8.318e+00 8.710e+00 322905518 
8.710e+00 9.120e+00 349968398 
9.120e+00 9.550e+00 379112920 
9.550e+00 1.000e+01 410701470 
1.000e+01 1.047e+01 444738725 
1.047e+01 1.096e+01 481409704 
1.096e+01 1.148e+01 521025280 
1.148e+01 1.202e+01 564197450 
1.202e+01 1.259e+01 610520935 
1.259e+01 1.318e+01 660784295 
1.318e+01 1.380e+01 714960414 
1.380e+01 1.445e+01 773381130 
1.445e+01 1.514e+01 836374692 
1.514e+01 1.585e+01 904376123 
1.585e+01 1.660e+01 977711186 
1.660e+01 1.738e+01 1056875581 
1.738e+01 1.820e+01 1142302417 
1.820e+01 1.905e+01 1234135401 
1.905e+01 1.995e+01 1333073702 
1.995e+01 2.089e+01 1440139359 
2.089e+01 2.188e+01 1555497536 
2.188e+01 2.291e+01 1678624103 
2.291e+01 2.399e+01 1811111278 
2.399e+01 2.512e+01 1954095531 
2.512e+01 2.630e+01 2107230913 
2.630e+01 2.754e+01 2270428458 
2.754e+01 2.884e+01 2445559760 
2.884e+01 3.020e+01 2633458645 
3.020e+01 3.162e+01 2834484656 
3.162e+01 3.311e+01 3049591161 
3.311e+01 3.467e+01 3278625356 
3.467e+01 3.631e+01 3523772542 
3.631e+01 3.802e+01 3784455489 
3.802e+01 3.981e+01 4061189575 
3.981e+01 4.169e+01 4358483130 
4.169e+01 4.365e+01 4673593697 
4.365e+01 4.571e+01 5006686168 
4.571e+01 4.786e+01 5359724993 
4.786e+01 5.012e+01 5732671125 
5.012e+01 5.248e+01 6126904754 
5.248e+01 5.495e+01 6545124669 
5.495e+01 5.754e+01 6986961040 
5.754e+01 6.026e+01 7450134910 
6.026e+01 6.310e+01 7934152869 
6.310e+01 6.607e+01 8436626266 
6.607e+01 6.918e+01 8960133449 
6.918e+01 7.244e+01 9504077345 
7.244e+01 7.586e+01 10066843486 
7.586e+01 7.943e+01 10646282766 
7.943e+01 8.318e+01 11233710950 
8.318e+01 8.710e+01 11825934685 
8.710e+01 9.120e+01 12406517310 
9.120e+01 9.550e+01 12978681906 
9.550e+01 1.000e+02 13523044846 
1.000e+02 1.047e+02 14027909461 
1.047e+02 1.096e+02 14480952679 
1.096e+02 1.148e+02 14871364428 
1.148e+02 1.202e+02 15175842034 
1.202e+02 1.259e+02 15350604250 
1.259e+02 1.318e+02 15359734102 
1.318e+02 1.380e+02 15171385266 
1.380e+02 1.445e+02 14692227650 
1.445e+02 1.514e+02 13838848680 
1.514e+02 1.585e+02 12471048699 
1.585e+02 1.660e+02 10382824519 
1.660e+02 1.738e+02 7268486620 
1.738e+02 1.820e+02 2264831259 
1.820e+02 1.905e+02 0 
1.905e+02 1.995e+02 0 
1.995e+02 2.089e+02 0 
2.089e+02 2.188e+02 0 
2.188e+02 2.291e+02 0 
2.291e+02 2.399e+02 0 
2.399e+02 2.512e+02 0 
2.512e+02 2.630e+02 0 
2.630e+02 2.754e+02 0 
2.754e+02 2.884e+02 0 
2.884e+02 3.020e+02 0 
3.020e+02 3.162e+02 0 
3.162e+02 3.311e+02 0 
3.311e+02 3.467e+02 0 
3.467e+02 3.631e+02 0 
3.631e+02 3.802e+02 0 
3.802e+02 3.981e+02 0 
3.981e+02 4.169e+02 0 
4.169e+02 4.365e+02 0 
4.365e+02 4.571e+02 0 
4.571e+02 4.786e+02 0 
4.786e+02 5.012e+02 0 
5.012e+02 5.248e+02 0 
5.248e+02 5.495e+02 0 
5.495e+02 5.754e+02 0 
5.754e+02 6.026e+02 0 
6.026e+02 6.310e+02 0 
6.310e+02 6.607e+02 0 
6.607e+02 6.918e+02 0 
6.918e+02 7.244e+02 0 
7.244e+02 7.586e+02 0 
7.586e+02 7.943e+02 0 
7.943e+02 8.318e+02 0 
8.318e+02 8.710e+02 0 
8.710e+02 9.120e+02 0 
9.120e+02 9.550e+02 0 
9.550e+02 1.000e+03 0 
1.000e+03 1.047e+03 0 
1.047e+03 1.096e+03 0 
1.096e+03 1.148e+03 0 
1.148e+03 1.202e+03 0 
1.202e+03 1.259e+03 0 
1.259e+03 1.318e+03 0 
1.318e+03 1.380e+03 0 
1.380e+03 1.445e+03 0 
1.445e+03 1.514e+03 0 
1.514e+03 1.585e+03 0 
1.585e+03 1.660e+03 0 
1.660e+03 1.738e+03 0 
1.738e+03 1.820e+03 0 
1.820e+03 1.905e+03 0 
1.905e+03 1.995e+03 0 
1.995e+03 2.089e+03 0 
2.089e+03 2.188e+03 0 
2.188e+03 2.291e+03 0 
2.291e+03 2.399e+03 0 
2.399e+03 2.512e+03 0 
2.512e+03 2.630e+03 0 
2.630e+03 2.754e+03 0 
2.754e+03 2.884e+03 0 
2.884e+03 3.020e+03 0 
3.020e+03 3.162e+03 0 
3.162e+03 3.311e+03 0 
3.311e+03 3.467e+03 0 
3.467e+03 3.631e+03 0 
3.631e+03 3.802e+03 0 
3.802e+03 3.981e+03 0 
3.981e+03 4.169e+03 0 
4.169e+03 4.365e+03 0 
4.365e+03 4.571e+03 0 
4.571e+03 4.786e+03 0 
4.786e+03 5.012e+03 0 
5.012e+03 5.248e+03 0 
5.248e+03 5.495e+03 0 
5.495e+03 5.754e+03 0 
5.754e+03 6.026e+03 0 
6.026e+03 6.310e+03 0 
6.310e+03 6.607e+03 0 
6.607e+03 6.918e+03 0 
6.918e+03 7.244e+03 0 
7.244e+03 7.586e+03 0 
7.586e+03 7.943e+03 0 
7.943e+03 8.318e+03 0 
8.318e+03 8.710e+03 0 
8.710e+03 9.120e+03 0 
9.120e+03 9.550e+03 0 
9.550e+03 1.000e+04 0 
1.000e+04 1.047e+04 0 
1.047e+04 1.096e+04 0 
1.096e+04 1.148e+04 0 
1.148e+04 1.202e+04 0 
1.202e+04 1.259e+04 0 
1.259e+04 1.318e+04 0 
1.318e+04 1.380e+04 0 
1.380e+04 1.445e+04 0 
1.445e+04 1.514e+04 0 
1.514e+04 1.585e+04 0 
1.585e+04 1.660e+04 0 
1.660e+04 1.738e+04 0 
1.738e+04 1.820e+04 0 
1.820e+04 1.905e+04 0 
1.905e+04 1.995e+04 0 
1.995e+04 2.089e+04 0 
2.089e+04 2.188e+04 0 
2.188e+04 2.291e+04 0 
2.291e+04 2.399e+04 0 
2.399e+04 2.512e+04 0 
2.512e+04 2.630e+04 0 
2.630e+04 2.754e+04 0 
2.754e+04 2.884e+04 0 
2.884e+04 3.020e+04 0 
3.020e+04 3.162e+04 0 
3.162e+04 3.311e+04 0 
3.311e+04 3.467e+04 0 
3.467e+04 3.631e+04 0 
3.631e+04 3.802e+04 0 
3.802e+04 3.981e+04 0 
3.981e+04 4.169e+04 0 
4.169e+04 4.365e+04 0 
4.365e+04 4.571e+04 0 
4.571e+04 4.786e+04 0 
4.786e+04 5.012e+04 0 
5.012e+04 5.248e+04 0 
5.248e+04 5.495e+04 0 
5.495e+04 5.754e+04 0 
5.754e+04 6.026e+04 0 
6.026e+04 6.310e+04 0 
6.310e+04 6.607e+04 0 
6.607e+04 6.918e+04 0 
6.918e+04 7.244e+04 0 
7.244e+04 7.586e+04 0 
7.586e+04 7.943e+04 0 
7.943e+04 8.318e+04 0 
8.318e+04 8.710e+04 0 
8.710e+04 9.120e+04 0 
9.120e+04 9.550e+04 0 
9.550e+04 1.000e+05 0 
1.000e+05 1.047e+05 0 
1.047e+05 1.096e+05 0 
1.096e+05 1.148e+05 0 
1.148e+05 1.202e+05 0 
