1.000e+00 1.047e+00 1 
1.047e+00 1.096e+00 7 
1.096e+00 1.148e+00 7 
1.148e+00 1.202e+00 1 
1.202e+00 1.259e+00 8 
1.259e+00 1.318e+00 3 
1.318e+00 1.380e+00 1 
1.380e+00 1.445e+00 2 
1.445e+00 1.514e+00 12 
1.514e+00 1.585e+00 5 
1.585e+00 1.660e+00 3 
1.660e+00 1.738e+00 2 
1.738e+00 1.820e+00 8 
1.820e+00 1.905e+00 8 
1.905e+00 1.995e+00 9 
1.995e+00 2.089e+00 11 
2.089e+00 2.188e+00 12 
2.188e+00 2.291e+00 22 
2.291e+00 2.399e+00 11 
2.399e+00 2.512e+00 22 
2.512e+00 2.630e+00 23 
2.630e+00 2.754e+00 11 
2.754e+00 2.884e+00 20 
2.884e+00 3.020e+00 28 
3.020e+00 3.162e+00 20 
3.162e+00 3.311e+00 40 
3.311e+00 3.467e+00 32 
3.467e+00 3.631e+00 25 
3.631e+00 3.802e+00 30 
3.802e+00 3.981e+00 47 
3.981e+00 4.169e+00 40 
4.169e+00 4.365e+00 64 
4.365e+00 4.571e+00 45 
4.571e+00 4.786e+00 69 
4.786e+00 5.012e+00 73 
5.012e+00 5.248e+00 88 
5.248e+00 5.495e+00 85 
5.495e+00 5.754e+00 89 
5.754e+00 6.026e+00 80 
6.026e+00 6.310e+00 115 
6.310e+00 6.607e+00 126 
6.607e+00 6.918e+00 145 
6.918e+00 7.244e+00 148 
7.244e+00 7.586e+00 171 
7.586e+00 7.943e+00 199 
7.943e+00 8.318e+00 192 
8.318e+00 8.710e+00 222 
8.710e+00 9.120e+00 264 
9.120e+00 9.550e+00 253 
9.550e+00 1.000e+01 291 
1.000e+01 1.047e+01 311 
1.047e+01 1.096e+01 316 
1.096e+01 1.148e+01 348 
1.148e+01 1.202e+01 407 
1.202e+01 1.259e+01 426 
1.259e+01 1.318e+01 490 
1.318e+01 1.380e+01 521 
1.380e+01 1.445e+01 595 
1.445e+01 1.514e+01 630 
1.514e+01 1.585e+01 680 
1.585e+01 1.660e+01 746 
1.660e+01 1.738e+01 871 
1.738e+01 1.820e+01 874 
1.820e+01 1.905e+01 964 
1.905e+01 1.995e+01 1116 
1.995e+01 2.089e+01 1222 
2.089e+01 2.188e+01 1289 
2.188e+01 2.291e+01 1463 
2.291e+01 2.399e+01 1589 
2.399e+01 2.512e+01 1617 
2.512e+01 2.630e+01 1788 
2.630e+01 2.754e+01 2016 
2.754e+01 2.884e+01 2225 
2.884e+01 3.020e+01 2436 
3.020e+01 3.162e+01 2681 
3.162e+01 3.311e+01 2918 
3.311e+01 3.467e+01 3272 
3.467e+01 3.631e+01 3595 
3.631e+01 3.802e+01 4032 
3.802e+01 3.981e+01 4103 
3.981e+01 4.169e+01 4486 
4.169e+01 4.365e+01 5096 
4.365e+01 4.571e+01 5187 
4.571e+01 4.786e+01 5785 
4.786e+01 5.012e+01 6376 
5.012e+01 5.248e+01 6853 
5.248e+01 5.495e+01 7358 
5.495e+01 5.754e+01 8112 
5.754e+01 6.026e+01 8746 
6.026e+01 6.310e+01 9829 
6.310e+01 6.607e+01 10267 
6.607e+01 6.918e+01 11307 
6.918e+01 7.244e+01 12332 
7.244e+01 7.586e+01 13327 
7.586e+01 7.943e+01 14189 
7.943e+01 8.318e+01 15540 
8.318e+01 8.710e+01 16759 
8.710e+01 9.120e+01 18171 
9.120e+01 9.550e+01 19571 
9.550e+01 1.000e+02 21187 
1.000e+02 1.047e+02 22728 
1.047e+02 1.096e+02 24683 
1.096e+02 1.148e+02 26596 
1.148e+02 1.202e+02 28745 
1.202e+02 1.259e+02 30867 
1.259e+02 1.318e+02 33393 
1.318e+02 1.380e+02 35933 
1.380e+02 1.445e+02 38560 
1.445e+02 1.514e+02 41255 
1.514e+02 1.585e+02 44860 
1.585e+02 1.660e+02 48391 
1.660e+02 1.738e+02 52529 
1.738e+02 1.820e+02 56303 
1.820e+02 1.905e+02 60749 
1.905e+02 1.995e+02 65019 
1.995e+02 2.089e+02 70279 
2.089e+02 2.188e+02 75950 
2.188e+02 2.291e+02 81975 
2.291e+02 2.399e+02 87856 
2.399e+02 2.512e+02 94626 
2.512e+02 2.630e+02 102433 
2.630e+02 2.754e+02 109732 
2.754e+02 2.884e+02 117704 
2.884e+02 3.020e+02 128033 
3.020e+02 3.162e+02 137589 
3.162e+02 3.311e+02 148518 
3.311e+02 3.467e+02 160466 
3.467e+02 3.631e+02 172919 
3.631e+02 3.802e+02 186874 
3.802e+02 3.981e+02 201563 
3.981e+02 4.169e+02 218193 
4.169e+02 4.365e+02 235145 
4.365e+02 4.571e+02 253289 
4.571e+02 4.786e+02 274595 
4.786e+02 5.012e+02 297186 
5.012e+02 5.248e+02 318642 
5.248e+02 5.495e+02 344636 
5.495e+02 5.754e+02 371126 
5.754e+02 6.026e+02 402116 
6.026e+02 6.310e+02 433756 
6.310e+02 6.607e+02 466438 
6.607e+02 6.918e+02 505072 
6.918e+02 7.244e+02 545629 
7.244e+02 7.586e+02 589904 
7.586e+02 7.943e+02 635932 
7.943e+02 8.318e+02 686128 
8.318e+02 8.710e+02 742140 
8.710e+02 9.120e+02 802414 
9.120e+02 9.550e+02 866377 
9.550e+02 1.000e+03 935874 
1.000e+03 1.047e+03 1010912 
1.047e+03 1.096e+03 1092011 
1.096e+03 1.148e+03 1180169 
1.148e+03 1.202e+03 1277138 
1.202e+03 1.259e+03 1380327 
1.259e+03 1.318e+03 1495852 
1.318e+03 1.380e+03 1619089 
1.380e+03 1.445e+03 1752875 
1.445e+03 1.514e+03 1899534 
1.514e+03 1.585e+03 2059583 
1.585e+03 1.660e+03 2235175 
1.660e+03 1.738e+03 2422662 
1.738e+03 1.820e+03 2623777 
1.820e+03 1.905e+03 2850382 
1.905e+03 1.995e+03 3096371 
1.995e+03 2.089e+03 3359849 
2.089e+03 2.188e+03 3650859 
2.188e+03 2.291e+03 3971867 
2.291e+03 2.399e+03 4318638 
2.399e+03 2.512e+03 4704045 
2.512e+03 2.630e+03 5108517 
2.630e+03 2.754e+03 5553297 
2.754e+03 2.884e+03 6042112 
2.884e+03 3.020e+03 6577467 
3.020e+03 3.162e+03 7165379 
3.162e+03 3.311e+03 7792892 
3.311e+03 3.467e+03 8479499 
3.467e+03 3.631e+03 9227346 
3.631e+03 3.802e+03 10042950 
3.802e+03 3.981e+03 10929153 
3.981e+03 4.169e+03 11911674 
4.169e+03 4.365e+03 12948583 
4.365e+03 4.571e+03 14096550 
4.571e+03 4.786e+03 15331558 
4.786e+03 5.012e+03 16686524 
5.012e+03 5.248e+03 18158358 
5.248e+03 5.495e+03 19792142 
5.495e+03 5.754e+03 21607565 
5.754e+03 6.026e+03 23524114 
6.026e+03 6.310e+03 25626089 
6.310e+03 6.607e+03 27905252 
6.607e+03 6.918e+03 30416552 
6.918e+03 7.244e+03 33126693 
7.244e+03 7.586e+03 36105306 
7.586e+03 7.943e+03 39366135 
7.943e+03 8.318e+03 42873849 
8.318e+03 8.710e+03 46642260 
8.710e+03 9.120e+03 50729981 
9.120e+03 9.550e+03 55219233 
9.550e+03 1.000e+04 60072252 
1.000e+04 1.047e+04 65305714 
1.047e+04 1.096e+04 71057864 
1.096e+04 1.148e+04 77344181 
1.148e+04 1.202e+04 84099408 
1.202e+04 1.259e+04 91508913 
1.259e+04 1.318e+04 99448822 
1.318e+04 1.380e+04 108136741 
1.380e+04 1.445e+04 117542192 
1.445e+04 1.514e+04 127776178 
1.514e+04 1.585e+04 138696412 
1.585e+04 1.660e+04 150700867 
1.660e+04 1.738e+04 163598644 
1.738e+04 1.820e+04 177875000 
1.820e+04 1.905e+04 193590406 
1.905e+04 1.995e+04 210639745 
1.995e+04 2.089e+04 229106370 
2.089e+04 2.188e+04 249307137 
2.188e+04 2.291e+04 270967744 
2.291e+04 2.399e+04 294097947 
2.399e+04 2.512e+04 319214866 
2.512e+04 2.630e+04 346334377 
2.630e+04 2.754e+04 376060628 
2.754e+04 2.884e+04 408910399 
2.884e+04 3.020e+04 443791550 
3.020e+04 3.162e+04 480873865 
3.162e+04 3.311e+04 520308876 
3.311e+04 3.467e+04 562780016 
3.467e+04 3.631e+04 608933694 
3.631e+04 3.802e+04 659821529 
3.802e+04 3.981e+04 715626337 
3.981e+04 4.169e+04 774560902 
4.169e+04 4.365e+04 838281301 
4.365e+04 4.571e+04 908605749 
4.571e+04 4.786e+04 983906994 
4.786e+04 5.012e+04 1065827151 
5.012e+04 5.248e+04 1154962143 
5.248e+04 5.495e+04 1247245623 
5.495e+04 5.754e+04 1346010133 
5.754e+04 6.026e+04 1451373157 
6.026e+04 6.310e+04 1558183220 
6.310e+04 6.607e+04 1672618659 
6.607e+04 6.918e+04 1789880629 
6.918e+04 7.244e+04 1910842290 
7.244e+04 7.586e+04 2035862113 
7.586e+04 7.943e+04 2168003823 
7.943e+04 8.318e+04 2314481719 
8.318e+04 8.710e+04 2466997944 
8.710e+04 9.120e+04 2632632044 
9.120e+04 9.550e+04 2801689336 
9.550e+04 1.000e+05 2974026563 
1.000e+05 1.047e+05 3143040596 
1.047e+05 1.096e+05 3322146122 
1.096e+05 1.148e+05 3489317063 
1.148e+05 1.202e+05 3662637226 
