1.000e+00 1.047e+00 4 
1.047e+00 1.096e+00 2 
1.096e+00 1.148e+00 8 
1.148e+00 1.202e+00 6 
1.202e+00 1.259e+00 6 
1.259e+00 1.318e+00 8 
1.318e+00 1.380e+00 2 
1.380e+00 1.445e+00 5 
1.445e+00 1.514e+00 7 
1.514e+00 1.585e+00 6 
1.585e+00 1.660e+00 2 
1.660e+00 1.738e+00 13 
1.738e+00 1.820e+00 6 
1.820e+00 1.905e+00 12 
1.905e+00 1.995e+00 10 
1.995e+00 2.089e+00 16 
2.089e+00 2.188e+00 20 
2.188e+00 2.291e+00 18 
2.291e+00 2.399e+00 21 
2.399e+00 2.512e+00 18 
2.512e+00 2.630e+00 19 
2.630e+00 2.754e+00 23 
2.754e+00 2.884e+00 20 
2.884e+00 3.020e+00 27 
3.020e+00 3.162e+00 40 
3.162e+00 3.311e+00 30 
3.311e+00 3.467e+00 46 
3.467e+00 3.631e+00 37 
3.631e+00 3.802e+00 45 
3.802e+00 3.981e+00 44 
3.981e+00 4.169e+00 43 
4.169e+00 4.365e+00 61 
4.365e+00 4.571e+00 52 
4.571e+00 4.786e+00 62 
4.786e+00 5.012e+00 83 
5.012e+00 5.248e+00 84 
5.248e+00 5.495e+00 98 
5.495e+00 5.754e+00 94 
5.754e+00 6.026e+00 143 
6.026e+00 6.310e+00 139 
6.310e+00 6.607e+00 126 
6.607e+00 6.918e+00 127 
6.918e+00 7.244e+00 151 
7.244e+00 7.586e+00 189 
7.586e+00 7.943e+00 184 
7.943e+00 8.318e+00 237 
8.318e+00 8.710e+00 223 
8.710e+00 9.120e+00 266 
9.120e+00 9.550e+00 293 
9.550e+00 1.000e+01 296 
1.000e+01 1.047e+01 334 
1.047e+01 1.096e+01 345 
1.096e+01 1.148e+01 451 
1.148e+01 1.202e+01 455 
1.202e+01 1.259e+01 454 
1.259e+01 1.318e+01 506 
1.318e+01 1.380e+01 578 
1.380e+01 1.445e+01 627 
1.445e+01 1.514e+01 639 
1.514e+01 1.585e+01 739 
1.585e+01 1.660e+01 816 
1.660e+01 1.738e+01 936 
1.738e+01 1.820e+01 979 
1.820e+01 1.905e+01 1103 
1.905e+01 1.995e+01 1195 
1.995e+01 2.089e+01 1364 
2.089e+01 2.188e+01 1412 
2.188e+01 2.291e+01 1577 
2.291e+01 2.399e+01 1751 
2.399e+01 2.512e+01 1860 
2.512e+01 2.630e+01 2136 
2.630e+01 2.754e+01 2303 
2.754e+01 2.884e+01 2555 
2.884e+01 3.020e+01 2790 
3.020e+01 3.162e+01 3025 
3.162e+01 3.311e+01 3317 
3.311e+01 3.467e+01 3669 
3.467e+01 3.631e+01 3985 
3.631e+01 3.802e+01 4500 
3.802e+01 3.981e+01 4777 
3.981e+01 4.169e+01 5211 
4.169e+01 4.365e+01 5733 
4.365e+01 4.571e+01 6303 
4.571e+01 4.786e+01 7061 
4.786e+01 5.012e+01 7578 
5.012e+01 5.248e+01 8359 
5.248e+01 5.495e+01 8948 
5.495e+01 5.754e+01 10082 
5.754e+01 6.026e+01 10943 
6.026e+01 6.310e+01 11785 
6.310e+01 6.607e+01 13372 
6.607e+01 6.918e+01 14603 
6.918e+01 7.244e+01 15844 
7.244e+01 7.586e+01 17442 
7.586e+01 7.943e+01 18923 
7.943e+01 8.318e+01 20869 
8.318e+01 8.710e+01 22916 
8.710e+01 9.120e+01 25054 
9.120e+01 9.550e+01 27522 
9.550e+01 1.000e+02 30108 
1.000e+02 1.047e+02 32995 
1.047e+02 1.096e+02 35956 
1.096e+02 1.148e+02 39464 
1.148e+02 1.202e+02 43288 
1.202e+02 1.259e+02 47589 
1.259e+02 1.318e+02 52232 
1.318e+02 1.380e+02 57288 
1.380e+02 1.445e+02 63172 
1.445e+02 1.514e+02 68980 
1.514e+02 1.585e+02 75361 
1.585e+02 1.660e+02 83028 
1.660e+02 1.738e+02 90708 
1.738e+02 1.820e+02 99678 
1.820e+02 1.905e+02 109013 
1.905e+02 1.995e+02 120022 
1.995e+02 2.089e+02 131117 
2.089e+02 2.188e+02 143780 
2.188e+02 2.291e+02 157772 
2.291e+02 2.399e+02 174088 
2.399e+02 2.512e+02 189659 
2.512e+02 2.630e+02 208438 
2.630e+02 2.754e+02 228767 
2.754e+02 2.884e+02 249573 
2.884e+02 3.020e+02 274865 
3.020e+02 3.162e+02 301481 
3.162e+02 3.311e+02 329159 
3.311e+02 3.467e+02 361879 
3.467e+02 3.631e+02 396365 
3.631e+02 3.802e+02 435056 
3.802e+02 3.981e+02 478014 
3.981e+02 4.169e+02 522758 
4.169e+02 4.365e+02 572814 
4.365e+02 4.571e+02 627806 
4.571e+02 4.786e+02 688678 
4.786e+02 5.012e+02 754912 
5.012e+02 5.248e+02 827386 
5.248e+02 5.495e+02 906818 
5.495e+02 5.754e+02 994906 
5.754e+02 6.026e+02 1089284 
6.026e+02 6.310e+02 1195705 
6.310e+02 6.607e+02 1309687 
6.607e+02 6.918e+02 1434772 
6.918e+02 7.244e+02 1572477 
7.244e+02 7.586e+02 1723265 
7.586e+02 7.943e+02 1895523 
7.943e+02 8.318e+02 2073710 
8.318e+02 8.710e+02 2273490 
8.710e+02 9.120e+02 2494452 
9.120e+02 9.550e+02 2728647 
9.550e+02 1.000e+03 2988930 
1.000e+03 1.047e+03 3276795 
1.047e+03 1.096e+03 3590962 
1.096e+03 1.148e+03 3940139 
1.148e+03 1.202e+03 4313606 
1.202e+03 1.259e+03 4733160 
1.259e+03 1.318e+03 5186104 
1.318e+03 1.380e+03 5686058 
1.380e+03 1.445e+03 6230907 
1.445e+03 1.514e+03 6840729 
1.514e+03 1.585e+03 7483970 
1.585e+03 1.660e+03 8199801 
1.660e+03 1.738e+03 8984696 
1.738e+03 1.820e+03 9845495 
1.820e+03 1.905e+03 10788163 
1.905e+03 1.995e+03 11812023 
1.995e+03 2.089e+03 12946960 
2.089e+03 2.188e+03 14181283 
2.188e+03 2.291e+03 15546754 
2.291e+03 2.399e+03 17021768 
2.399e+03 2.512e+03 18648371 
2.512e+03 2.630e+03 20432977 
2.630e+03 2.754e+03 22377657 
2.754e+03 2.884e+03 24516373 
2.884e+03 3.020e+03 26876666 
3.020e+03 3.162e+03 29422161 
3.162e+03 3.311e+03 32211810 
3.311e+03 3.467e+03 35284074 
3.467e+03 3.631e+03 38625098 
3.631e+03 3.802e+03 42291660 
3.802e+03 3.981e+03 46297409 
3.981e+03 4.169e+03 50722206 
4.169e+03 4.365e+03 55492410 
4.365e+03 4.571e+03 60728900 
4.571e+03 4.786e+03 66471164 
4.786e+03 5.012e+03 72730049 
5.012e+03 5.248e+03 79587401 
5.248e+03 5.495e+03 87116859 
5.495e+03 5.754e+03 95362269 
5.754e+03 6.026e+03 104347846 
6.026e+03 6.310e+03 114164273 
6.310e+03 6.607e+03 124970342 
6.607e+03 6.918e+03 136745192 
6.918e+03 7.244e+03 149573015 
7.244e+03 7.586e+03 163519379 
7.586e+03 7.943e+03 178954244 
7.943e+03 8.318e+03 195641042 
8.318e+03 8.710e+03 213807512 
8.710e+03 9.120e+03 233828959 
9.120e+03 9.550e+03 255804785 
9.550e+03 1.000e+04 279590233 
1.000e+04 1.047e+04 305626267 
1.047e+04 1.096e+04 334079945 
1.096e+04 1.148e+04 365111202 
1.148e+04 1.202e+04 399195230 
1.202e+04 1.259e+04 436274500 
1.259e+04 1.318e+04 476822875 
1.318e+04 1.380e+04 521032817 
1.380e+04 1.445e+04 569164023 
1.445e+04 1.514e+04 621431645 
1.514e+04 1.585e+04 678348025 
1.585e+04 1.660e+04 740611534 
1.660e+04 1.738e+04 807826832 
1.738e+04 1.820e+04 880665198 
1.820e+04 1.905e+04 960274477 
1.905e+04 1.995e+04 1045301480 
1.995e+04 2.089e+04 1137840862 
2.089e+04 2.188e+04 1237606383 
2.188e+04 2.291e+04 1346135773 
2.291e+04 2.399e+04 1465230035 
2.399e+04 2.512e+04 1592527305 
2.512e+04 2.630e+04 1730684868 
2.630e+04 2.754e+04 1881550682 
2.754e+04 2.884e+04 2045016863 
2.884e+04 3.020e+04 2220391847 
3.020e+04 3.162e+04 2410727977 
3.162e+04 3.311e+04 2614524613 
3.311e+04 3.467e+04 2833624968 
3.467e+04 3.631e+04 3070463461 
3.631e+04 3.802e+04 3324255816 
3.802e+04 3.981e+04 3598539756 
3.981e+04 4.169e+04 3896609754 
4.169e+04 4.365e+04 4217875141 
4.365e+04 4.571e+04 4564070760 
4.571e+04 4.786e+04 4938432329 
4.786e+04 5.012e+04 5340040284 
5.012e+04 5.248e+04 5766825068 
5.248e+04 5.495e+04 6219052854 
5.495e+04 5.754e+04 6702764325 
5.754e+04 6.026e+04 7221624115 
6.026e+04 6.310e+04 7776266985 
6.310e+04 6.607e+04 8355801241 
6.607e+04 6.918e+04 8978165728 
6.918e+04 7.244e+04 9638808801 
7.244e+04 7.586e+04 10323585485 
7.586e+04 7.943e+04 11056053842 
7.943e+04 8.318e+04 11835213991 
8.318e+04 8.710e+04 12640160520 
8.710e+04 9.120e+04 13472115576 
9.120e+04 9.550e+04 14359519716 
9.550e+04 1.000e+05 15263689619 
1.000e+05 1.047e+05 16182402020 
1.047e+05 1.096e+05 17107758649 
1.096e+05 1.148e+05 18067161150 
1.148e+05 1.202e+05 19060682198 
