1.000e+00 1.047e+00 9 
1.047e+00 1.096e+00 18 
1.096e+00 1.148e+00 22 
1.148e+00 1.202e+00 14 
1.202e+00 1.259e+00 9 
1.259e+00 1.318e+00 13 
1.318e+00 1.380e+00 12 
1.380e+00 1.445e+00 17 
1.445e+00 1.514e+00 24 
1.514e+00 1.585e+00 20 
1.585e+00 1.660e+00 26 
1.660e+00 1.738e+00 22 
1.738e+00 1.820e+00 34 
1.820e+00 1.905e+00 52 
1.905e+00 1.995e+00 37 
1.995e+00 2.089e+00 33 
2.089e+00 2.188e+00 47 
2.188e+00 2.291e+00 51 
2.291e+00 2.399e+00 51 
2.399e+00 2.512e+00 57 
2.512e+00 2.630e+00 81 
2.630e+00 2.754e+00 71 
2.754e+00 2.884e+00 85 
2.884e+00 3.020e+00 87 
3.020e+00 3.162e+00 81 
3.162e+00 3.311e+00 116 
3.311e+00 3.467e+00 109 
3.467e+00 3.631e+00 119 
3.631e+00 3.802e+00 145 
3.802e+00 3.981e+00 165 
3.981e+00 4.169e+00 130 
4.169e+00 4.365e+00 183 
4.365e+00 4.571e+00 194 
4.571e+00 4.786e+00 213 
4.786e+00 5.012e+00 210 
5.012e+00 5.248e+00 257 
5.248e+00 5.495e+00 276 
5.495e+00 5.754e+00 288 
5.754e+00 6.026e+00 314 
6.026e+00 6.310e+00 356 
6.310e+00 6.607e+00 401 
6.607e+00 6.918e+00 420 
6.918e+00 7.244e+00 470 
7.244e+00 7.586e+00 496 
7.586e+00 7.943e+00 536 
7.943e+00 8.318e+00 593 
8.318e+00 8.710e+00 666 
8.710e+00 9.120e+00 714 
9.120e+00 9.550e+00 795 
9.550e+00 1.000e+01 858 
1.000e+01 1.047e+01 948 
1.047e+01 1.096e+01 1030 
1.096e+01 1.148e+01 1134 
1.148e+01 1.202e+01 1245 
1.202e+01 1.259e+01 1381 
1.259e+01 1.318e+01 1511 
1.318e+01 1.380e+01 1616 
1.380e+01 1.445e+01 1820 
1.445e+01 1.514e+01 1957 
1.514e+01 1.585e+01 2115 
1.585e+01 1.660e+01 2425 
1.660e+01 1.738e+01 2479 
1.738e+01 1.820e+01 2642 
1.820e+01 1.905e+01 2933 
1.905e+01 1.995e+01 3415 
1.995e+01 2.089e+01 3599 
2.089e+01 2.188e+01 4029 
2.188e+01 2.291e+01 4328 
2.291e+01 2.399e+01 4633 
2.399e+01 2.512e+01 5224 
2.512e+01 2.630e+01 5529 
2.630e+01 2.754e+01 6203 
2.754e+01 2.884e+01 6516 
2.884e+01 3.020e+01 7250 
3.020e+01 3.162e+01 8048 
3.162e+01 3.311e+01 8701 
3.311e+01 3.467e+01 9623 
3.467e+01 3.631e+01 10469 
3.631e+01 3.802e+01 11338 
3.802e+01 3.981e+01 12421 
3.981e+01 4.169e+01 13479 
4.169e+01 4.365e+01 14548 
4.365e+01 4.571e+01 15962 
4.571e+01 4.786e+01 17603 
4.786e+01 5.012e+01 19081 
5.012e+01 5.248e+01 20729 
5.248e+01 5.495e+01 22885 
5.495e+01 5.754e+01 24849 
5.754e+01 6.026e+01 27369 
6.026e+01 6.310e+01 29598 
6.310e+01 6.607e+01 32574 
6.607e+01 6.918e+01 35048 
6.918e+01 7.244e+01 38394 
7.244e+01 7.586e+01 41984 
7.586e+01 7.943e+01 45386 
7.943e+01 8.318e+01 49495 
8.318e+01 8.710e+01 54123 
8.710e+01 9.120e+01 58664 
9.120e+01 9.550e+01 64324 
9.550e+01 1.000e+02 69410 
1.000e+02 1.047e+02 76656 
1.047e+02 1.096e+02 83046 
1.096e+02 1.148e+02 90250 
1.148e+02 1.202e+02 99031 
1.202e+02 1.259e+02 107135 
1.259e+02 1.318e+02 117192 
1.318e+02 1.380e+02 127688 
1.380e+02 1.445e+02 138836 
1.445e+02 1.514e+02 151498 
1.514e+02 1.585e+02 165562 
1.585e+02 1.660e+02 179932 
1.660e+02 1.738e+02 196100 
1.738e+02 1.820e+02 213666 
1.820e+02 1.905e+02 233546 
1.905e+02 1.995e+02 253791 
1.995e+02 2.089e+02 276879 
2.089e+02 2.188e+02 300796 
2.188e+02 2.291e+02 327083 
2.291e+02 2.399e+02 356742 
2.399e+02 2.512e+02 387415 
2.512e+02 2.630e+02 423763 
2.630e+02 2.754e+02 461971 
2.754e+02 2.884e+02 501673 
2.884e+02 3.020e+02 547320 
3.020e+02 3.162e+02 596007 
3.162e+02 3.311e+02 649845 
3.311e+02 3.467e+02 708117 
3.467e+02 3.631e+02 771792 
3.631e+02 3.802e+02 841250 
3.802e+02 3.981e+02 915937 
3.981e+02 4.169e+02 997527 
4.169e+02 4.365e+02 1086429 
4.365e+02 4.571e+02 1184741 
4.571e+02 4.786e+02 1289583 
4.786e+02 5.012e+02 1407694 
5.012e+02 5.248e+02 1532920 
5.248e+02 5.495e+02 1668481 
5.495e+02 5.754e+02 1813190 
5.754e+02 6.026e+02 1975578 
6.026e+02 6.310e+02 2150313 
6.310e+02 6.607e+02 2340747 
6.607e+02 6.918e+02 2552220 
6.918e+02 7.244e+02 2784430 
7.244e+02 7.586e+02 3030537 
7.586e+02 7.943e+02 3295460 
7.943e+02 8.318e+02 3589588 
8.318e+02 8.710e+02 3907589 
8.710e+02 9.120e+02 4250795 
9.120e+02 9.550e+02 4622609 
9.550e+02 1.000e+03 5024645 
1.000e+03 1.047e+03 5472245 
1.047e+03 1.096e+03 5949851 
1.096e+03 1.148e+03 6473074 
1.148e+03 1.202e+03 7047598 
1.202e+03 1.259e+03 7664597 
1.259e+03 1.318e+03 8329955 
1.318e+03 1.380e+03 9065343 
1.380e+03 1.445e+03 9856912 
1.445e+03 1.514e+03 10730019 
1.514e+03 1.585e+03 11665122 
1.585e+03 1.660e+03 12674199 
1.660e+03 1.738e+03 13784198 
1.738e+03 1.820e+03 14994309 
1.820e+03 1.905e+03 16308300 
1.905e+03 1.995e+03 17733011 
1.995e+03 2.089e+03 19278902 
2.089e+03 2.188e+03 20936569 
2.188e+03 2.291e+03 22750660 
2.291e+03 2.399e+03 24723779 
2.399e+03 2.512e+03 26851740 
2.512e+03 2.630e+03 29157640 
2.630e+03 2.754e+03 31686126 
2.754e+03 2.884e+03 34442962 
2.884e+03 3.020e+03 37406235 
3.020e+03 3.162e+03 40606500 
3.162e+03 3.311e+03 44101723 
3.311e+03 3.467e+03 47883031 
3.467e+03 3.631e+03 51986385 
3.631e+03 3.802e+03 56437896 
3.802e+03 3.981e+03 61242405 
3.981e+03 4.169e+03 66483303 
4.169e+03 4.365e+03 72133728 
4.365e+03 4.571e+03 78246806 
4.571e+03 4.786e+03 84880456 
4.786e+03 5.012e+03 92063393 
5.012e+03 5.248e+03 99834159 
5.248e+03 5.495e+03 108294962 
5.495e+03 5.754e+03 117471665 
5.754e+03 6.026e+03 127471910 
6.026e+03 6.310e+03 138199228 
6.310e+03 6.607e+03 149808425 
6.607e+03 6.918e+03 162354924 
6.918e+03 7.244e+03 175930830 
7.244e+03 7.586e+03 190633993 
7.586e+03 7.943e+03 206617659 
7.943e+03 8.318e+03 223904916 
8.318e+03 8.710e+03 242449255 
8.710e+03 9.120e+03 262502432 
9.120e+03 9.550e+03 284297543 
9.550e+03 1.000e+04 307929559 
1.000e+04 1.047e+04 333184132 
1.047e+04 1.096e+04 360414166 
1.096e+04 1.148e+04 390094472 
1.148e+04 1.202e+04 422217158 
1.202e+04 1.259e+04 456819016 
1.259e+04 1.318e+04 494170133 
1.318e+04 1.380e+04 534303348 
1.380e+04 1.445e+04 577709307 
1.445e+04 1.514e+04 624441046 
1.514e+04 1.585e+04 674870349 
1.585e+04 1.660e+04 729269502 
1.660e+04 1.738e+04 787926841 
1.738e+04 1.820e+04 850722103 
1.820e+04 1.905e+04 918566697 
1.905e+04 1.995e+04 991381611 
1.995e+04 2.089e+04 1069282408 
2.089e+04 2.188e+04 1153391463 
2.188e+04 2.291e+04 1243358127 
2.291e+04 2.399e+04 1340430152 
2.399e+04 2.512e+04 1444978325 
2.512e+04 2.630e+04 1557034374 
2.630e+04 2.754e+04 1677202729 
2.754e+04 2.884e+04 1805807975 
2.884e+04 3.020e+04 1943876895 
3.020e+04 3.162e+04 2090459555 
3.162e+04 3.311e+04 2247344962 
3.311e+04 3.467e+04 2415416362 
3.467e+04 3.631e+04 2595627176 
3.631e+04 3.802e+04 2788069707 
3.802e+04 3.981e+04 2992799211 
3.981e+04 4.169e+04 3210619363 
4.169e+04 4.365e+04 3441494439 
4.365e+04 4.571e+04 3686153919 
4.571e+04 4.786e+04 3944885167 
4.786e+04 5.012e+04 4221738919 
5.012e+04 5.248e+04 4514975059 
5.248e+04 5.495e+04 4824354970 
5.495e+04 5.754e+04 5152565661 
5.754e+04 6.026e+04 5500265884 
6.026e+04 6.310e+04 5866269607 
6.310e+04 6.607e+04 6252157389 
6.607e+04 6.918e+04 6657195843 
6.918e+04 7.244e+04 7079914767 
7.244e+04 7.586e+04 7522752827 
7.586e+04 7.943e+04 7984673943 
7.943e+04 8.318e+04 8464558384 
8.318e+04 8.710e+04 8963713550 
8.710e+04 9.120e+04 9477341625 
9.120e+04 9.550e+04 10000224045 
9.550e+04 1.000e+05 10539037224 
1.000e+05 1.047e+05 11089753678 
1.047e+05 1.096e+05 11649680730 
1.096e+05 1.148e+05 12208124792 
1.148e+05 1.202e+05 12761385627 
