1.000e+00 1.047e+00 684 
1.047e+00 1.096e+00 746 
1.096e+00 1.148e+00 739 
1.148e+00 1.202e+00 808 
1.202e+00 1.259e+00 861 
1.259e+00 1.318e+00 879 
1.318e+00 1.380e+00 922 
1.380e+00 1.445e+00 968 
1.445e+00 1.514e+00 1032 
1.514e+00 1.585e+00 1076 
1.585e+00 1.660e+00 1073 
1.660e+00 1.738e+00 1165 
1.738e+00 1.820e+00 1207 
1.820e+00 1.905e+00 1319 
1.905e+00 1.995e+00 1313 
1.995e+00 2.089e+00 1367 
2.089e+00 2.188e+00 1430 
2.188e+00 2.291e+00 1468 
2.291e+00 2.399e+00 1536 
2.399e+00 2.512e+00 1637 
2.512e+00 2.630e+00 1701 
2.630e+00 2.754e+00 1769 
2.754e+00 2.884e+00 1867 
2.884e+00 3.020e+00 1844 
3.020e+00 3.162e+00 1990 
3.162e+00 3.311e+00 2074 
3.311e+00 3.467e+00 2208 
3.467e+00 3.631e+00 2185 
3.631e+00 3.802e+00 2267 
3.802e+00 3.981e+00 2414 
3.981e+00 4.169e+00 2516 
4.169e+00 4.365e+00 2674 
4.365e+00 4.571e+00 2655 
4.571e+00 4.786e+00 2799 
4.786e+00 5.012e+00 2908 
5.012e+00 5.248e+00 3063 
5.248e+00 5.495e+00 3176 
5.495e+00 5.754e+00 3384 
5.754e+00 6.026e+00 3442 
6.026e+00 6.310e+00 3605 
6.310e+00 6.607e+00 3756 
6.607e+00 6.918e+00 3882 
6.918e+00 7.244e+00 4099 
7.244e+00 7.586e+00 4379 
7.586e+00 7.943e+00 4379 
7.943e+00 8.318e+00 4646 
8.318e+00 8.710e+00 4871 
8.710e+00 9.120e+00 4909 
9.120e+00 9.550e+00 5278 
9.550e+00 1.000e+01 5624 
1.000e+01 1.047e+01 5663 
1.047e+01 1.096e+01 6083 
1.096e+01 1.148e+01 6304 
1.148e+01 1.202e+01 6754 
1.202e+01 1.259e+01 6748 
1.259e+01 1.318e+01 7156 
1.318e+01 1.380e+01 7677 
1.380e+01 1.445e+01 7941 
1.445e+01 1.514e+01 8266 
1.514e+01 1.585e+01 8769 
1.585e+01 1.660e+01 9120 
1.660e+01 1.738e+01 9692 
1.738e+01 1.820e+01 10102 
1.820e+01 1.905e+01 10714 
1.905e+01 1.995e+01 11353 
1.995e+01 2.089e+01 11777 
2.089e+01 2.188e+01 12367 
2.188e+01 2.291e+01 13090 
2.291e+01 2.399e+01 14086 
2.399e+01 2.512e+01 14629 
2.512e+01 2.630e+01 15786 
2.630e+01 2.754e+01 16779 
2.754e+01 2.884e+01 17684 
2.884e+01 3.020e+01 18723 
3.020e+01 3.162e+01 19938 
3.162e+01 3.311e+01 21094 
3.311e+01 3.467e+01 22318 
3.467e+01 3.631e+01 24025 
3.631e+01 3.802e+01 25372 
3.802e+01 3.981e+01 26691 
3.981e+01 4.169e+01 28774 
4.169e+01 4.365e+01 30959 
4.365e+01 4.571e+01 33104 
4.571e+01 4.786e+01 35232 
4.786e+01 5.012e+01 37508 
5.012e+01 5.248e+01 40475 
5.248e+01 5.495e+01 43432 
5.495e+01 5.754e+01 45971 
5.754e+01 6.026e+01 50230 
6.026e+01 6.310e+01 53480 
6.310e+01 6.607e+01 57397 
6.607e+01 6.918e+01 61149 
6.918e+01 7.244e+01 66035 
7.244e+01 7.586e+01 71425 
7.586e+01 7.943e+01 76045 
7.943e+01 8.318e+01 80738 
8.318e+01 8.710e+01 87521 
8.710e+01 9.120e+01 93721 
9.120e+01 9.550e+01 100235 
9.550e+01 1.000e+02 106627 
1.000e+02 1.047e+02 116476 
1.047e+02 1.096e+02 124008 
1.096e+02 1.148e+02 132921 
1.148e+02 1.202e+02 142939 
1.202e+02 1.259e+02 152868 
1.259e+02 1.318e+02 163828 
1.318e+02 1.380e+02 176769 
1.380e+02 1.445e+02 188513 
1.445e+02 1.514e+02 202155 
1.514e+02 1.585e+02 216708 
1.585e+02 1.660e+02 234139 
1.660e+02 1.738e+02 249513 
1.738e+02 1.820e+02 267122 
1.820e+02 1.905e+02 286488 
1.905e+02 1.995e+02 306661 
1.995e+02 2.089e+02 329215 
2.089e+02 2.188e+02 352348 
2.188e+02 2.291e+02 377576 
2.291e+02 2.399e+02 404990 
2.399e+02 2.512e+02 433798 
2.512e+02 2.630e+02 464915 
2.630e+02 2.754e+02 499294 
2.754e+02 2.884e+02 535514 
2.884e+02 3.020e+02 574739 
3.020e+02 3.162e+02 617550 
3.162e+02 3.311e+02 662741 
3.311e+02 3.467e+02 711420 
3.467e+02 3.631e+02 765816 
3.631e+02 3.802e+02 820645 
3.802e+02 3.981e+02 883907 
3.981e+02 4.169e+02 950745 
4.169e+02 4.365e+02 1021966 
4.365e+02 4.571e+02 1097259 
4.571e+02 4.786e+02 1183414 
4.786e+02 5.012e+02 1274083 
5.012e+02 5.248e+02 1370978 
5.248e+02 5.495e+02 1477430 
5.495e+02 5.754e+02 1593875 
5.754e+02 6.026e+02 1713519 
6.026e+02 6.310e+02 1848113 
6.310e+02 6.607e+02 1990238 
6.607e+02 6.918e+02 2149949 
6.918e+02 7.244e+02 2315532 
7.244e+02 7.586e+02 2499642 
7.586e+02 7.943e+02 2698120 
7.943e+02 8.318e+02 2914454 
8.318e+02 8.710e+02 3141416 
8.710e+02 9.120e+02 3396849 
9.120e+02 9.550e+02 3673898 
9.550e+02 1.000e+03 3972572 
1.000e+03 1.047e+03 4296678 
1.047e+03 1.096e+03 4644763 
1.096e+03 1.148e+03 5020072 
1.148e+03 1.202e+03 5428775 
1.202e+03 1.259e+03 5868568 
1.259e+03 1.318e+03 6355205 
1.318e+03 1.380e+03 6871103 
1.380e+03 1.445e+03 7443172 
1.445e+03 1.514e+03 8042085 
1.514e+03 1.585e+03 8721544 
1.585e+03 1.660e+03 9448801 
1.660e+03 1.738e+03 10244483 
1.738e+03 1.820e+03 11095007 
1.820e+03 1.905e+03 12026181 
1.905e+03 1.995e+03 13050332 
1.995e+03 2.089e+03 14168016 
2.089e+03 2.188e+03 15387394 
2.188e+03 2.291e+03 16692964 
2.291e+03 2.399e+03 18130732 
2.399e+03 2.512e+03 19690993 
2.512e+03 2.630e+03 21409536 
2.630e+03 2.754e+03 23280709 
2.754e+03 2.884e+03 25310961 
2.884e+03 3.020e+03 27519014 
3.020e+03 3.162e+03 29949178 
3.162e+03 3.311e+03 32575991 
3.311e+03 3.467e+03 35463338 
3.467e+03 3.631e+03 38606318 
3.631e+03 3.802e+03 42087029 
3.802e+03 3.981e+03 45886671 
3.981e+03 4.169e+03 50014194 
4.169e+03 4.365e+03 54545384 
4.365e+03 4.571e+03 59561577 
4.571e+03 4.786e+03 65004470 
4.786e+03 5.012e+03 70979607 
5.012e+03 5.248e+03 77610333 
5.248e+03 5.495e+03 84781982 
5.495e+03 5.754e+03 92678093 
5.754e+03 6.026e+03 101241883 
6.026e+03 6.310e+03 110556638 
6.310e+03 6.607e+03 120789908 
6.607e+03 6.918e+03 132110556 
6.918e+03 7.244e+03 144471792 
7.244e+03 7.586e+03 157903166 
7.586e+03 7.943e+03 172485276 
7.943e+03 8.318e+03 188351121 
8.318e+03 8.710e+03 205626841 
8.710e+03 9.120e+03 224592447 
9.120e+03 9.550e+03 245549788 
9.550e+03 1.000e+04 268459534 
1.000e+04 1.047e+04 293589560 
1.047e+04 1.096e+04 320861167 
1.096e+04 1.148e+04 351116926 
1.148e+04 1.202e+04 384192557 
1.202e+04 1.259e+04 419791630 
1.259e+04 1.318e+04 458655984 
1.318e+04 1.380e+04 500737993 
1.380e+04 1.445e+04 548284702 
1.445e+04 1.514e+04 598920816 
1.514e+04 1.585e+04 654531523 
1.585e+04 1.660e+04 715009629 
1.660e+04 1.738e+04 782150627 
1.738e+04 1.820e+04 854668547 
1.820e+04 1.905e+04 933531410 
1.905e+04 1.995e+04 1018463659 
1.995e+04 2.089e+04 1110970074 
2.089e+04 2.188e+04 1211599567 
2.188e+04 2.291e+04 1320115129 
2.291e+04 2.399e+04 1439274368 
2.399e+04 2.512e+04 1568353233 
2.512e+04 2.630e+04 1711673237 
2.630e+04 2.754e+04 1865692263 
2.754e+04 2.884e+04 2028667065 
2.884e+04 3.020e+04 2207828566 
3.020e+04 3.162e+04 2409770292 
3.162e+04 3.311e+04 2626457385 
3.311e+04 3.467e+04 2855139324 
3.467e+04 3.631e+04 3106489722 
3.631e+04 3.802e+04 3371131753 
3.802e+04 3.981e+04 3656378665 
3.981e+04 4.169e+04 3969376803 
4.169e+04 4.365e+04 4299077482 
4.365e+04 4.571e+04 4661733430 
4.571e+04 4.786e+04 5046377570 
4.786e+04 5.012e+04 5461177678 
5.012e+04 5.248e+04 5895156735 
5.248e+04 5.495e+04 6368996757 
5.495e+04 5.754e+04 6870662564 
5.754e+04 6.026e+04 7404128839 
6.026e+04 6.310e+04 7965879371 
6.310e+04 6.607e+04 8566413300 
6.607e+04 6.918e+04 9212466000 
6.918e+04 7.244e+04 9898445098 
7.244e+04 7.586e+04 10613772318 
7.586e+04 7.943e+04 11363874782 
7.943e+04 8.318e+04 12122778885 
8.318e+04 8.710e+04 12949136530 
8.710e+04 9.120e+04 13812826635 
9.120e+04 9.550e+04 14723128567 
9.550e+04 1.000e+05 15609308490 
1.000e+05 1.047e+05 16523185610 
1.047e+05 1.096e+05 17470653998 
1.096e+05 1.148e+05 18439909913 
1.148e+05 1.202e+05 19360056725 
