1.000e+00 1.047e+00 15792683 
1.047e+00 1.096e+00 17171035 
1.096e+00 1.148e+00 18685608 
1.148e+00 1.202e+00 20332777 
1.202e+00 1.259e+00 22112338 
1.259e+00 1.318e+00 24040696 
1.318e+00 1.380e+00 26163956 
1.380e+00 1.445e+00 28433594 
1.445e+00 1.514e+00 30926839 
1.514e+00 1.585e+00 33623388 
1.585e+00 1.660e+00 36540298 
1.660e+00 1.738e+00 39725404 
1.738e+00 1.820e+00 43181160 
1.820e+00 1.905e+00 46952315 
1.905e+00 1.995e+00 51071432 
1.995e+00 2.089e+00 55515515 
2.089e+00 2.188e+00 60332011 
2.188e+00 2.291e+00 65556750 
2.291e+00 2.399e+00 71208329 
2.399e+00 2.512e+00 77314440 
2.512e+00 2.630e+00 83970091 
2.630e+00 2.754e+00 91233366 
2.754e+00 2.884e+00 99165100 
2.884e+00 3.020e+00 107651054 
3.020e+00 3.162e+00 116917703 
3.162e+00 3.311e+00 126917258 
3.311e+00 3.467e+00 137792193 
3.467e+00 3.631e+00 149575419 
3.631e+00 3.802e+00 162356734 
3.802e+00 3.981e+00 176284711 
3.981e+00 4.169e+00 191245551 
4.169e+00 4.365e+00 207604841 
4.365e+00 4.571e+00 225277341 
4.571e+00 4.786e+00 244498409 
4.786e+00 5.012e+00 265151381 
5.012e+00 5.248e+00 287519697 
5.248e+00 5.495e+00 311846084 
5.495e+00 5.754e+00 338316220 
5.754e+00 6.026e+00 366709388 
6.026e+00 6.310e+00 397529791 
6.310e+00 6.607e+00 431084321 
6.607e+00 6.918e+00 467341117 
6.918e+00 7.244e+00 506419063 
7.244e+00 7.586e+00 549006365 
7.586e+00 7.943e+00 594910698 
7.943e+00 8.318e+00 644813214 
8.318e+00 8.710e+00 698617987 
8.710e+00 9.120e+00 756926553 
9.120e+00 9.550e+00 820105239 
9.550e+00 1.000e+01 888529802 
1.000e+01 1.047e+01 962341793 
1.047e+01 1.096e+01 1042148309 
1.096e+01 1.148e+01 1128652462 
1.148e+01 1.202e+01 1222216650 
1.202e+01 1.259e+01 1323158149 
1.259e+01 1.318e+01 1432194749 
1.318e+01 1.380e+01 1549577720 
1.380e+01 1.445e+01 1675461878 
1.445e+01 1.514e+01 1812256413 
1.514e+01 1.585e+01 1960425829 
1.585e+01 1.660e+01 2119699878 
1.660e+01 1.738e+01 2290832521 
1.738e+01 1.820e+01 2476205477 
1.820e+01 1.905e+01 2675237808 
1.905e+01 1.995e+01 2890674155 
1.995e+01 2.089e+01 3123125026 
2.089e+01 2.188e+01 3371504650 
2.188e+01 2.291e+01 3637484967 
2.291e+01 2.399e+01 3925290804 
2.399e+01 2.512e+01 4232826045 
2.512e+01 2.630e+01 4561433065 
2.630e+01 2.754e+01 4914081138 
2.754e+01 2.884e+01 5293816937 
2.884e+01 3.020e+01 5700480494 
3.020e+01 3.162e+01 6131064378 
3.162e+01 3.311e+01 6590507655 
3.311e+01 3.467e+01 7082993545 
3.467e+01 3.631e+01 7608862396 
3.631e+01 3.802e+01 8174943177 
3.802e+01 3.981e+01 8782078861 
3.981e+01 4.169e+01 9427419083 
4.169e+01 4.365e+01 10111024690 
4.365e+01 4.571e+01 10831005974 
4.571e+01 4.786e+01 11593748459 
4.786e+01 5.012e+01 12395881836 
5.012e+01 5.248e+01 13242144296 
5.248e+01 5.495e+01 14128221737 
5.495e+01 5.754e+01 15071490435 
5.754e+01 6.026e+01 16061921633 
6.026e+01 6.310e+01 17100781420 
6.310e+01 6.607e+01 18190001156 
6.607e+01 6.918e+01 19306073843 
6.918e+01 7.244e+01 20463102683 
7.244e+01 7.586e+01 21649644765 
7.586e+01 7.943e+01 22861910453 
7.943e+01 8.318e+01 24088184736 
8.318e+01 8.710e+01 25333763540 
8.710e+01 9.120e+01 26598056592 
9.120e+01 9.550e+01 27804032272 
9.550e+01 1.000e+02 28975909351 
1.000e+02 1.047e+02 30111641005 
1.047e+02 1.096e+02 31138057164 
1.096e+02 1.148e+02 32017844180 
1.148e+02 1.202e+02 32682354053 
1.202e+02 1.259e+02 33071820309 
1.259e+02 1.318e+02 33146209097 
1.318e+02 1.380e+02 32767732830 
1.380e+02 1.445e+02 31706346957 
1.445e+02 1.514e+02 29865770390 
1.514e+02 1.585e+02 26957500122 
1.585e+02 1.660e+02 22469758396 
1.660e+02 1.738e+02 15711708302 
1.738e+02 1.820e+02 4907879408 
1.820e+02 1.905e+02 0 
1.905e+02 1.995e+02 0 
1.995e+02 2.089e+02 0 
2.089e+02 2.188e+02 0 
2.188e+02 2.291e+02 0 
2.291e+02 2.399e+02 0 
2.399e+02 2.512e+02 0 
2.512e+02 2.630e+02 0 
2.630e+02 2.754e+02 0 
2.754e+02 2.884e+02 0 
2.884e+02 3.020e+02 0 
3.020e+02 3.162e+02 0 
3.162e+02 3.311e+02 0 
3.311e+02 3.467e+02 0 
3.467e+02 3.631e+02 0 
3.631e+02 3.802e+02 0 
3.802e+02 3.981e+02 0 
3.981e+02 4.169e+02 0 
4.169e+02 4.365e+02 0 
4.365e+02 4.571e+02 0 
4.571e+02 4.786e+02 0 
4.786e+02 5.012e+02 0 
5.012e+02 5.248e+02 0 
5.248e+02 5.495e+02 0 
5.495e+02 5.754e+02 0 
5.754e+02 6.026e+02 0 
6.026e+02 6.310e+02 0 
6.310e+02 6.607e+02 0 
6.607e+02 6.918e+02 0 
6.918e+02 7.244e+02 0 
7.244e+02 7.586e+02 0 
7.586e+02 7.943e+02 0 
7.943e+02 8.318e+02 0 
8.318e+02 8.710e+02 0 
8.710e+02 9.120e+02 0 
9.120e+02 9.550e+02 0 
9.550e+02 1.000e+03 0 
1.000e+03 1.047e+03 0 
1.047e+03 1.096e+03 0 
1.096e+03 1.148e+03 0 
1.148e+03 1.202e+03 0 
1.202e+03 1.259e+03 0 
1.259e+03 1.318e+03 0 
1.318e+03 1.380e+03 0 
1.380e+03 1.445e+03 0 
1.445e+03 1.514e+03 0 
1.514e+03 1.585e+03 0 
1.585e+03 1.660e+03 0 
1.660e+03 1.738e+03 0 
1.738e+03 1.820e+03 0 
1.820e+03 1.905e+03 0 
1.905e+03 1.995e+03 0 
1.995e+03 2.089e+03 0 
2.089e+03 2.188e+03 0 
2.188e+03 2.291e+03 0 
2.291e+03 2.399e+03 0 
2.399e+03 2.512e+03 0 
2.512e+03 2.630e+03 0 
2.630e+03 2.754e+03 0 
2.754e+03 2.884e+03 0 
2.884e+03 3.020e+03 0 
3.020e+03 3.162e+03 0 
3.162e+03 3.311e+03 0 
3.311e+03 3.467e+03 0 
3.467e+03 3.631e+03 0 
3.631e+03 3.802e+03 0 
3.802e+03 3.981e+03 0 
3.981e+03 4.169e+03 0 
4.169e+03 4.365e+03 0 
4.365e+03 4.571e+03 0 
4.571e+03 4.786e+03 0 
4.786e+03 5.012e+03 0 
5.012e+03 5.248e+03 0 
5.248e+03 5.495e+03 0 
5.495e+03 5.754e+03 0 
5.754e+03 6.026e+03 0 
6.026e+03 6.310e+03 0 
6.310e+03 6.607e+03 0 
6.607e+03 6.918e+03 0 
6.918e+03 7.244e+03 0 
7.244e+03 7.586e+03 0 
7.586e+03 7.943e+03 0 
7.943e+03 8.318e+03 0 
8.318e+03 8.710e+03 0 
8.710e+03 9.120e+03 0 
9.120e+03 9.550e+03 0 
9.550e+03 1.000e+04 0 
1.000e+04 1.047e+04 0 
1.047e+04 1.096e+04 0 
1.096e+04 1.148e+04 0 
1.148e+04 1.202e+04 0 
1.202e+04 1.259e+04 0 
1.259e+04 1.318e+04 0 
1.318e+04 1.380e+04 0 
1.380e+04 1.445e+04 0 
1.445e+04 1.514e+04 0 
1.514e+04 1.585e+04 0 
1.585e+04 1.660e+04 0 
1.660e+04 1.738e+04 0 
1.738e+04 1.820e+04 0 
1.820e+04 1.905e+04 0 
1.905e+04 1.995e+04 0 
1.995e+04 2.089e+04 0 
2.089e+04 2.188e+04 0 
2.188e+04 2.291e+04 0 
2.291e+04 2.399e+04 0 
2.399e+04 2.512e+04 0 
2.512e+04 2.630e+04 0 
2.630e+04 2.754e+04 0 
2.754e+04 2.884e+04 0 
2.884e+04 3.020e+04 0 
3.020e+04 3.162e+04 0 
3.162e+04 3.311e+04 0 
3.311e+04 3.467e+04 0 
3.467e+04 3.631e+04 0 
3.631e+04 3.802e+04 0 
3.802e+04 3.981e+04 0 
3.981e+04 4.169e+04 0 
4.169e+04 4.365e+04 0 
4.365e+04 4.571e+04 0 
4.571e+04 4.786e+04 0 
4.786e+04 5.012e+04 0 
5.012e+04 5.248e+04 0 
5.248e+04 5.495e+04 0 
5.495e+04 5.754e+04 0 
5.754e+04 6.026e+04 0 
6.026e+04 6.310e+04 0 
6.310e+04 6.607e+04 0 
6.607e+04 6.918e+04 0 
6.918e+04 7.244e+04 0 
7.244e+04 7.586e+04 0 
7.586e+04 7.943e+04 0 
7.943e+04 8.318e+04 0 
8.318e+04 8.710e+04 0 
8.710e+04 9.120e+04 0 
9.120e+04 9.550e+04 0 
9.550e+04 1.000e+05 0 
1.000e+05 1.047e+05 0 
1.047e+05 1.096e+05 0 
1.096e+05 1.148e+05 0 
1.148e+05 1.202e+05 0 
