1.000e+00 1.047e+00 1 
1.047e+00 1.096e+00 3 
1.096e+00 1.148e+00 2 
1.148e+00 1.202e+00 2 
1.202e+00 1.259e+00 1 
1.259e+00 1.318e+00 7 
1.318e+00 1.380e+00 4 
1.380e+00 1.445e+00 4 
1.445e+00 1.514e+00 4 
1.514e+00 1.585e+00 8 
1.585e+00 1.660e+00 7 
1.660e+00 1.738e+00 6 
1.738e+00 1.820e+00 8 
1.820e+00 1.905e+00 4 
1.905e+00 1.995e+00 4 
1.995e+00 2.089e+00 6 
2.089e+00 2.188e+00 15 
2.188e+00 2.291e+00 7 
2.291e+00 2.399e+00 10 
2.399e+00 2.512e+00 15 
2.512e+00 2.630e+00 14 
2.630e+00 2.754e+00 10 
2.754e+00 2.884e+00 16 
2.884e+00 3.020e+00 18 
3.020e+00 3.162e+00 21 
3.162e+00 3.311e+00 24 
3.311e+00 3.467e+00 23 
3.467e+00 3.631e+00 28 
3.631e+00 3.802e+00 34 
3.802e+00 3.981e+00 31 
3.981e+00 4.169e+00 31 
4.169e+00 4.365e+00 43 
4.365e+00 4.571e+00 52 
4.571e+00 4.786e+00 49 
4.786e+00 5.012e+00 60 
5.012e+00 5.248e+00 55 
5.248e+00 5.495e+00 60 
5.495e+00 5.754e+00 58 
5.754e+00 6.026e+00 54 
6.026e+00 6.310e+00 84 
6.310e+00 6.607e+00 92 
6.607e+00 6.918e+00 108 
6.918e+00 7.244e+00 102 
7.244e+00 7.586e+00 125 
7.586e+00 7.943e+00 138 
7.943e+00 8.318e+00 133 
8.318e+00 8.710e+00 162 
8.710e+00 9.120e+00 176 
9.120e+00 9.550e+00 171 
9.550e+00 1.000e+01 190 
1.000e+01 1.047e+01 200 
1.047e+01 1.096e+01 232 
1.096e+01 1.148e+01 277 
1.148e+01 1.202e+01 307 
1.202e+01 1.259e+01 336 
1.259e+01 1.318e+01 371 
1.318e+01 1.380e+01 404 
1.380e+01 1.445e+01 416 
1.445e+01 1.514e+01 461 
1.514e+01 1.585e+01 487 
1.585e+01 1.660e+01 543 
1.660e+01 1.738e+01 632 
1.738e+01 1.820e+01 666 
1.820e+01 1.905e+01 708 
1.905e+01 1.995e+01 838 
1.995e+01 2.089e+01 890 
2.089e+01 2.188e+01 1002 
2.188e+01 2.291e+01 1160 
2.291e+01 2.399e+01 1188 
2.399e+01 2.512e+01 1305 
2.512e+01 2.630e+01 1457 
2.630e+01 2.754e+01 1538 
2.754e+01 2.884e+01 1688 
2.884e+01 3.020e+01 1900 
3.020e+01 3.162e+01 2115 
3.162e+01 3.311e+01 2261 
3.311e+01 3.467e+01 2390 
3.467e+01 3.631e+01 2819 
3.631e+01 3.802e+01 2982 
3.802e+01 3.981e+01 3270 
3.981e+01 4.169e+01 3677 
4.169e+01 4.365e+01 3999 
4.365e+01 4.571e+01 4365 
4.571e+01 4.786e+01 4858 
4.786e+01 5.012e+01 5305 
5.012e+01 5.248e+01 5630 
5.248e+01 5.495e+01 6418 
5.495e+01 5.754e+01 6799 
5.754e+01 6.026e+01 7424 
6.026e+01 6.310e+01 8232 
6.310e+01 6.607e+01 8973 
6.607e+01 6.918e+01 9973 
6.918e+01 7.244e+01 10905 
7.244e+01 7.586e+01 11732 
7.586e+01 7.943e+01 13145 
7.943e+01 8.318e+01 14298 
8.318e+01 8.710e+01 15779 
8.710e+01 9.120e+01 17268 
9.120e+01 9.550e+01 19138 
9.550e+01 1.000e+02 20651 
1.000e+02 1.047e+02 22650 
1.047e+02 1.096e+02 24966 
1.096e+02 1.148e+02 27571 
1.148e+02 1.202e+02 29892 
1.202e+02 1.259e+02 32918 
1.259e+02 1.318e+02 35967 
1.318e+02 1.380e+02 39501 
1.380e+02 1.445e+02 43160 
1.445e+02 1.514e+02 47494 
1.514e+02 1.585e+02 51877 
1.585e+02 1.660e+02 57015 
1.660e+02 1.738e+02 62525 
1.738e+02 1.820e+02 68631 
1.820e+02 1.905e+02 75032 
1.905e+02 1.995e+02 82571 
1.995e+02 2.089e+02 90453 
2.089e+02 2.188e+02 99340 
2.188e+02 2.291e+02 107914 
2.291e+02 2.399e+02 118396 
2.399e+02 2.512e+02 129669 
2.512e+02 2.630e+02 142454 
2.630e+02 2.754e+02 156268 
2.754e+02 2.884e+02 170563 
2.884e+02 3.020e+02 188280 
3.020e+02 3.162e+02 206053 
3.162e+02 3.311e+02 226797 
3.311e+02 3.467e+02 247396 
3.467e+02 3.631e+02 272565 
3.631e+02 3.802e+02 299137 
3.802e+02 3.981e+02 327271 
3.981e+02 4.169e+02 357709 
4.169e+02 4.365e+02 392341 
4.365e+02 4.571e+02 430231 
4.571e+02 4.786e+02 471453 
4.786e+02 5.012e+02 516821 
5.012e+02 5.248e+02 566633 
5.248e+02 5.495e+02 620451 
5.495e+02 5.754e+02 680518 
5.754e+02 6.026e+02 745592 
6.026e+02 6.310e+02 816293 
6.310e+02 6.607e+02 897624 
6.607e+02 6.918e+02 983281 
6.918e+02 7.244e+02 1077665 
7.244e+02 7.586e+02 1181097 
7.586e+02 7.943e+02 1294104 
7.943e+02 8.318e+02 1417530 
8.318e+02 8.710e+02 1551700 
8.710e+02 9.120e+02 1702386 
9.120e+02 9.550e+02 1865554 
9.550e+02 1.000e+03 2043689 
1.000e+03 1.047e+03 2237321 
1.047e+03 1.096e+03 2453636 
1.096e+03 1.148e+03 2691190 
1.148e+03 1.202e+03 2945942 
1.202e+03 1.259e+03 3230498 
1.259e+03 1.318e+03 3539417 
1.318e+03 1.380e+03 3879535 
1.380e+03 1.445e+03 4248539 
1.445e+03 1.514e+03 4649778 
1.514e+03 1.585e+03 5092172 
1.585e+03 1.660e+03 5585724 
1.660e+03 1.738e+03 6115489 
1.738e+03 1.820e+03 6691179 
1.820e+03 1.905e+03 7332045 
1.905e+03 1.995e+03 8022156 
1.995e+03 2.089e+03 8790580 
2.089e+03 2.188e+03 9615955 
2.188e+03 2.291e+03 10526638 
2.291e+03 2.399e+03 11514573 
2.399e+03 2.512e+03 12610847 
2.512e+03 2.630e+03 13791665 
2.630e+03 2.754e+03 15106723 
2.754e+03 2.884e+03 16527129 
2.884e+03 3.020e+03 18084798 
3.020e+03 3.162e+03 19794308 
3.162e+03 3.311e+03 21653888 
3.311e+03 3.467e+03 23696823 
3.467e+03 3.631e+03 25936086 
3.631e+03 3.802e+03 28378497 
3.802e+03 3.981e+03 31021715 
3.981e+03 4.169e+03 33950073 
4.169e+03 4.365e+03 37163190 
4.365e+03 4.571e+03 40642785 
4.571e+03 4.786e+03 44480445 
4.786e+03 5.012e+03 48690155 
5.012e+03 5.248e+03 53256234 
5.248e+03 5.495e+03 58300389 
5.495e+03 5.754e+03 63799789 
5.754e+03 6.026e+03 69778174 
6.026e+03 6.310e+03 76326132 
6.310e+03 6.607e+03 83475084 
6.607e+03 6.918e+03 91339942 
6.918e+03 7.244e+03 99941799 
7.244e+03 7.586e+03 109325981 
7.586e+03 7.943e+03 119585112 
7.943e+03 8.318e+03 130764757 
8.318e+03 8.710e+03 143019168 
8.710e+03 9.120e+03 156450229 
9.120e+03 9.550e+03 171054297 
9.550e+03 1.000e+04 187110435 
1.000e+04 1.047e+04 204613257 
1.047e+04 1.096e+04 223748942 
1.096e+04 1.148e+04 244579004 
1.148e+04 1.202e+04 267370939 
1.202e+04 1.259e+04 292217397 
1.259e+04 1.318e+04 319299123 
1.318e+04 1.380e+04 348711091 
1.380e+04 1.445e+04 381155430 
1.445e+04 1.514e+04 416501971 
1.514e+04 1.585e+04 454722910 
1.585e+04 1.660e+04 496410765 
1.660e+04 1.738e+04 541940804 
1.738e+04 1.820e+04 591565064 
1.820e+04 1.905e+04 645563102 
1.905e+04 1.995e+04 704434609 
1.995e+04 2.089e+04 768158310 
2.089e+04 2.188e+04 837369614 
2.188e+04 2.291e+04 912390574 
2.291e+04 2.399e+04 993800995 
2.399e+04 2.512e+04 1081522864 
2.512e+04 2.630e+04 1176543714 
2.630e+04 2.754e+04 1279678532 
2.754e+04 2.884e+04 1391860525 
2.884e+04 3.020e+04 1514159581 
3.020e+04 3.162e+04 1647344282 
3.162e+04 3.311e+04 1790930592 
3.311e+04 3.467e+04 1946604534 
3.467e+04 3.631e+04 2113813315 
3.631e+04 3.802e+04 2296669522 
3.802e+04 3.981e+04 2492348169 
3.981e+04 4.169e+04 2703514359 
4.169e+04 4.365e+04 2931097264 
4.365e+04 4.571e+04 3173586140 
4.571e+04 4.786e+04 3428322976 
4.786e+04 5.012e+04 3698259551 
5.012e+04 5.248e+04 3991690858 
5.248e+04 5.495e+04 4302183363 
5.495e+04 5.754e+04 4634396381 
5.754e+04 6.026e+04 4995750141 
6.026e+04 6.310e+04 5382051737 
6.310e+04 6.607e+04 5795022706 
6.607e+04 6.918e+04 6228743890 
6.918e+04 7.244e+04 6684744311 
7.244e+04 7.586e+04 7161456926 
7.586e+04 7.943e+04 7664654901 
7.943e+04 8.318e+04 8187462080 
8.318e+04 8.710e+04 8735786062 
8.710e+04 9.120e+04 9318843295 
9.120e+04 9.550e+04 9928939633 
9.550e+04 1.000e+05 10548468082 
1.000e+05 1.047e+05 11171682200 
1.047e+05 1.096e+05 11764617192 
1.096e+05 1.148e+05 12334155739 
1.148e+05 1.202e+05 12972254868 
