1.000e+00 1.047e+00 13413840 
1.047e+00 1.096e+00 14597356 
1.096e+00 1.148e+00 15882639 
1.148e+00 1.202e+00 17275272 
1.202e+00 1.259e+00 18797734 
1.259e+00 1.318e+00 20436270 
1.318e+00 1.380e+00 22225609 
1.380e+00 1.445e+00 24168728 
1.445e+00 1.514e+00 26295956 
1.514e+00 1.585e+00 28599442 
1.585e+00 1.660e+00 31083553 
1.660e+00 1.738e+00 33799075 
1.738e+00 1.820e+00 36783710 
1.820e+00 1.905e+00 39998929 
1.905e+00 1.995e+00 43520251 
1.995e+00 2.089e+00 47306054 
2.089e+00 2.188e+00 51436713 
2.188e+00 2.291e+00 55883957 
2.291e+00 2.399e+00 60713218 
2.399e+00 2.512e+00 65992889 
2.512e+00 2.630e+00 71724018 
2.630e+00 2.754e+00 77975024 
2.754e+00 2.884e+00 84747171 
2.884e+00 3.020e+00 92028221 
3.020e+00 3.162e+00 99955454 
3.162e+00 3.311e+00 108558199 
3.311e+00 3.467e+00 117917351 
3.467e+00 3.631e+00 128080889 
3.631e+00 3.802e+00 139139106 
3.802e+00 3.981e+00 151074303 
3.981e+00 4.169e+00 164047276 
4.169e+00 4.365e+00 178159510 
4.365e+00 4.571e+00 193417593 
4.571e+00 4.786e+00 209920864 
4.786e+00 5.012e+00 227872694 
5.012e+00 5.248e+00 247389663 
5.248e+00 5.495e+00 268460715 
5.495e+00 5.754e+00 291300262 
5.754e+00 6.026e+00 315917865 
6.026e+00 6.310e+00 342784961 
6.310e+00 6.607e+00 371873527 
6.607e+00 6.918e+00 403311844 
6.918e+00 7.244e+00 437261404 
7.244e+00 7.586e+00 474208300 
7.586e+00 7.943e+00 514156081 
7.943e+00 8.318e+00 557327514 
8.318e+00 8.710e+00 604198593 
8.710e+00 9.120e+00 655190365 
9.120e+00 9.550e+00 710198644 
9.550e+00 1.000e+01 769572247 
1.000e+01 1.047e+01 833817138 
1.047e+01 1.096e+01 903320520 
1.096e+01 1.148e+01 978326375 
1.148e+01 1.202e+01 1059430339 
1.202e+01 1.259e+01 1147113839 
1.259e+01 1.318e+01 1241792380 
1.318e+01 1.380e+01 1344404971 
1.380e+01 1.445e+01 1455358965 
1.445e+01 1.514e+01 1574463063 
1.514e+01 1.585e+01 1703328041 
1.585e+01 1.660e+01 1842391844 
1.660e+01 1.738e+01 1991437368 
1.738e+01 1.820e+01 2152909413 
1.820e+01 1.905e+01 2326483862 
1.905e+01 1.995e+01 2513271428 
1.995e+01 2.089e+01 2714188712 
2.089e+01 2.188e+01 2929974547 
2.188e+01 2.291e+01 3162096199 
2.291e+01 2.399e+01 3411175416 
2.399e+01 2.512e+01 3679519913 
2.512e+01 2.630e+01 3966246428 
2.630e+01 2.754e+01 4275022266 
2.754e+01 2.884e+01 4605516936 
2.884e+01 3.020e+01 4959329167 
3.020e+01 3.162e+01 5337839498 
3.162e+01 3.311e+01 5741994868 
3.311e+01 3.467e+01 6176624213 
3.467e+01 3.631e+01 6643041374 
3.631e+01 3.802e+01 7138952153 
3.802e+01 3.981e+01 7668248619 
3.981e+01 4.169e+01 8230427692 
4.169e+01 4.365e+01 8824918209 
4.365e+01 4.571e+01 9458568841 
4.571e+01 4.786e+01 10130347158 
4.786e+01 5.012e+01 10840635895 
5.012e+01 5.248e+01 11593981254 
5.248e+01 5.495e+01 12398883142 
5.495e+01 5.754e+01 13239024039 
5.754e+01 6.026e+01 14118765835 
6.026e+01 6.310e+01 15046227643 
6.310e+01 6.607e+01 16016785378 
6.607e+01 6.918e+01 17032986959 
6.918e+01 7.244e+01 18071256234 
7.244e+01 7.586e+01 19142583422 
7.586e+01 7.943e+01 20236136411 
7.943e+01 8.318e+01 21330177250 
8.318e+01 8.710e+01 22432421842 
8.710e+01 9.120e+01 23516542627 
9.120e+01 9.550e+01 24612039974 
9.550e+01 1.000e+02 25671111825 
1.000e+02 1.047e+02 26662842370 
1.047e+02 1.096e+02 27534221872 
1.096e+02 1.148e+02 28263883561 
1.148e+02 1.202e+02 28785371800 
1.202e+02 1.259e+02 29083627597 
1.259e+02 1.318e+02 29061588970 
1.318e+02 1.380e+02 28655024644 
1.380e+02 1.445e+02 27721131229 
1.445e+02 1.514e+02 26057997769 
1.514e+02 1.585e+02 23477249747 
1.585e+02 1.660e+02 19559389303 
1.660e+02 1.738e+02 13627548447 
1.738e+02 1.820e+02 4212732953 
1.820e+02 1.905e+02 0 
1.905e+02 1.995e+02 0 
1.995e+02 2.089e+02 0 
2.089e+02 2.188e+02 0 
2.188e+02 2.291e+02 0 
2.291e+02 2.399e+02 0 
2.399e+02 2.512e+02 0 
2.512e+02 2.630e+02 0 
2.630e+02 2.754e+02 0 
2.754e+02 2.884e+02 0 
2.884e+02 3.020e+02 0 
3.020e+02 3.162e+02 0 
3.162e+02 3.311e+02 0 
3.311e+02 3.467e+02 0 
3.467e+02 3.631e+02 0 
3.631e+02 3.802e+02 0 
3.802e+02 3.981e+02 0 
3.981e+02 4.169e+02 0 
4.169e+02 4.365e+02 0 
4.365e+02 4.571e+02 0 
4.571e+02 4.786e+02 0 
4.786e+02 5.012e+02 0 
5.012e+02 5.248e+02 0 
5.248e+02 5.495e+02 0 
5.495e+02 5.754e+02 0 
5.754e+02 6.026e+02 0 
6.026e+02 6.310e+02 0 
6.310e+02 6.607e+02 0 
6.607e+02 6.918e+02 0 
6.918e+02 7.244e+02 0 
7.244e+02 7.586e+02 0 
7.586e+02 7.943e+02 0 
7.943e+02 8.318e+02 0 
8.318e+02 8.710e+02 0 
8.710e+02 9.120e+02 0 
9.120e+02 9.550e+02 0 
9.550e+02 1.000e+03 0 
1.000e+03 1.047e+03 0 
1.047e+03 1.096e+03 0 
1.096e+03 1.148e+03 0 
1.148e+03 1.202e+03 0 
1.202e+03 1.259e+03 0 
1.259e+03 1.318e+03 0 
1.318e+03 1.380e+03 0 
1.380e+03 1.445e+03 0 
1.445e+03 1.514e+03 0 
1.514e+03 1.585e+03 0 
1.585e+03 1.660e+03 0 
1.660e+03 1.738e+03 0 
1.738e+03 1.820e+03 0 
1.820e+03 1.905e+03 0 
1.905e+03 1.995e+03 0 
1.995e+03 2.089e+03 0 
2.089e+03 2.188e+03 0 
2.188e+03 2.291e+03 0 
2.291e+03 2.399e+03 0 
2.399e+03 2.512e+03 0 
2.512e+03 2.630e+03 0 
2.630e+03 2.754e+03 0 
2.754e+03 2.884e+03 0 
2.884e+03 3.020e+03 0 
3.020e+03 3.162e+03 0 
3.162e+03 3.311e+03 0 
3.311e+03 3.467e+03 0 
3.467e+03 3.631e+03 0 
3.631e+03 3.802e+03 0 
3.802e+03 3.981e+03 0 
3.981e+03 4.169e+03 0 
4.169e+03 4.365e+03 0 
4.365e+03 4.571e+03 0 
4.571e+03 4.786e+03 0 
4.786e+03 5.012e+03 0 
5.012e+03 5.248e+03 0 
5.248e+03 5.495e+03 0 
5.495e+03 5.754e+03 0 
5.754e+03 6.026e+03 0 
6.026e+03 6.310e+03 0 
6.310e+03 6.607e+03 0 
6.607e+03 6.918e+03 0 
6.918e+03 7.244e+03 0 
7.244e+03 7.586e+03 0 
7.586e+03 7.943e+03 0 
7.943e+03 8.318e+03 0 
8.318e+03 8.710e+03 0 
8.710e+03 9.120e+03 0 
9.120e+03 9.550e+03 0 
9.550e+03 1.000e+04 0 
1.000e+04 1.047e+04 0 
1.047e+04 1.096e+04 0 
1.096e+04 1.148e+04 0 
1.148e+04 1.202e+04 0 
1.202e+04 1.259e+04 0 
1.259e+04 1.318e+04 0 
1.318e+04 1.380e+04 0 
1.380e+04 1.445e+04 0 
1.445e+04 1.514e+04 0 
1.514e+04 1.585e+04 0 
1.585e+04 1.660e+04 0 
1.660e+04 1.738e+04 0 
1.738e+04 1.820e+04 0 
1.820e+04 1.905e+04 0 
1.905e+04 1.995e+04 0 
1.995e+04 2.089e+04 0 
2.089e+04 2.188e+04 0 
2.188e+04 2.291e+04 0 
2.291e+04 2.399e+04 0 
2.399e+04 2.512e+04 0 
2.512e+04 2.630e+04 0 
2.630e+04 2.754e+04 0 
2.754e+04 2.884e+04 0 
2.884e+04 3.020e+04 0 
3.020e+04 3.162e+04 0 
3.162e+04 3.311e+04 0 
3.311e+04 3.467e+04 0 
3.467e+04 3.631e+04 0 
3.631e+04 3.802e+04 0 
3.802e+04 3.981e+04 0 
3.981e+04 4.169e+04 0 
4.169e+04 4.365e+04 0 
4.365e+04 4.571e+04 0 
4.571e+04 4.786e+04 0 
4.786e+04 5.012e+04 0 
5.012e+04 5.248e+04 0 
5.248e+04 5.495e+04 0 
5.495e+04 5.754e+04 0 
5.754e+04 6.026e+04 0 
6.026e+04 6.310e+04 0 
6.310e+04 6.607e+04 0 
6.607e+04 6.918e+04 0 
6.918e+04 7.244e+04 0 
7.244e+04 7.586e+04 0 
7.586e+04 7.943e+04 0 
7.943e+04 8.318e+04 0 
8.318e+04 8.710e+04 0 
8.710e+04 9.120e+04 0 
9.120e+04 9.550e+04 0 
9.550e+04 1.000e+05 0 
1.000e+05 1.047e+05 0 
1.047e+05 1.096e+05 0 
1.096e+05 1.148e+05 0 
1.148e+05 1.202e+05 0 
