1.000e+00 1.047e+00 49 
1.047e+00 1.096e+00 124 
1.096e+00 1.148e+00 144 
1.148e+00 1.202e+00 77 
1.202e+00 1.259e+00 81 
1.259e+00 1.318e+00 89 
1.318e+00 1.380e+00 82 
1.380e+00 1.445e+00 148 
1.445e+00 1.514e+00 249 
1.514e+00 1.585e+00 166 
1.585e+00 1.660e+00 169 
1.660e+00 1.738e+00 159 
1.738e+00 1.820e+00 293 
1.820e+00 1.905e+00 285 
1.905e+00 1.995e+00 248 
1.995e+00 2.089e+00 264 
2.089e+00 2.188e+00 384 
2.188e+00 2.291e+00 369 
2.291e+00 2.399e+00 313 
2.399e+00 2.512e+00 347 
2.512e+00 2.630e+00 622 
2.630e+00 2.754e+00 491 
2.754e+00 2.884e+00 545 
2.884e+00 3.020e+00 719 
3.020e+00 3.162e+00 600 
3.162e+00 3.311e+00 826 
3.311e+00 3.467e+00 779 
3.467e+00 3.631e+00 917 
3.631e+00 3.802e+00 988 
3.802e+00 3.981e+00 1058 
3.981e+00 4.169e+00 1169 
4.169e+00 4.365e+00 1324 
4.365e+00 4.571e+00 1327 
4.571e+00 4.786e+00 1572 
4.786e+00 5.012e+00 1444 
5.012e+00 5.248e+00 1936 
5.248e+00 5.495e+00 2025 
5.495e+00 5.754e+00 1936 
5.754e+00 6.026e+00 2399 
6.026e+00 6.310e+00 2690 
6.310e+00 6.607e+00 2817 
6.607e+00 6.918e+00 3037 
6.918e+00 7.244e+00 3354 
7.244e+00 7.586e+00 3458 
7.586e+00 7.943e+00 3895 
7.943e+00 8.318e+00 4179 
8.318e+00 8.710e+00 4595 
8.710e+00 9.120e+00 5014 
9.120e+00 9.550e+00 5199 
9.550e+00 1.000e+01 5712 
1.000e+01 1.047e+01 6465 
1.047e+01 1.096e+01 6783 
1.096e+01 1.148e+01 7135 
1.148e+01 1.202e+01 7978 
1.202e+01 1.259e+01 8350 
1.259e+01 1.318e+01 9267 
1.318e+01 1.380e+01 9733 
1.380e+01 1.445e+01 10653 
1.445e+01 1.514e+01 11320 
1.514e+01 1.585e+01 12026 
1.585e+01 1.660e+01 13018 
1.660e+01 1.738e+01 14034 
1.738e+01 1.820e+01 14616 
1.820e+01 1.905e+01 15487 
1.905e+01 1.995e+01 16680 
1.995e+01 2.089e+01 17580 
2.089e+01 2.188e+01 18961 
2.188e+01 2.291e+01 19754 
2.291e+01 2.399e+01 21115 
2.399e+01 2.512e+01 22191 
2.512e+01 2.630e+01 23375 
2.630e+01 2.754e+01 24577 
2.754e+01 2.884e+01 26144 
2.884e+01 3.020e+01 27749 
3.020e+01 3.162e+01 29129 
3.162e+01 3.311e+01 30803 
3.311e+01 3.467e+01 33120 
3.467e+01 3.631e+01 34435 
3.631e+01 3.802e+01 36951 
3.802e+01 3.981e+01 39060 
3.981e+01 4.169e+01 42011 
4.169e+01 4.365e+01 45116 
4.365e+01 4.571e+01 47578 
4.571e+01 4.786e+01 50721 
4.786e+01 5.012e+01 54989 
5.012e+01 5.248e+01 58063 
5.248e+01 5.495e+01 62205 
5.495e+01 5.754e+01 67021 
5.754e+01 6.026e+01 71865 
6.026e+01 6.310e+01 77142 
6.310e+01 6.607e+01 82638 
6.607e+01 6.918e+01 89238 
6.918e+01 7.244e+01 95874 
7.244e+01 7.586e+01 102735 
7.586e+01 7.943e+01 111018 
7.943e+01 8.318e+01 118852 
8.318e+01 8.710e+01 128236 
8.710e+01 9.120e+01 138077 
9.120e+01 9.550e+01 147689 
9.550e+01 1.000e+02 159352 
1.000e+02 1.047e+02 171980 
1.047e+02 1.096e+02 183986 
1.096e+02 1.148e+02 198512 
1.148e+02 1.202e+02 212803 
1.202e+02 1.259e+02 229659 
1.259e+02 1.318e+02 247076 
1.318e+02 1.380e+02 265312 
1.380e+02 1.445e+02 285538 
1.445e+02 1.514e+02 307235 
1.514e+02 1.585e+02 329877 
1.585e+02 1.660e+02 356298 
1.660e+02 1.738e+02 383009 
1.738e+02 1.820e+02 411536 
1.820e+02 1.905e+02 443062 
1.905e+02 1.995e+02 477699 
1.995e+02 2.089e+02 515688 
2.089e+02 2.188e+02 555687 
2.188e+02 2.291e+02 597714 
2.291e+02 2.399e+02 644298 
2.399e+02 2.512e+02 695190 
2.512e+02 2.630e+02 751363 
2.630e+02 2.754e+02 811280 
2.754e+02 2.884e+02 879346 
2.884e+02 3.020e+02 949383 
3.020e+02 3.162e+02 1025619 
3.162e+02 3.311e+02 1111127 
3.311e+02 3.467e+02 1202936 
3.467e+02 3.631e+02 1302844 
3.631e+02 3.802e+02 1411609 
3.802e+02 3.981e+02 1530024 
3.981e+02 4.169e+02 1656206 
4.169e+02 4.365e+02 1801418 
4.365e+02 4.571e+02 1951457 
4.571e+02 4.786e+02 2120920 
4.786e+02 5.012e+02 2302602 
5.012e+02 5.248e+02 2503291 
5.248e+02 5.495e+02 2716553 
5.495e+02 5.754e+02 2955867 
5.754e+02 6.026e+02 3210987 
6.026e+02 6.310e+02 3493506 
6.310e+02 6.607e+02 3798608 
6.607e+02 6.918e+02 4128371 
6.918e+02 7.244e+02 4492309 
7.244e+02 7.586e+02 4888462 
7.586e+02 7.943e+02 5313193 
7.943e+02 8.318e+02 5783127 
8.318e+02 8.710e+02 6287991 
8.710e+02 9.120e+02 6841642 
9.120e+02 9.550e+02 7437261 
9.550e+02 1.000e+03 8094760 
1.000e+03 1.047e+03 8805317 
1.047e+03 1.096e+03 9589222 
1.096e+03 1.148e+03 10422542 
1.148e+03 1.202e+03 11345163 
1.202e+03 1.259e+03 12341694 
1.259e+03 1.318e+03 13431017 
1.318e+03 1.380e+03 14612734 
1.380e+03 1.445e+03 15894559 
1.445e+03 1.514e+03 17314046 
1.514e+03 1.585e+03 18850947 
1.585e+03 1.660e+03 20534778 
1.660e+03 1.738e+03 22355860 
1.738e+03 1.820e+03 24318156 
1.820e+03 1.905e+03 26464717 
1.905e+03 1.995e+03 28833532 
1.995e+03 2.089e+03 31400678 
2.089e+03 2.188e+03 34207961 
2.188e+03 2.291e+03 37282975 
2.291e+03 2.399e+03 40608737 
2.399e+03 2.512e+03 44215735 
2.512e+03 2.630e+03 48191046 
2.630e+03 2.754e+03 52487362 
2.754e+03 2.884e+03 57221588 
2.884e+03 3.020e+03 62424652 
3.020e+03 3.162e+03 68019447 
3.162e+03 3.311e+03 74117045 
3.311e+03 3.467e+03 80766809 
3.467e+03 3.631e+03 87950091 
3.631e+03 3.802e+03 95877758 
3.802e+03 3.981e+03 104548239 
3.981e+03 4.169e+03 113880785 
4.169e+03 4.365e+03 124115406 
4.365e+03 4.571e+03 135226604 
4.571e+03 4.786e+03 147362248 
4.786e+03 5.012e+03 160823176 
5.012e+03 5.248e+03 175251992 
5.248e+03 5.495e+03 191075599 
5.495e+03 5.754e+03 208400954 
5.754e+03 6.026e+03 227326588 
6.026e+03 6.310e+03 248111890 
6.310e+03 6.607e+03 270578754 
6.607e+03 6.918e+03 294988020 
6.918e+03 7.244e+03 321575649 
7.244e+03 7.586e+03 350814459 
7.586e+03 7.943e+03 382608744 
7.943e+03 8.318e+03 417574374 
8.318e+03 8.710e+03 455927823 
8.710e+03 9.120e+03 497640111 
9.120e+03 9.550e+03 543126836 
9.550e+03 1.000e+04 592732221 
1.000e+04 1.047e+04 647268311 
1.047e+04 1.096e+04 706685547 
1.096e+04 1.148e+04 771858695 
1.148e+04 1.202e+04 842983202 
1.202e+04 1.259e+04 920955716 
1.259e+04 1.318e+04 1005690637 
1.318e+04 1.380e+04 1097853478 
1.380e+04 1.445e+04 1198339240 
1.445e+04 1.514e+04 1307160178 
1.514e+04 1.585e+04 1425491045 
1.585e+04 1.660e+04 1555394280 
1.660e+04 1.738e+04 1696995887 
1.738e+04 1.820e+04 1852599604 
1.820e+04 1.905e+04 2020512458 
1.905e+04 1.995e+04 2202919571 
1.995e+04 2.089e+04 2402563389 
2.089e+04 2.188e+04 2619218870 
2.188e+04 2.291e+04 2853770801 
2.291e+04 2.399e+04 3109507842 
2.399e+04 2.512e+04 3392016441 
2.512e+04 2.630e+04 3699310278 
2.630e+04 2.754e+04 4033386470 
2.754e+04 2.884e+04 4396343149 
2.884e+04 3.020e+04 4787748520 
3.020e+04 3.162e+04 5216295611 
3.162e+04 3.311e+04 5684803870 
3.311e+04 3.467e+04 6185722308 
3.467e+04 3.631e+04 6724934935 
3.631e+04 3.802e+04 7311547278 
3.802e+04 3.981e+04 7950723762 
3.981e+04 4.169e+04 8641412485 
4.169e+04 4.365e+04 9384214440 
4.365e+04 4.571e+04 10164992211 
4.571e+04 4.786e+04 10979312060 
4.786e+04 5.012e+04 11853123341 
5.012e+04 5.248e+04 12803693872 
5.248e+04 5.495e+04 13819488348 
5.495e+04 5.754e+04 14916762440 
5.754e+04 6.026e+04 16078451474 
6.026e+04 6.310e+04 17306835320 
6.310e+04 6.607e+04 18633012875 
6.607e+04 6.918e+04 20027816826 
6.918e+04 7.244e+04 21515224613 
7.244e+04 7.586e+04 23079002872 
7.586e+04 7.943e+04 24728614174 
7.943e+04 8.318e+04 26468613307 
8.318e+04 8.710e+04 28288440369 
8.710e+04 9.120e+04 30136400185 
9.120e+04 9.550e+04 32031438937 
9.550e+04 1.000e+05 34044106814 
1.000e+05 1.047e+05 36118844422 
1.047e+05 1.096e+05 38078167340 
1.096e+05 1.148e+05 40018106864 
1.148e+05 1.202e+05 41987820891 
