1.000e+00 1.047e+00 7 
1.047e+00 1.096e+00 17 
1.096e+00 1.148e+00 18 
1.148e+00 1.202e+00 14 
1.202e+00 1.259e+00 13 
1.259e+00 1.318e+00 21 
1.318e+00 1.380e+00 8 
1.380e+00 1.445e+00 25 
1.445e+00 1.514e+00 41 
1.514e+00 1.585e+00 31 
1.585e+00 1.660e+00 23 
1.660e+00 1.738e+00 29 
1.738e+00 1.820e+00 44 
1.820e+00 1.905e+00 53 
1.905e+00 1.995e+00 30 
1.995e+00 2.089e+00 37 
2.089e+00 2.188e+00 61 
2.188e+00 2.291e+00 71 
2.291e+00 2.399e+00 44 
2.399e+00 2.512e+00 50 
2.512e+00 2.630e+00 88 
2.630e+00 2.754e+00 77 
2.754e+00 2.884e+00 96 
2.884e+00 3.020e+00 106 
3.020e+00 3.162e+00 102 
3.162e+00 3.311e+00 150 
3.311e+00 3.467e+00 111 
3.467e+00 3.631e+00 129 
3.631e+00 3.802e+00 163 
3.802e+00 3.981e+00 149 
3.981e+00 4.169e+00 196 
4.169e+00 4.365e+00 206 
4.365e+00 4.571e+00 225 
4.571e+00 4.786e+00 269 
4.786e+00 5.012e+00 240 
5.012e+00 5.248e+00 278 
5.248e+00 5.495e+00 349 
5.495e+00 5.754e+00 312 
5.754e+00 6.026e+00 327 
6.026e+00 6.310e+00 434 
6.310e+00 6.607e+00 422 
6.607e+00 6.918e+00 480 
6.918e+00 7.244e+00 522 
7.244e+00 7.586e+00 549 
7.586e+00 7.943e+00 573 
7.943e+00 8.318e+00 702 
8.318e+00 8.710e+00 714 
8.710e+00 9.120e+00 810 
9.120e+00 9.550e+00 871 
9.550e+00 1.000e+01 923 
1.000e+01 1.047e+01 1061 
1.047e+01 1.096e+01 1154 
1.096e+01 1.148e+01 1147 
1.148e+01 1.202e+01 1366 
1.202e+01 1.259e+01 1442 
1.259e+01 1.318e+01 1623 
1.318e+01 1.380e+01 1776 
1.380e+01 1.445e+01 1862 
1.445e+01 1.514e+01 2020 
1.514e+01 1.585e+01 2277 
1.585e+01 1.660e+01 2462 
1.660e+01 1.738e+01 2623 
1.738e+01 1.820e+01 2778 
1.820e+01 1.905e+01 3098 
1.905e+01 1.995e+01 3557 
1.995e+01 2.089e+01 3628 
2.089e+01 2.188e+01 4080 
2.188e+01 2.291e+01 4496 
2.291e+01 2.399e+01 4849 
2.399e+01 2.512e+01 5133 
2.512e+01 2.630e+01 5780 
2.630e+01 2.754e+01 6202 
2.754e+01 2.884e+01 6704 
2.884e+01 3.020e+01 7392 
3.020e+01 3.162e+01 8077 
3.162e+01 3.311e+01 8708 
3.311e+01 3.467e+01 9722 
3.467e+01 3.631e+01 10485 
3.631e+01 3.802e+01 11269 
3.802e+01 3.981e+01 12350 
3.981e+01 4.169e+01 13566 
4.169e+01 4.365e+01 14764 
4.365e+01 4.571e+01 16027 
4.571e+01 4.786e+01 17640 
4.786e+01 5.012e+01 18985 
5.012e+01 5.248e+01 20809 
5.248e+01 5.495e+01 22798 
5.495e+01 5.754e+01 24749 
5.754e+01 6.026e+01 27250 
6.026e+01 6.310e+01 29616 
6.310e+01 6.607e+01 32062 
6.607e+01 6.918e+01 34867 
6.918e+01 7.244e+01 37891 
7.244e+01 7.586e+01 41238 
7.586e+01 7.943e+01 45533 
7.943e+01 8.318e+01 49104 
8.318e+01 8.710e+01 53533 
8.710e+01 9.120e+01 58916 
9.120e+01 9.550e+01 64026 
9.550e+01 1.000e+02 70088 
1.000e+02 1.047e+02 76145 
1.047e+02 1.096e+02 82875 
1.096e+02 1.148e+02 90172 
1.148e+02 1.202e+02 98554 
1.202e+02 1.259e+02 107623 
1.259e+02 1.318e+02 117300 
1.318e+02 1.380e+02 127291 
1.380e+02 1.445e+02 139294 
1.445e+02 1.514e+02 150899 
1.514e+02 1.585e+02 164809 
1.585e+02 1.660e+02 180357 
1.660e+02 1.738e+02 196098 
1.738e+02 1.820e+02 212182 
1.820e+02 1.905e+02 231244 
1.905e+02 1.995e+02 252433 
1.995e+02 2.089e+02 276212 
2.089e+02 2.188e+02 299590 
2.188e+02 2.291e+02 326475 
2.291e+02 2.399e+02 355724 
2.399e+02 2.512e+02 388532 
2.512e+02 2.630e+02 423107 
2.630e+02 2.754e+02 460344 
2.754e+02 2.884e+02 503712 
2.884e+02 3.020e+02 548264 
3.020e+02 3.162e+02 596154 
3.162e+02 3.311e+02 653240 
3.311e+02 3.467e+02 708960 
3.467e+02 3.631e+02 773966 
3.631e+02 3.802e+02 841195 
3.802e+02 3.981e+02 916064 
3.981e+02 4.169e+02 996155 
4.169e+02 4.365e+02 1089427 
4.365e+02 4.571e+02 1183472 
4.571e+02 4.786e+02 1287039 
4.786e+02 5.012e+02 1402662 
5.012e+02 5.248e+02 1526959 
5.248e+02 5.495e+02 1659479 
5.495e+02 5.754e+02 1808143 
5.754e+02 6.026e+02 1968628 
6.026e+02 6.310e+02 2147457 
6.310e+02 6.607e+02 2335936 
6.607e+02 6.918e+02 2542673 
6.918e+02 7.244e+02 2768357 
7.244e+02 7.586e+02 3019526 
7.586e+02 7.943e+02 3283470 
7.943e+02 8.318e+02 3572271 
8.318e+02 8.710e+02 3888879 
8.710e+02 9.120e+02 4237486 
9.120e+02 9.550e+02 4612158 
9.550e+02 1.000e+03 5014040 
1.000e+03 1.047e+03 5462110 
1.047e+03 1.096e+03 5947400 
1.096e+03 1.148e+03 6465794 
1.148e+03 1.202e+03 7029161 
1.202e+03 1.259e+03 7644863 
1.259e+03 1.318e+03 8310177 
1.318e+03 1.380e+03 9035567 
1.380e+03 1.445e+03 9820204 
1.445e+03 1.514e+03 10685601 
1.514e+03 1.585e+03 11618852 
1.585e+03 1.660e+03 12642840 
1.660e+03 1.738e+03 13742409 
1.738e+03 1.820e+03 14939346 
1.820e+03 1.905e+03 16239810 
1.905e+03 1.995e+03 17674836 
1.995e+03 2.089e+03 19215008 
2.089e+03 2.188e+03 20878941 
2.188e+03 2.291e+03 22688557 
2.291e+03 2.399e+03 24647828 
2.399e+03 2.512e+03 26782680 
2.512e+03 2.630e+03 29103104 
2.630e+03 2.754e+03 31620536 
2.754e+03 2.884e+03 34329861 
2.884e+03 3.020e+03 37251085 
3.020e+03 3.162e+03 40472347 
3.162e+03 3.311e+03 43935295 
3.311e+03 3.467e+03 47721648 
3.467e+03 3.631e+03 51833311 
3.631e+03 3.802e+03 56264791 
3.802e+03 3.981e+03 61088446 
3.981e+03 4.169e+03 66323597 
4.169e+03 4.365e+03 71980407 
4.365e+03 4.571e+03 78093718 
4.571e+03 4.786e+03 84763024 
4.786e+03 5.012e+03 91997938 
5.012e+03 5.248e+03 99823358 
5.248e+03 5.495e+03 108292492 
5.495e+03 5.754e+03 117509397 
5.754e+03 6.026e+03 127491144 
6.026e+03 6.310e+03 138306675 
6.310e+03 6.607e+03 149906846 
6.607e+03 6.918e+03 162508310 
6.918e+03 7.244e+03 176165573 
7.244e+03 7.586e+03 190939504 
7.586e+03 7.943e+03 206857117 
7.943e+03 8.318e+03 224055461 
8.318e+03 8.710e+03 242824603 
8.710e+03 9.120e+03 263056166 
9.120e+03 9.550e+03 284878779 
9.550e+03 1.000e+04 308475436 
1.000e+04 1.047e+04 333854271 
1.047e+04 1.096e+04 361230411 
1.096e+04 1.148e+04 390863307 
1.148e+04 1.202e+04 422724272 
1.202e+04 1.259e+04 457310213 
1.259e+04 1.318e+04 494769844 
1.318e+04 1.380e+04 535063515 
1.380e+04 1.445e+04 578655737 
1.445e+04 1.514e+04 625713509 
1.514e+04 1.585e+04 676175276 
1.585e+04 1.660e+04 730569254 
1.660e+04 1.738e+04 789400999 
1.738e+04 1.820e+04 852600228 
1.820e+04 1.905e+04 920389307 
1.905e+04 1.995e+04 993427105 
1.995e+04 2.089e+04 1072030392 
2.089e+04 2.188e+04 1156566765 
2.188e+04 2.291e+04 1247214507 
2.291e+04 2.399e+04 1344550995 
2.399e+04 2.512e+04 1448785623 
2.512e+04 2.630e+04 1561392954 
2.630e+04 2.754e+04 1681685658 
2.754e+04 2.884e+04 1810236343 
2.884e+04 3.020e+04 1947729807 
3.020e+04 3.162e+04 2095644539 
3.162e+04 3.311e+04 2254523354 
3.311e+04 3.467e+04 2423693621 
3.467e+04 3.631e+04 2603357783 
3.631e+04 3.802e+04 2794951842 
3.802e+04 3.981e+04 2999700952 
3.981e+04 4.169e+04 3216952365 
4.169e+04 4.365e+04 3448456880 
4.365e+04 4.571e+04 3695040718 
4.571e+04 4.786e+04 3957200023 
4.786e+04 5.012e+04 4235711902 
5.012e+04 5.248e+04 4531067603 
5.248e+04 5.495e+04 4842904657 
5.495e+04 5.754e+04 5170315653 
5.754e+04 6.026e+04 5517147977 
6.026e+04 6.310e+04 5881100005 
6.310e+04 6.607e+04 6264777239 
6.607e+04 6.918e+04 6669490545 
6.918e+04 7.244e+04 7090212881 
7.244e+04 7.586e+04 7533295142 
7.586e+04 7.943e+04 7992782221 
7.943e+04 8.318e+04 8472066959 
8.318e+04 8.710e+04 8968225430 
8.710e+04 9.120e+04 9480037810 
9.120e+04 9.550e+04 10007750369 
9.550e+04 1.000e+05 10542722525 
1.000e+05 1.047e+05 11086239074 
1.047e+05 1.096e+05 11635049046 
1.096e+05 1.148e+05 12193681273 
1.148e+05 1.202e+05 12744751655 
