1.000e+00 1.047e+00 1 
1.047e+00 1.096e+00 1 
1.096e+00 1.148e+00 9 
1.148e+00 1.202e+00 2 
1.202e+00 1.259e+00 4 
1.259e+00 1.318e+00 3 
1.318e+00 1.380e+00 6 
1.380e+00 1.445e+00 6 
1.445e+00 1.514e+00 9 
1.514e+00 1.585e+00 6 
1.585e+00 1.660e+00 4 
1.660e+00 1.738e+00 3 
1.738e+00 1.820e+00 12 
1.820e+00 1.905e+00 15 
1.905e+00 1.995e+00 8 
1.995e+00 2.089e+00 7 
2.089e+00 2.188e+00 13 
2.188e+00 2.291e+00 11 
2.291e+00 2.399e+00 14 
2.399e+00 2.512e+00 14 
2.512e+00 2.630e+00 18 
2.630e+00 2.754e+00 26 
2.754e+00 2.884e+00 21 
2.884e+00 3.020e+00 32 
3.020e+00 3.162e+00 18 
3.162e+00 3.311e+00 29 
3.311e+00 3.467e+00 32 
3.467e+00 3.631e+00 29 
3.631e+00 3.802e+00 32 
3.802e+00 3.981e+00 32 
3.981e+00 4.169e+00 33 
4.169e+00 4.365e+00 41 
4.365e+00 4.571e+00 45 
4.571e+00 4.786e+00 54 
4.786e+00 5.012e+00 39 
5.012e+00 5.248e+00 55 
5.248e+00 5.495e+00 66 
5.495e+00 5.754e+00 68 
5.754e+00 6.026e+00 76 
6.026e+00 6.310e+00 96 
6.310e+00 6.607e+00 89 
6.607e+00 6.918e+00 100 
6.918e+00 7.244e+00 118 
7.244e+00 7.586e+00 126 
7.586e+00 7.943e+00 138 
7.943e+00 8.318e+00 168 
8.318e+00 8.710e+00 168 
8.710e+00 9.120e+00 176 
9.120e+00 9.550e+00 186 
9.550e+00 1.000e+01 203 
1.000e+01 1.047e+01 236 
1.047e+01 1.096e+01 256 
1.096e+01 1.148e+01 244 
1.148e+01 1.202e+01 325 
1.202e+01 1.259e+01 348 
1.259e+01 1.318e+01 346 
1.318e+01 1.380e+01 387 
1.380e+01 1.445e+01 384 
1.445e+01 1.514e+01 460 
1.514e+01 1.585e+01 477 
1.585e+01 1.660e+01 554 
1.660e+01 1.738e+01 579 
1.738e+01 1.820e+01 633 
1.820e+01 1.905e+01 699 
1.905e+01 1.995e+01 843 
1.995e+01 2.089e+01 818 
2.089e+01 2.188e+01 957 
2.188e+01 2.291e+01 1027 
2.291e+01 2.399e+01 1091 
2.399e+01 2.512e+01 1235 
2.512e+01 2.630e+01 1363 
2.630e+01 2.754e+01 1529 
2.754e+01 2.884e+01 1616 
2.884e+01 3.020e+01 1667 
3.020e+01 3.162e+01 1995 
3.162e+01 3.311e+01 2074 
3.311e+01 3.467e+01 2265 
3.467e+01 3.631e+01 2508 
3.631e+01 3.802e+01 2654 
3.802e+01 3.981e+01 3036 
3.981e+01 4.169e+01 3287 
4.169e+01 4.365e+01 3621 
4.365e+01 4.571e+01 3822 
4.571e+01 4.786e+01 4229 
4.786e+01 5.012e+01 4623 
5.012e+01 5.248e+01 5057 
5.248e+01 5.495e+01 5550 
5.495e+01 5.754e+01 6081 
5.754e+01 6.026e+01 6732 
6.026e+01 6.310e+01 7103 
6.310e+01 6.607e+01 7782 
6.607e+01 6.918e+01 8628 
6.918e+01 7.244e+01 9425 
7.244e+01 7.586e+01 10142 
7.586e+01 7.943e+01 10856 
7.943e+01 8.318e+01 12046 
8.318e+01 8.710e+01 13103 
8.710e+01 9.120e+01 14480 
9.120e+01 9.550e+01 15777 
9.550e+01 1.000e+02 17170 
1.000e+02 1.047e+02 18457 
1.047e+02 1.096e+02 20436 
1.096e+02 1.148e+02 21953 
1.148e+02 1.202e+02 24239 
1.202e+02 1.259e+02 26220 
1.259e+02 1.318e+02 28773 
1.318e+02 1.380e+02 31312 
1.380e+02 1.445e+02 34071 
1.445e+02 1.514e+02 37404 
1.514e+02 1.585e+02 40930 
1.585e+02 1.660e+02 44501 
1.660e+02 1.738e+02 48703 
1.738e+02 1.820e+02 52769 
1.820e+02 1.905e+02 57021 
1.905e+02 1.995e+02 62275 
1.995e+02 2.089e+02 67978 
2.089e+02 2.188e+02 74461 
2.188e+02 2.291e+02 80943 
2.291e+02 2.399e+02 87883 
2.399e+02 2.512e+02 95900 
2.512e+02 2.630e+02 104847 
2.630e+02 2.754e+02 114273 
2.754e+02 2.884e+02 124742 
2.884e+02 3.020e+02 136445 
3.020e+02 3.162e+02 148238 
3.162e+02 3.311e+02 161500 
3.311e+02 3.467e+02 176457 
3.467e+02 3.631e+02 190768 
3.631e+02 3.802e+02 208856 
3.802e+02 3.981e+02 227298 
3.981e+02 4.169e+02 247951 
4.169e+02 4.365e+02 270687 
4.365e+02 4.571e+02 294505 
4.571e+02 4.786e+02 320772 
4.786e+02 5.012e+02 348111 
5.012e+02 5.248e+02 380047 
5.248e+02 5.495e+02 412851 
5.495e+02 5.754e+02 449397 
5.754e+02 6.026e+02 490085 
6.026e+02 6.310e+02 532374 
6.310e+02 6.607e+02 580647 
6.607e+02 6.918e+02 631178 
6.918e+02 7.244e+02 686937 
7.244e+02 7.586e+02 747559 
7.586e+02 7.943e+02 812720 
7.943e+02 8.318e+02 884902 
8.318e+02 8.710e+02 961307 
8.710e+02 9.120e+02 1043690 
9.120e+02 9.550e+02 1136534 
9.550e+02 1.000e+03 1235846 
1.000e+03 1.047e+03 1345524 
1.047e+03 1.096e+03 1467884 
1.096e+03 1.148e+03 1598872 
1.148e+03 1.202e+03 1738667 
1.202e+03 1.259e+03 1890632 
1.259e+03 1.318e+03 2058153 
1.318e+03 1.380e+03 2243591 
1.380e+03 1.445e+03 2437031 
1.445e+03 1.514e+03 2650041 
1.514e+03 1.585e+03 2879126 
1.585e+03 1.660e+03 3127186 
1.660e+03 1.738e+03 3392057 
1.738e+03 1.820e+03 3687622 
1.820e+03 1.905e+03 4006302 
1.905e+03 1.995e+03 4361060 
1.995e+03 2.089e+03 4734220 
2.089e+03 2.188e+03 5153774 
2.188e+03 2.291e+03 5606742 
2.291e+03 2.399e+03 6097833 
2.399e+03 2.512e+03 6630021 
2.512e+03 2.630e+03 7201881 
2.630e+03 2.754e+03 7823799 
2.754e+03 2.884e+03 8503508 
2.884e+03 3.020e+03 9252587 
3.020e+03 3.162e+03 10060920 
3.162e+03 3.311e+03 10933353 
3.311e+03 3.467e+03 11865905 
3.467e+03 3.631e+03 12882208 
3.631e+03 3.802e+03 13992057 
3.802e+03 3.981e+03 15206103 
3.981e+03 4.169e+03 16509541 
4.169e+03 4.365e+03 17924497 
4.365e+03 4.571e+03 19463292 
4.571e+03 4.786e+03 21128433 
4.786e+03 5.012e+03 22917439 
5.012e+03 5.248e+03 24849143 
5.248e+03 5.495e+03 26971786 
5.495e+03 5.754e+03 29249536 
5.754e+03 6.026e+03 31704832 
6.026e+03 6.310e+03 34375419 
6.310e+03 6.607e+03 37288311 
6.607e+03 6.918e+03 40429984 
6.918e+03 7.244e+03 43854078 
7.244e+03 7.586e+03 47537077 
7.586e+03 7.943e+03 51506069 
7.943e+03 8.318e+03 55829731 
8.318e+03 8.710e+03 60489149 
8.710e+03 9.120e+03 65553075 
9.120e+03 9.550e+03 71016527 
9.550e+03 1.000e+04 76895450 
1.000e+04 1.047e+04 83298809 
1.047e+04 1.096e+04 90118299 
1.096e+04 1.148e+04 97521505 
1.148e+04 1.202e+04 105571181 
1.202e+04 1.259e+04 114268322 
1.259e+04 1.318e+04 123636628 
1.318e+04 1.380e+04 133669082 
1.380e+04 1.445e+04 144620774 
1.445e+04 1.514e+04 156359657 
1.514e+04 1.585e+04 168945804 
1.585e+04 1.660e+04 182532371 
1.660e+04 1.738e+04 197230466 
1.738e+04 1.820e+04 213009640 
1.820e+04 1.905e+04 230003248 
1.905e+04 1.995e+04 248310055 
1.995e+04 2.089e+04 267892729 
2.089e+04 2.188e+04 288994625 
2.188e+04 2.291e+04 311805605 
2.291e+04 2.399e+04 336145071 
2.399e+04 2.512e+04 362129787 
2.512e+04 2.630e+04 389949504 
2.630e+04 2.754e+04 420138027 
2.754e+04 2.884e+04 452404411 
2.884e+04 3.020e+04 486797800 
3.020e+04 3.162e+04 523820871 
3.162e+04 3.311e+04 563314713 
3.311e+04 3.467e+04 604840239 
3.467e+04 3.631e+04 649560799 
3.631e+04 3.802e+04 697706155 
3.802e+04 3.981e+04 749003508 
3.981e+04 4.169e+04 803583800 
4.169e+04 4.365e+04 860852333 
4.365e+04 4.571e+04 922334411 
4.571e+04 4.786e+04 987641261 
4.786e+04 5.012e+04 1057011692 
5.012e+04 5.248e+04 1130668087 
5.248e+04 5.495e+04 1208119932 
5.495e+04 5.754e+04 1289507776 
5.754e+04 6.026e+04 1375836107 
6.026e+04 6.310e+04 1467465721 
6.310e+04 6.607e+04 1563717056 
6.607e+04 6.918e+04 1664709057 
6.918e+04 7.244e+04 1770172738 
7.244e+04 7.586e+04 1879681716 
7.586e+04 7.943e+04 1994887345 
7.943e+04 8.318e+04 2114939892 
8.318e+04 8.710e+04 2238899177 
8.710e+04 9.120e+04 2366226898 
9.120e+04 9.550e+04 2496639704 
9.550e+04 1.000e+05 2631422069 
1.000e+05 1.047e+05 2768072092 
1.047e+05 1.096e+05 2907155343 
1.096e+05 1.148e+05 3047615627 
1.148e+05 1.202e+05 3186623077 
