1.000e+00 1.047e+00 1 
1.047e+00 1.096e+00 0 
1.096e+00 1.148e+00 0 
1.148e+00 1.202e+00 1 
1.202e+00 1.259e+00 0 
1.259e+00 1.318e+00 1 
1.318e+00 1.380e+00 0 
1.380e+00 1.445e+00 1 
1.445e+00 1.514e+00 2 
1.514e+00 1.585e+00 1 
1.585e+00 1.660e+00 2 
1.660e+00 1.738e+00 2 
1.738e+00 1.820e+00 0 
1.820e+00 1.905e+00 0 
1.905e+00 1.995e+00 0 
1.995e+00 2.089e+00 1 
2.089e+00 2.188e+00 3 
2.188e+00 2.291e+00 1 
2.291e+00 2.399e+00 4 
2.399e+00 2.512e+00 6 
2.512e+00 2.630e+00 0 
2.630e+00 2.754e+00 3 
2.754e+00 2.884e+00 3 
2.884e+00 3.020e+00 4 
3.020e+00 3.162e+00 4 
3.162e+00 3.311e+00 8 
3.311e+00 3.467e+00 3 
3.467e+00 3.631e+00 4 
3.631e+00 3.802e+00 4 
3.802e+00 3.981e+00 8 
3.981e+00 4.169e+00 6 
4.169e+00 4.365e+00 13 
4.365e+00 4.571e+00 9 
4.571e+00 4.786e+00 15 
4.786e+00 5.012e+00 7 
5.012e+00 5.248e+00 15 
5.248e+00 5.495e+00 10 
5.495e+00 5.754e+00 12 
5.754e+00 6.026e+00 13 
6.026e+00 6.310e+00 13 
6.310e+00 6.607e+00 16 
6.607e+00 6.918e+00 18 
6.918e+00 7.244e+00 20 
7.244e+00 7.586e+00 24 
7.586e+00 7.943e+00 17 
7.943e+00 8.318e+00 24 
8.318e+00 8.710e+00 31 
8.710e+00 9.120e+00 44 
9.120e+00 9.550e+00 29 
9.550e+00 1.000e+01 32 
1.000e+01 1.047e+01 34 
1.047e+01 1.096e+01 45 
1.096e+01 1.148e+01 39 
1.148e+01 1.202e+01 65 
1.202e+01 1.259e+01 55 
1.259e+01 1.318e+01 65 
1.318e+01 1.380e+01 57 
1.380e+01 1.445e+01 67 
1.445e+01 1.514e+01 74 
1.514e+01 1.585e+01 95 
1.585e+01 1.660e+01 88 
1.660e+01 1.738e+01 104 
1.738e+01 1.820e+01 135 
1.820e+01 1.905e+01 128 
1.905e+01 1.995e+01 146 
1.995e+01 2.089e+01 137 
2.089e+01 2.188e+01 162 
2.188e+01 2.291e+01 176 
2.291e+01 2.399e+01 176 
2.399e+01 2.512e+01 224 
2.512e+01 2.630e+01 218 
2.630e+01 2.754e+01 253 
2.754e+01 2.884e+01 277 
2.884e+01 3.020e+01 297 
3.020e+01 3.162e+01 331 
3.162e+01 3.311e+01 365 
3.311e+01 3.467e+01 366 
3.467e+01 3.631e+01 422 
3.631e+01 3.802e+01 467 
3.802e+01 3.981e+01 488 
3.981e+01 4.169e+01 534 
4.169e+01 4.365e+01 595 
4.365e+01 4.571e+01 658 
4.571e+01 4.786e+01 670 
4.786e+01 5.012e+01 801 
5.012e+01 5.248e+01 907 
5.248e+01 5.495e+01 980 
5.495e+01 5.754e+01 998 
5.754e+01 6.026e+01 1132 
6.026e+01 6.310e+01 1206 
6.310e+01 6.607e+01 1257 
6.607e+01 6.918e+01 1468 
6.918e+01 7.244e+01 1581 
7.244e+01 7.586e+01 1643 
7.586e+01 7.943e+01 1810 
7.943e+01 8.318e+01 2011 
8.318e+01 8.710e+01 2167 
8.710e+01 9.120e+01 2393 
9.120e+01 9.550e+01 2626 
9.550e+01 1.000e+02 2905 
1.000e+02 1.047e+02 3088 
1.047e+02 1.096e+02 3404 
1.096e+02 1.148e+02 3825 
1.148e+02 1.202e+02 4051 
1.202e+02 1.259e+02 4390 
1.259e+02 1.318e+02 4709 
1.318e+02 1.380e+02 5124 
1.380e+02 1.445e+02 5600 
1.445e+02 1.514e+02 6109 
1.514e+02 1.585e+02 6702 
1.585e+02 1.660e+02 7150 
1.660e+02 1.738e+02 8066 
1.738e+02 1.820e+02 8645 
1.820e+02 1.905e+02 9468 
1.905e+02 1.995e+02 10340 
1.995e+02 2.089e+02 11297 
2.089e+02 2.188e+02 12248 
2.188e+02 2.291e+02 13281 
2.291e+02 2.399e+02 14614 
2.399e+02 2.512e+02 16132 
2.512e+02 2.630e+02 17106 
2.630e+02 2.754e+02 18851 
2.754e+02 2.884e+02 20374 
2.884e+02 3.020e+02 22378 
3.020e+02 3.162e+02 24309 
3.162e+02 3.311e+02 26181 
3.311e+02 3.467e+02 28823 
3.467e+02 3.631e+02 31037 
3.631e+02 3.802e+02 33962 
3.802e+02 3.981e+02 37399 
3.981e+02 4.169e+02 40260 
4.169e+02 4.365e+02 44105 
4.365e+02 4.571e+02 47660 
4.571e+02 4.786e+02 51799 
4.786e+02 5.012e+02 56997 
5.012e+02 5.248e+02 61787 
5.248e+02 5.495e+02 66976 
5.495e+02 5.754e+02 73367 
5.754e+02 6.026e+02 79809 
6.026e+02 6.310e+02 86346 
6.310e+02 6.607e+02 93727 
6.607e+02 6.918e+02 102453 
6.918e+02 7.244e+02 111503 
7.244e+02 7.586e+02 120585 
7.586e+02 7.943e+02 131173 
7.943e+02 8.318e+02 143282 
8.318e+02 8.710e+02 155186 
8.710e+02 9.120e+02 169865 
9.120e+02 9.550e+02 184379 
9.550e+02 1.000e+03 199941 
1.000e+03 1.047e+03 217485 
1.047e+03 1.096e+03 238032 
1.096e+03 1.148e+03 258304 
1.148e+03 1.202e+03 281015 
1.202e+03 1.259e+03 306069 
1.259e+03 1.318e+03 332823 
1.318e+03 1.380e+03 362408 
1.380e+03 1.445e+03 394074 
1.445e+03 1.514e+03 428617 
1.514e+03 1.585e+03 465640 
1.585e+03 1.660e+03 506790 
1.660e+03 1.738e+03 550686 
1.738e+03 1.820e+03 599084 
1.820e+03 1.905e+03 651619 
1.905e+03 1.995e+03 708301 
1.995e+03 2.089e+03 769206 
2.089e+03 2.188e+03 835526 
2.188e+03 2.291e+03 907456 
2.291e+03 2.399e+03 986336 
2.399e+03 2.512e+03 1069961 
2.512e+03 2.630e+03 1163371 
2.630e+03 2.754e+03 1262560 
2.754e+03 2.884e+03 1374457 
2.884e+03 3.020e+03 1489625 
3.020e+03 3.162e+03 1619553 
3.162e+03 3.311e+03 1761372 
3.311e+03 3.467e+03 1911829 
3.467e+03 3.631e+03 2079151 
3.631e+03 3.802e+03 2255037 
3.802e+03 3.981e+03 2449784 
3.981e+03 4.169e+03 2661738 
4.169e+03 4.365e+03 2889921 
4.365e+03 4.571e+03 3137232 
4.571e+03 4.786e+03 3408735 
4.786e+03 5.012e+03 3696051 
5.012e+03 5.248e+03 4009651 
5.248e+03 5.495e+03 4353176 
5.495e+03 5.754e+03 4719808 
5.754e+03 6.026e+03 5126802 
6.026e+03 6.310e+03 5556499 
6.310e+03 6.607e+03 6021624 
6.607e+03 6.918e+03 6527658 
6.918e+03 7.244e+03 7075093 
7.244e+03 7.586e+03 7662471 
7.586e+03 7.943e+03 8309762 
7.943e+03 8.318e+03 9000399 
8.318e+03 8.710e+03 9758133 
8.710e+03 9.120e+03 10553491 
9.120e+03 9.550e+03 11408029 
9.550e+03 1.000e+04 12345004 
1.000e+04 1.047e+04 13370396 
1.047e+04 1.096e+04 14481822 
1.096e+04 1.148e+04 15668343 
1.148e+04 1.202e+04 16962462 
1.202e+04 1.259e+04 18367515 
1.259e+04 1.318e+04 19840131 
1.318e+04 1.380e+04 21434721 
1.380e+04 1.445e+04 23162467 
1.445e+04 1.514e+04 25005134 
1.514e+04 1.585e+04 27020387 
1.585e+04 1.660e+04 29157226 
1.660e+04 1.738e+04 31511211 
1.738e+04 1.820e+04 34006758 
1.820e+04 1.905e+04 36729980 
1.905e+04 1.995e+04 39617094 
1.995e+04 2.089e+04 42780933 
2.089e+04 2.188e+04 46093546 
2.188e+04 2.291e+04 49700429 
2.291e+04 2.399e+04 53557591 
2.399e+04 2.512e+04 57686247 
2.512e+04 2.630e+04 62123458 
2.630e+04 2.754e+04 66914087 
2.754e+04 2.884e+04 72027600 
2.884e+04 3.020e+04 77495905 
3.020e+04 3.162e+04 83357198 
3.162e+04 3.311e+04 89598475 
3.311e+04 3.467e+04 96401885 
3.467e+04 3.631e+04 103639180 
3.631e+04 3.802e+04 111215009 
3.802e+04 3.981e+04 119409895 
3.981e+04 4.169e+04 128052675 
4.169e+04 4.365e+04 137233009 
4.365e+04 4.571e+04 147054124 
4.571e+04 4.786e+04 157622680 
4.786e+04 5.012e+04 168782444 
5.012e+04 5.248e+04 180639387 
5.248e+04 5.495e+04 193161725 
5.495e+04 5.754e+04 206419607 
5.754e+04 6.026e+04 220285413 
6.026e+04 6.310e+04 234965930 
6.310e+04 6.607e+04 250431322 
6.607e+04 6.918e+04 266851724 
6.918e+04 7.244e+04 284052681 
7.244e+04 7.586e+04 301603151 
7.586e+04 7.943e+04 320051053 
7.943e+04 8.318e+04 339251824 
8.318e+04 8.710e+04 358999303 
8.710e+04 9.120e+04 379582846 
9.120e+04 9.550e+04 400464305 
9.550e+04 1.000e+05 421971145 
1.000e+05 1.047e+05 444350123 
1.047e+05 1.096e+05 466704049 
1.096e+05 1.148e+05 489100842 
1.148e+05 1.202e+05 511292440 
