1.000e+00 1.047e+00 4 
1.047e+00 1.096e+00 18 
1.096e+00 1.148e+00 24 
1.148e+00 1.202e+00 15 
1.202e+00 1.259e+00 13 
1.259e+00 1.318e+00 13 
1.318e+00 1.380e+00 16 
1.380e+00 1.445e+00 23 
1.445e+00 1.514e+00 54 
1.514e+00 1.585e+00 26 
1.585e+00 1.660e+00 25 
1.660e+00 1.738e+00 22 
1.738e+00 1.820e+00 41 
1.820e+00 1.905e+00 47 
1.905e+00 1.995e+00 38 
1.995e+00 2.089e+00 21 
2.089e+00 2.188e+00 52 
2.188e+00 2.291e+00 63 
2.291e+00 2.399e+00 49 
2.399e+00 2.512e+00 54 
2.512e+00 2.630e+00 76 
2.630e+00 2.754e+00 75 
2.754e+00 2.884e+00 63 
2.884e+00 3.020e+00 95 
3.020e+00 3.162e+00 86 
3.162e+00 3.311e+00 111 
3.311e+00 3.467e+00 102 
3.467e+00 3.631e+00 120 
3.631e+00 3.802e+00 129 
3.802e+00 3.981e+00 148 
3.981e+00 4.169e+00 169 
4.169e+00 4.365e+00 185 
4.365e+00 4.571e+00 164 
4.571e+00 4.786e+00 225 
4.786e+00 5.012e+00 205 
5.012e+00 5.248e+00 289 
5.248e+00 5.495e+00 324 
5.495e+00 5.754e+00 278 
5.754e+00 6.026e+00 357 
6.026e+00 6.310e+00 355 
6.310e+00 6.607e+00 373 
6.607e+00 6.918e+00 459 
6.918e+00 7.244e+00 490 
7.244e+00 7.586e+00 479 
7.586e+00 7.943e+00 578 
7.943e+00 8.318e+00 612 
8.318e+00 8.710e+00 659 
8.710e+00 9.120e+00 694 
9.120e+00 9.550e+00 786 
9.550e+00 1.000e+01 863 
1.000e+01 1.047e+01 979 
1.047e+01 1.096e+01 1107 
1.096e+01 1.148e+01 1160 
1.148e+01 1.202e+01 1272 
1.202e+01 1.259e+01 1238 
1.259e+01 1.318e+01 1541 
1.318e+01 1.380e+01 1680 
1.380e+01 1.445e+01 1759 
1.445e+01 1.514e+01 1907 
1.514e+01 1.585e+01 2064 
1.585e+01 1.660e+01 2386 
1.660e+01 1.738e+01 2488 
1.738e+01 1.820e+01 2686 
1.820e+01 1.905e+01 2986 
1.905e+01 1.995e+01 3302 
1.995e+01 2.089e+01 3555 
2.089e+01 2.188e+01 3789 
2.188e+01 2.291e+01 4181 
2.291e+01 2.399e+01 4612 
2.399e+01 2.512e+01 5007 
2.512e+01 2.630e+01 5583 
2.630e+01 2.754e+01 5997 
2.754e+01 2.884e+01 6478 
2.884e+01 3.020e+01 7107 
3.020e+01 3.162e+01 7779 
3.162e+01 3.311e+01 8348 
3.311e+01 3.467e+01 9258 
3.467e+01 3.631e+01 9778 
3.631e+01 3.802e+01 10883 
3.802e+01 3.981e+01 12028 
3.981e+01 4.169e+01 12862 
4.169e+01 4.365e+01 14012 
4.365e+01 4.571e+01 15334 
4.571e+01 4.786e+01 16755 
4.786e+01 5.012e+01 18391 
5.012e+01 5.248e+01 20163 
5.248e+01 5.495e+01 22284 
5.495e+01 5.754e+01 24136 
5.754e+01 6.026e+01 26193 
6.026e+01 6.310e+01 28520 
6.310e+01 6.607e+01 31731 
6.607e+01 6.918e+01 34366 
6.918e+01 7.244e+01 37662 
7.244e+01 7.586e+01 41232 
7.586e+01 7.943e+01 44420 
7.943e+01 8.318e+01 48930 
8.318e+01 8.710e+01 53414 
8.710e+01 9.120e+01 57965 
9.120e+01 9.550e+01 63557 
9.550e+01 1.000e+02 69090 
1.000e+02 1.047e+02 76435 
1.047e+02 1.096e+02 81712 
1.096e+02 1.148e+02 89351 
1.148e+02 1.202e+02 97044 
1.202e+02 1.259e+02 106111 
1.259e+02 1.318e+02 115580 
1.318e+02 1.380e+02 126321 
1.380e+02 1.445e+02 138380 
1.445e+02 1.514e+02 150343 
1.514e+02 1.585e+02 163740 
1.585e+02 1.660e+02 177429 
1.660e+02 1.738e+02 194165 
1.738e+02 1.820e+02 211411 
1.820e+02 1.905e+02 231145 
1.905e+02 1.995e+02 251860 
1.995e+02 2.089e+02 274846 
2.089e+02 2.188e+02 299367 
2.188e+02 2.291e+02 326775 
2.291e+02 2.399e+02 355957 
2.399e+02 2.512e+02 387263 
2.512e+02 2.630e+02 421613 
2.630e+02 2.754e+02 459834 
2.754e+02 2.884e+02 500198 
2.884e+02 3.020e+02 545213 
3.020e+02 3.162e+02 594683 
3.162e+02 3.311e+02 646199 
3.311e+02 3.467e+02 704434 
3.467e+02 3.631e+02 766389 
3.631e+02 3.802e+02 836107 
3.802e+02 3.981e+02 910989 
3.981e+02 4.169e+02 994081 
4.169e+02 4.365e+02 1084032 
4.365e+02 4.571e+02 1179738 
4.571e+02 4.786e+02 1287177 
4.786e+02 5.012e+02 1401216 
5.012e+02 5.248e+02 1526576 
5.248e+02 5.495e+02 1660387 
5.495e+02 5.754e+02 1807209 
5.754e+02 6.026e+02 1967016 
6.026e+02 6.310e+02 2143931 
6.310e+02 6.607e+02 2328390 
6.607e+02 6.918e+02 2536027 
6.918e+02 7.244e+02 2763259 
7.244e+02 7.586e+02 3010611 
7.586e+02 7.943e+02 3272801 
7.943e+02 8.318e+02 3569348 
8.318e+02 8.710e+02 3881880 
8.710e+02 9.120e+02 4223253 
9.120e+02 9.550e+02 4590339 
9.550e+02 1.000e+03 5000332 
1.000e+03 1.047e+03 5437550 
1.047e+03 1.096e+03 5915860 
1.096e+03 1.148e+03 6432187 
1.148e+03 1.202e+03 6999403 
1.202e+03 1.259e+03 7611519 
1.259e+03 1.318e+03 8280948 
1.318e+03 1.380e+03 9005158 
1.380e+03 1.445e+03 9795124 
1.445e+03 1.514e+03 10658565 
1.514e+03 1.585e+03 11591658 
1.585e+03 1.660e+03 12612465 
1.660e+03 1.738e+03 13713945 
1.738e+03 1.820e+03 14930285 
1.820e+03 1.905e+03 16235669 
1.905e+03 1.995e+03 17651897 
1.995e+03 2.089e+03 19183391 
2.089e+03 2.188e+03 20860723 
2.188e+03 2.291e+03 22666117 
2.291e+03 2.399e+03 24627782 
2.399e+03 2.512e+03 26760004 
2.512e+03 2.630e+03 29058077 
2.630e+03 2.754e+03 31562675 
2.754e+03 2.884e+03 34288860 
2.884e+03 3.020e+03 37258558 
3.020e+03 3.162e+03 40483168 
3.162e+03 3.311e+03 43976106 
3.311e+03 3.467e+03 47723664 
3.467e+03 3.631e+03 51841795 
3.631e+03 3.802e+03 56300760 
3.802e+03 3.981e+03 61129997 
3.981e+03 4.169e+03 66355866 
4.169e+03 4.365e+03 72024274 
4.365e+03 4.571e+03 78167756 
4.571e+03 4.786e+03 84864293 
4.786e+03 5.012e+03 92126176 
5.012e+03 5.248e+03 99980588 
5.248e+03 5.495e+03 108431931 
5.495e+03 5.754e+03 117635642 
5.754e+03 6.026e+03 127563556 
6.026e+03 6.310e+03 138239758 
6.310e+03 6.607e+03 149885273 
6.607e+03 6.918e+03 162558641 
6.918e+03 7.244e+03 176285923 
7.244e+03 7.586e+03 191013655 
7.586e+03 7.943e+03 206926536 
7.943e+03 8.318e+03 224236650 
8.318e+03 8.710e+03 242947032 
8.710e+03 9.120e+03 263117571 
9.120e+03 9.550e+03 284960699 
9.550e+03 1.000e+04 308609585 
1.000e+04 1.047e+04 334004186 
1.047e+04 1.096e+04 361426090 
1.096e+04 1.148e+04 391082901 
1.148e+04 1.202e+04 423046483 
1.202e+04 1.259e+04 457481050 
1.259e+04 1.318e+04 494723420 
1.318e+04 1.380e+04 534706547 
1.380e+04 1.445e+04 577800513 
1.445e+04 1.514e+04 624525238 
1.514e+04 1.585e+04 674701605 
1.585e+04 1.660e+04 729057480 
1.660e+04 1.738e+04 787508628 
1.738e+04 1.820e+04 850363934 
1.820e+04 1.905e+04 917709306 
1.905e+04 1.995e+04 990515107 
1.995e+04 2.089e+04 1068761741 
2.089e+04 2.188e+04 1153080556 
2.188e+04 2.291e+04 1243337726 
2.291e+04 2.399e+04 1340167824 
2.399e+04 2.512e+04 1444095540 
2.512e+04 2.630e+04 1555574003 
2.630e+04 2.754e+04 1675446033 
2.754e+04 2.884e+04 1803315004 
2.884e+04 3.020e+04 1940937983 
3.020e+04 3.162e+04 2087719337 
3.162e+04 3.311e+04 2245264565 
3.311e+04 3.467e+04 2413482754 
3.467e+04 3.631e+04 2592902649 
3.631e+04 3.802e+04 2784986264 
3.802e+04 3.981e+04 2989291123 
3.981e+04 4.169e+04 3206983818 
4.169e+04 4.365e+04 3438391752 
4.365e+04 4.571e+04 3684475235 
4.571e+04 4.786e+04 3947484862 
4.786e+04 5.012e+04 4226622085 
5.012e+04 5.248e+04 4520762318 
5.248e+04 5.495e+04 4831453431 
5.495e+04 5.754e+04 5158748726 
5.754e+04 6.026e+04 5507940483 
6.026e+04 6.310e+04 5875313957 
6.310e+04 6.607e+04 6260137030 
6.607e+04 6.918e+04 6666475580 
6.918e+04 7.244e+04 7092419286 
7.244e+04 7.586e+04 7538304384 
7.586e+04 7.943e+04 8002219274 
7.943e+04 8.318e+04 8482801576 
8.318e+04 8.710e+04 8982456833 
8.710e+04 9.120e+04 9492910785 
9.120e+04 9.550e+04 10017935476 
9.550e+04 1.000e+05 10558921620 
1.000e+05 1.047e+05 11107783853 
1.047e+05 1.096e+05 11660121892 
1.096e+05 1.148e+05 12221343834 
1.148e+05 1.202e+05 12776186410 
