1.000e+00 1.047e+00 9067538 
1.047e+00 1.096e+00 9866091 
1.096e+00 1.148e+00 10742004 
1.148e+00 1.202e+00 11690533 
1.202e+00 1.259e+00 12733913 
1.259e+00 1.318e+00 13848798 
1.318e+00 1.380e+00 15049538 
1.380e+00 1.445e+00 16360078 
1.445e+00 1.514e+00 17797509 
1.514e+00 1.585e+00 19374170 
1.585e+00 1.660e+00 21059218 
1.660e+00 1.738e+00 22911420 
1.738e+00 1.820e+00 24901522 
1.820e+00 1.905e+00 27103329 
1.905e+00 1.995e+00 29497897 
1.995e+00 2.089e+00 32100459 
2.089e+00 2.188e+00 34872990 
2.188e+00 2.291e+00 37868366 
2.291e+00 2.399e+00 41180426 
2.399e+00 2.512e+00 44768453 
2.512e+00 2.630e+00 48614111 
2.630e+00 2.754e+00 52846272 
2.754e+00 2.884e+00 57445710 
2.884e+00 3.020e+00 62399569 
3.020e+00 3.162e+00 67743591 
3.162e+00 3.311e+00 73579148 
3.311e+00 3.467e+00 79929314 
3.467e+00 3.631e+00 86824218 
3.631e+00 3.802e+00 94319700 
3.802e+00 3.981e+00 102424317 
3.981e+00 4.169e+00 111174145 
4.169e+00 4.365e+00 120740350 
4.365e+00 4.571e+00 131211885 
4.571e+00 4.786e+00 142452655 
4.786e+00 5.012e+00 154668766 
5.012e+00 5.248e+00 167993875 
5.248e+00 5.495e+00 182201860 
5.495e+00 5.754e+00 197648647 
5.754e+00 6.026e+00 214507232 
6.026e+00 6.310e+00 232722494 
6.310e+00 6.607e+00 252556261 
6.607e+00 6.918e+00 274192770 
6.918e+00 7.244e+00 297474018 
7.244e+00 7.586e+00 322645591 
7.586e+00 7.943e+00 349884628 
7.943e+00 8.318e+00 379274843 
8.318e+00 8.710e+00 411149447 
8.710e+00 9.120e+00 445741070 
9.120e+00 9.550e+00 483202683 
9.550e+00 1.000e+01 523485469 
1.000e+01 1.047e+01 566760907 
1.047e+01 1.096e+01 613568799 
1.096e+01 1.148e+01 664219295 
1.148e+01 1.202e+01 719198628 
1.202e+01 1.259e+01 778541922 
1.259e+01 1.318e+01 842153908 
1.318e+01 1.380e+01 910977225 
1.380e+01 1.445e+01 985567016 
1.445e+01 1.514e+01 1066046144 
1.514e+01 1.585e+01 1153193246 
1.585e+01 1.660e+01 1246731407 
1.660e+01 1.738e+01 1347457510 
1.738e+01 1.820e+01 1455302978 
1.820e+01 1.905e+01 1571991694 
1.905e+01 1.995e+01 1698343623 
1.995e+01 2.089e+01 1834430153 
2.089e+01 2.188e+01 1979176739 
2.188e+01 2.291e+01 2134894188 
2.291e+01 2.399e+01 2303392600 
2.399e+01 2.512e+01 2484066567 
2.512e+01 2.630e+01 2679067337 
2.630e+01 2.754e+01 2888574190 
2.754e+01 2.884e+01 3113235711 
2.884e+01 3.020e+01 3352696890 
3.020e+01 3.162e+01 3609290316 
3.162e+01 3.311e+01 3884965249 
3.311e+01 3.467e+01 4178685254 
3.467e+01 3.631e+01 4493807067 
3.631e+01 3.802e+01 4829324679 
3.802e+01 3.981e+01 5187219682 
3.981e+01 4.169e+01 5567604017 
4.169e+01 4.365e+01 5973257361 
4.365e+01 4.571e+01 6405092816 
4.571e+01 4.786e+01 6859204817 
4.786e+01 5.012e+01 7343050432 
5.012e+01 5.248e+01 7854943733 
5.248e+01 5.495e+01 8391964853 
5.495e+01 5.754e+01 8952939543 
5.754e+01 6.026e+01 9545611716 
6.026e+01 6.310e+01 10166422070 
6.310e+01 6.607e+01 10816271576 
6.607e+01 6.918e+01 11490724060 
6.918e+01 7.244e+01 12189118532 
7.244e+01 7.586e+01 12911268614 
7.586e+01 7.943e+01 13644642885 
7.943e+01 8.318e+01 14386308389 
8.318e+01 8.710e+01 15134846565 
8.710e+01 9.120e+01 15877882412 
9.120e+01 9.550e+01 16608499977 
9.550e+01 1.000e+02 17312414981 
1.000e+02 1.047e+02 17975690907 
1.047e+02 1.096e+02 18567334145 
1.096e+02 1.148e+02 19063821821 
1.148e+02 1.202e+02 19440611348 
1.202e+02 1.259e+02 19661423250 
1.259e+02 1.318e+02 19675934075 
1.318e+02 1.380e+02 19394554966 
1.380e+02 1.445e+02 18746006832 
1.445e+02 1.514e+02 17616865136 
1.514e+02 1.585e+02 15849593005 
1.585e+02 1.660e+02 13218968302 
1.660e+02 1.738e+02 9250894682 
1.738e+02 1.820e+02 2856903773 
1.820e+02 1.905e+02 0 
1.905e+02 1.995e+02 0 
1.995e+02 2.089e+02 0 
2.089e+02 2.188e+02 0 
2.188e+02 2.291e+02 0 
2.291e+02 2.399e+02 0 
2.399e+02 2.512e+02 0 
2.512e+02 2.630e+02 0 
2.630e+02 2.754e+02 0 
2.754e+02 2.884e+02 0 
2.884e+02 3.020e+02 0 
3.020e+02 3.162e+02 0 
3.162e+02 3.311e+02 0 
3.311e+02 3.467e+02 0 
3.467e+02 3.631e+02 0 
3.631e+02 3.802e+02 0 
3.802e+02 3.981e+02 0 
3.981e+02 4.169e+02 0 
4.169e+02 4.365e+02 0 
4.365e+02 4.571e+02 0 
4.571e+02 4.786e+02 0 
4.786e+02 5.012e+02 0 
5.012e+02 5.248e+02 0 
5.248e+02 5.495e+02 0 
5.495e+02 5.754e+02 0 
5.754e+02 6.026e+02 0 
6.026e+02 6.310e+02 0 
6.310e+02 6.607e+02 0 
6.607e+02 6.918e+02 0 
6.918e+02 7.244e+02 0 
7.244e+02 7.586e+02 0 
7.586e+02 7.943e+02 0 
7.943e+02 8.318e+02 0 
8.318e+02 8.710e+02 0 
8.710e+02 9.120e+02 0 
9.120e+02 9.550e+02 0 
9.550e+02 1.000e+03 0 
1.000e+03 1.047e+03 0 
1.047e+03 1.096e+03 0 
1.096e+03 1.148e+03 0 
1.148e+03 1.202e+03 0 
1.202e+03 1.259e+03 0 
1.259e+03 1.318e+03 0 
1.318e+03 1.380e+03 0 
1.380e+03 1.445e+03 0 
1.445e+03 1.514e+03 0 
1.514e+03 1.585e+03 0 
1.585e+03 1.660e+03 0 
1.660e+03 1.738e+03 0 
1.738e+03 1.820e+03 0 
1.820e+03 1.905e+03 0 
1.905e+03 1.995e+03 0 
1.995e+03 2.089e+03 0 
2.089e+03 2.188e+03 0 
2.188e+03 2.291e+03 0 
2.291e+03 2.399e+03 0 
2.399e+03 2.512e+03 0 
2.512e+03 2.630e+03 0 
2.630e+03 2.754e+03 0 
2.754e+03 2.884e+03 0 
2.884e+03 3.020e+03 0 
3.020e+03 3.162e+03 0 
3.162e+03 3.311e+03 0 
3.311e+03 3.467e+03 0 
3.467e+03 3.631e+03 0 
3.631e+03 3.802e+03 0 
3.802e+03 3.981e+03 0 
3.981e+03 4.169e+03 0 
4.169e+03 4.365e+03 0 
4.365e+03 4.571e+03 0 
4.571e+03 4.786e+03 0 
4.786e+03 5.012e+03 0 
5.012e+03 5.248e+03 0 
5.248e+03 5.495e+03 0 
5.495e+03 5.754e+03 0 
5.754e+03 6.026e+03 0 
6.026e+03 6.310e+03 0 
6.310e+03 6.607e+03 0 
6.607e+03 6.918e+03 0 
6.918e+03 7.244e+03 0 
7.244e+03 7.586e+03 0 
7.586e+03 7.943e+03 0 
7.943e+03 8.318e+03 0 
8.318e+03 8.710e+03 0 
8.710e+03 9.120e+03 0 
9.120e+03 9.550e+03 0 
9.550e+03 1.000e+04 0 
1.000e+04 1.047e+04 0 
1.047e+04 1.096e+04 0 
1.096e+04 1.148e+04 0 
1.148e+04 1.202e+04 0 
1.202e+04 1.259e+04 0 
1.259e+04 1.318e+04 0 
1.318e+04 1.380e+04 0 
1.380e+04 1.445e+04 0 
1.445e+04 1.514e+04 0 
1.514e+04 1.585e+04 0 
1.585e+04 1.660e+04 0 
1.660e+04 1.738e+04 0 
1.738e+04 1.820e+04 0 
1.820e+04 1.905e+04 0 
1.905e+04 1.995e+04 0 
1.995e+04 2.089e+04 0 
2.089e+04 2.188e+04 0 
2.188e+04 2.291e+04 0 
2.291e+04 2.399e+04 0 
2.399e+04 2.512e+04 0 
2.512e+04 2.630e+04 0 
2.630e+04 2.754e+04 0 
2.754e+04 2.884e+04 0 
2.884e+04 3.020e+04 0 
3.020e+04 3.162e+04 0 
3.162e+04 3.311e+04 0 
3.311e+04 3.467e+04 0 
3.467e+04 3.631e+04 0 
3.631e+04 3.802e+04 0 
3.802e+04 3.981e+04 0 
3.981e+04 4.169e+04 0 
4.169e+04 4.365e+04 0 
4.365e+04 4.571e+04 0 
4.571e+04 4.786e+04 0 
4.786e+04 5.012e+04 0 
5.012e+04 5.248e+04 0 
5.248e+04 5.495e+04 0 
5.495e+04 5.754e+04 0 
5.754e+04 6.026e+04 0 
6.026e+04 6.310e+04 0 
6.310e+04 6.607e+04 0 
6.607e+04 6.918e+04 0 
6.918e+04 7.244e+04 0 
7.244e+04 7.586e+04 0 
7.586e+04 7.943e+04 0 
7.943e+04 8.318e+04 0 
8.318e+04 8.710e+04 0 
8.710e+04 9.120e+04 0 
9.120e+04 9.550e+04 0 
9.550e+04 1.000e+05 0 
1.000e+05 1.047e+05 0 
1.047e+05 1.096e+05 0 
1.096e+05 1.148e+05 0 
1.148e+05 1.202e+05 0 
