1.000e+00 1.047e+00 9095581 
1.047e+00 1.096e+00 9908233 
1.096e+00 1.148e+00 10778614 
1.148e+00 1.202e+00 11720369 
1.202e+00 1.259e+00 12773361 
1.259e+00 1.318e+00 13891622 
1.318e+00 1.380e+00 15111074 
1.380e+00 1.445e+00 16409005 
1.445e+00 1.514e+00 17862125 
1.514e+00 1.585e+00 19409536 
1.585e+00 1.660e+00 21121626 
1.660e+00 1.738e+00 22970758 
1.738e+00 1.820e+00 24985385 
1.820e+00 1.905e+00 27168865 
1.905e+00 1.995e+00 29541890 
1.995e+00 2.089e+00 32114380 
2.089e+00 2.188e+00 34948894 
2.188e+00 2.291e+00 38011172 
2.291e+00 2.399e+00 41296008 
2.399e+00 2.512e+00 44858829 
2.512e+00 2.630e+00 48778790 
2.630e+00 2.754e+00 52981306 
2.754e+00 2.884e+00 57558004 
2.884e+00 3.020e+00 62518700 
3.020e+00 3.162e+00 67902971 
3.162e+00 3.311e+00 73730625 
3.311e+00 3.467e+00 80108622 
3.467e+00 3.631e+00 87039081 
3.631e+00 3.802e+00 94547886 
3.802e+00 3.981e+00 102692145 
3.981e+00 4.169e+00 111501882 
4.169e+00 4.365e+00 121056633 
4.365e+00 4.571e+00 131501509 
4.571e+00 4.786e+00 142783485 
4.786e+00 5.012e+00 154971692 
5.012e+00 5.248e+00 168105609 
5.248e+00 5.495e+00 182224798 
5.495e+00 5.754e+00 197797199 
5.754e+00 6.026e+00 214615698 
6.026e+00 6.310e+00 232854181 
6.310e+00 6.607e+00 252528526 
6.607e+00 6.918e+00 273745278 
6.918e+00 7.244e+00 296831525 
7.244e+00 7.586e+00 321827791 
7.586e+00 7.943e+00 348822791 
7.943e+00 8.318e+00 378044758 
8.318e+00 8.710e+00 409854443 
8.710e+00 9.120e+00 444124591 
9.120e+00 9.550e+00 481233476 
9.550e+00 1.000e+01 521311031 
1.000e+01 1.047e+01 564848295 
1.047e+01 1.096e+01 611901903 
1.096e+01 1.148e+01 662710495 
1.148e+01 1.202e+01 717587717 
1.202e+01 1.259e+01 776616344 
1.259e+01 1.318e+01 840683057 
1.318e+01 1.380e+01 909919873 
1.380e+01 1.445e+01 984576888 
1.445e+01 1.514e+01 1065201042 
1.514e+01 1.585e+01 1151764787 
1.585e+01 1.660e+01 1245157862 
1.660e+01 1.738e+01 1345880382 
1.738e+01 1.820e+01 1455048386 
1.820e+01 1.905e+01 1572446425 
1.905e+01 1.995e+01 1698261829 
1.995e+01 2.089e+01 1832768964 
2.089e+01 2.188e+01 1978240082 
2.188e+01 2.291e+01 2135310716 
2.291e+01 2.399e+01 2303914874 
2.399e+01 2.512e+01 2485203426 
2.512e+01 2.630e+01 2679387930 
2.630e+01 2.754e+01 2888201935 
2.754e+01 2.884e+01 3112460777 
2.884e+01 3.020e+01 3352287644 
3.020e+01 3.162e+01 3609437979 
3.162e+01 3.311e+01 3885347364 
3.311e+01 3.467e+01 4178375323 
3.467e+01 3.631e+01 4491771766 
3.631e+01 3.802e+01 4826382157 
3.802e+01 3.981e+01 5185014819 
3.981e+01 4.169e+01 5563726220 
4.169e+01 4.365e+01 5967305792 
4.365e+01 4.571e+01 6397394797 
4.571e+01 4.786e+01 6854075665 
4.786e+01 5.012e+01 7338737646 
5.012e+01 5.248e+01 7850133180 
5.248e+01 5.495e+01 8391080387 
5.495e+01 5.754e+01 8960574234 
5.754e+01 6.026e+01 9552969686 
6.026e+01 6.310e+01 10174182220 
6.310e+01 6.607e+01 10824351707 
6.607e+01 6.918e+01 11502554775 
6.918e+01 7.244e+01 12198495422 
7.244e+01 7.586e+01 12915792071 
7.586e+01 7.943e+01 13645953364 
7.943e+01 8.318e+01 14386007674 
8.318e+01 8.710e+01 15134115797 
8.710e+01 9.120e+01 15872691395 
9.120e+01 9.550e+01 16605891670 
9.550e+01 1.000e+02 17313405969 
1.000e+02 1.047e+02 17979654830 
1.047e+02 1.096e+02 18578999860 
1.096e+02 1.148e+02 19084648037 
1.148e+02 1.202e+02 19456636072 
1.202e+02 1.259e+02 19676810609 
1.259e+02 1.318e+02 19665776318 
1.318e+02 1.380e+02 19375855442 
1.380e+02 1.445e+02 18734946487 
1.445e+02 1.514e+02 17617191481 
1.514e+02 1.585e+02 15853243912 
1.585e+02 1.660e+02 13213941966 
1.660e+02 1.738e+02 9232024959 
1.738e+02 1.820e+02 2863655338 
1.820e+02 1.905e+02 0 
1.905e+02 1.995e+02 0 
1.995e+02 2.089e+02 0 
2.089e+02 2.188e+02 0 
2.188e+02 2.291e+02 0 
2.291e+02 2.399e+02 0 
2.399e+02 2.512e+02 0 
2.512e+02 2.630e+02 0 
2.630e+02 2.754e+02 0 
2.754e+02 2.884e+02 0 
2.884e+02 3.020e+02 0 
3.020e+02 3.162e+02 0 
3.162e+02 3.311e+02 0 
3.311e+02 3.467e+02 0 
3.467e+02 3.631e+02 0 
3.631e+02 3.802e+02 0 
3.802e+02 3.981e+02 0 
3.981e+02 4.169e+02 0 
4.169e+02 4.365e+02 0 
4.365e+02 4.571e+02 0 
4.571e+02 4.786e+02 0 
4.786e+02 5.012e+02 0 
5.012e+02 5.248e+02 0 
5.248e+02 5.495e+02 0 
5.495e+02 5.754e+02 0 
5.754e+02 6.026e+02 0 
6.026e+02 6.310e+02 0 
6.310e+02 6.607e+02 0 
6.607e+02 6.918e+02 0 
6.918e+02 7.244e+02 0 
7.244e+02 7.586e+02 0 
7.586e+02 7.943e+02 0 
7.943e+02 8.318e+02 0 
8.318e+02 8.710e+02 0 
8.710e+02 9.120e+02 0 
9.120e+02 9.550e+02 0 
9.550e+02 1.000e+03 0 
1.000e+03 1.047e+03 0 
1.047e+03 1.096e+03 0 
1.096e+03 1.148e+03 0 
1.148e+03 1.202e+03 0 
1.202e+03 1.259e+03 0 
1.259e+03 1.318e+03 0 
1.318e+03 1.380e+03 0 
1.380e+03 1.445e+03 0 
1.445e+03 1.514e+03 0 
1.514e+03 1.585e+03 0 
1.585e+03 1.660e+03 0 
1.660e+03 1.738e+03 0 
1.738e+03 1.820e+03 0 
1.820e+03 1.905e+03 0 
1.905e+03 1.995e+03 0 
1.995e+03 2.089e+03 0 
2.089e+03 2.188e+03 0 
2.188e+03 2.291e+03 0 
2.291e+03 2.399e+03 0 
2.399e+03 2.512e+03 0 
2.512e+03 2.630e+03 0 
2.630e+03 2.754e+03 0 
2.754e+03 2.884e+03 0 
2.884e+03 3.020e+03 0 
3.020e+03 3.162e+03 0 
3.162e+03 3.311e+03 0 
3.311e+03 3.467e+03 0 
3.467e+03 3.631e+03 0 
3.631e+03 3.802e+03 0 
3.802e+03 3.981e+03 0 
3.981e+03 4.169e+03 0 
4.169e+03 4.365e+03 0 
4.365e+03 4.571e+03 0 
4.571e+03 4.786e+03 0 
4.786e+03 5.012e+03 0 
5.012e+03 5.248e+03 0 
5.248e+03 5.495e+03 0 
5.495e+03 5.754e+03 0 
5.754e+03 6.026e+03 0 
6.026e+03 6.310e+03 0 
6.310e+03 6.607e+03 0 
6.607e+03 6.918e+03 0 
6.918e+03 7.244e+03 0 
7.244e+03 7.586e+03 0 
7.586e+03 7.943e+03 0 
7.943e+03 8.318e+03 0 
8.318e+03 8.710e+03 0 
8.710e+03 9.120e+03 0 
9.120e+03 9.550e+03 0 
9.550e+03 1.000e+04 0 
1.000e+04 1.047e+04 0 
1.047e+04 1.096e+04 0 
1.096e+04 1.148e+04 0 
1.148e+04 1.202e+04 0 
1.202e+04 1.259e+04 0 
1.259e+04 1.318e+04 0 
1.318e+04 1.380e+04 0 
1.380e+04 1.445e+04 0 
1.445e+04 1.514e+04 0 
1.514e+04 1.585e+04 0 
1.585e+04 1.660e+04 0 
1.660e+04 1.738e+04 0 
1.738e+04 1.820e+04 0 
1.820e+04 1.905e+04 0 
1.905e+04 1.995e+04 0 
1.995e+04 2.089e+04 0 
2.089e+04 2.188e+04 0 
2.188e+04 2.291e+04 0 
2.291e+04 2.399e+04 0 
2.399e+04 2.512e+04 0 
2.512e+04 2.630e+04 0 
2.630e+04 2.754e+04 0 
2.754e+04 2.884e+04 0 
2.884e+04 3.020e+04 0 
3.020e+04 3.162e+04 0 
3.162e+04 3.311e+04 0 
3.311e+04 3.467e+04 0 
3.467e+04 3.631e+04 0 
3.631e+04 3.802e+04 0 
3.802e+04 3.981e+04 0 
3.981e+04 4.169e+04 0 
4.169e+04 4.365e+04 0 
4.365e+04 4.571e+04 0 
4.571e+04 4.786e+04 0 
4.786e+04 5.012e+04 0 
5.012e+04 5.248e+04 0 
5.248e+04 5.495e+04 0 
5.495e+04 5.754e+04 0 
5.754e+04 6.026e+04 0 
6.026e+04 6.310e+04 0 
6.310e+04 6.607e+04 0 
6.607e+04 6.918e+04 0 
6.918e+04 7.244e+04 0 
7.244e+04 7.586e+04 0 
7.586e+04 7.943e+04 0 
7.943e+04 8.318e+04 0 
8.318e+04 8.710e+04 0 
8.710e+04 9.120e+04 0 
9.120e+04 9.550e+04 0 
9.550e+04 1.000e+05 0 
1.000e+05 1.047e+05 0 
1.047e+05 1.096e+05 0 
1.096e+05 1.148e+05 0 
1.148e+05 1.202e+05 0 
