1.000e+00 1.047e+00 6 
1.047e+00 1.096e+00 18 
1.096e+00 1.148e+00 27 
1.148e+00 1.202e+00 15 
1.202e+00 1.259e+00 10 
1.259e+00 1.318e+00 18 
1.318e+00 1.380e+00 12 
1.380e+00 1.445e+00 24 
1.445e+00 1.514e+00 34 
1.514e+00 1.585e+00 27 
1.585e+00 1.660e+00 19 
1.660e+00 1.738e+00 34 
1.738e+00 1.820e+00 43 
1.820e+00 1.905e+00 53 
1.905e+00 1.995e+00 38 
1.995e+00 2.089e+00 37 
2.089e+00 2.188e+00 67 
2.188e+00 2.291e+00 72 
2.291e+00 2.399e+00 70 
2.399e+00 2.512e+00 68 
2.512e+00 2.630e+00 102 
2.630e+00 2.754e+00 88 
2.754e+00 2.884e+00 79 
2.884e+00 3.020e+00 116 
3.020e+00 3.162e+00 80 
3.162e+00 3.311e+00 116 
3.311e+00 3.467e+00 97 
3.467e+00 3.631e+00 158 
3.631e+00 3.802e+00 170 
3.802e+00 3.981e+00 142 
3.981e+00 4.169e+00 201 
4.169e+00 4.365e+00 223 
4.365e+00 4.571e+00 205 
4.571e+00 4.786e+00 244 
4.786e+00 5.012e+00 235 
5.012e+00 5.248e+00 311 
5.248e+00 5.495e+00 297 
5.495e+00 5.754e+00 282 
5.754e+00 6.026e+00 360 
6.026e+00 6.310e+00 390 
6.310e+00 6.607e+00 426 
6.607e+00 6.918e+00 449 
6.918e+00 7.244e+00 501 
7.244e+00 7.586e+00 570 
7.586e+00 7.943e+00 593 
7.943e+00 8.318e+00 694 
8.318e+00 8.710e+00 714 
8.710e+00 9.120e+00 753 
9.120e+00 9.550e+00 890 
9.550e+00 1.000e+01 971 
1.000e+01 1.047e+01 1035 
1.047e+01 1.096e+01 1135 
1.096e+01 1.148e+01 1162 
1.148e+01 1.202e+01 1404 
1.202e+01 1.259e+01 1467 
1.259e+01 1.318e+01 1687 
1.318e+01 1.380e+01 1774 
1.380e+01 1.445e+01 1862 
1.445e+01 1.514e+01 2056 
1.514e+01 1.585e+01 2284 
1.585e+01 1.660e+01 2441 
1.660e+01 1.738e+01 2734 
1.738e+01 1.820e+01 2992 
1.820e+01 1.905e+01 3140 
1.905e+01 1.995e+01 3503 
1.995e+01 2.089e+01 3708 
2.089e+01 2.188e+01 4087 
2.188e+01 2.291e+01 4436 
2.291e+01 2.399e+01 4895 
2.399e+01 2.512e+01 5313 
2.512e+01 2.630e+01 5972 
2.630e+01 2.754e+01 6516 
2.754e+01 2.884e+01 6974 
2.884e+01 3.020e+01 7555 
3.020e+01 3.162e+01 8175 
3.162e+01 3.311e+01 8986 
3.311e+01 3.467e+01 9863 
3.467e+01 3.631e+01 10626 
3.631e+01 3.802e+01 11605 
3.802e+01 3.981e+01 12612 
3.981e+01 4.169e+01 13847 
4.169e+01 4.365e+01 15149 
4.365e+01 4.571e+01 16246 
4.571e+01 4.786e+01 17935 
4.786e+01 5.012e+01 19621 
5.012e+01 5.248e+01 21282 
5.248e+01 5.495e+01 23238 
5.495e+01 5.754e+01 25231 
5.754e+01 6.026e+01 27587 
6.026e+01 6.310e+01 29858 
6.310e+01 6.607e+01 32908 
6.607e+01 6.918e+01 35749 
6.918e+01 7.244e+01 38999 
7.244e+01 7.586e+01 42209 
7.586e+01 7.943e+01 46061 
7.943e+01 8.318e+01 50566 
8.318e+01 8.710e+01 54899 
8.710e+01 9.120e+01 60479 
9.120e+01 9.550e+01 66095 
9.550e+01 1.000e+02 71719 
1.000e+02 1.047e+02 77996 
1.047e+02 1.096e+02 85482 
1.096e+02 1.148e+02 92796 
1.148e+02 1.202e+02 101917 
1.202e+02 1.259e+02 110247 
1.259e+02 1.318e+02 120021 
1.318e+02 1.380e+02 130998 
1.380e+02 1.445e+02 143132 
1.445e+02 1.514e+02 154748 
1.514e+02 1.585e+02 169871 
1.585e+02 1.660e+02 184509 
1.660e+02 1.738e+02 201620 
1.738e+02 1.820e+02 218574 
1.820e+02 1.905e+02 238355 
1.905e+02 1.995e+02 260013 
1.995e+02 2.089e+02 283592 
2.089e+02 2.188e+02 309353 
2.188e+02 2.291e+02 336200 
2.291e+02 2.399e+02 365903 
2.399e+02 2.512e+02 399025 
2.512e+02 2.630e+02 433727 
2.630e+02 2.754e+02 473561 
2.754e+02 2.884e+02 513594 
2.884e+02 3.020e+02 558633 
3.020e+02 3.162e+02 608218 
3.162e+02 3.311e+02 662833 
3.311e+02 3.467e+02 722290 
3.467e+02 3.631e+02 786056 
3.631e+02 3.802e+02 857587 
3.802e+02 3.981e+02 934948 
3.981e+02 4.169e+02 1016242 
4.169e+02 4.365e+02 1104767 
4.365e+02 4.571e+02 1205112 
4.571e+02 4.786e+02 1312831 
4.786e+02 5.012e+02 1429086 
5.012e+02 5.248e+02 1553528 
5.248e+02 5.495e+02 1691758 
5.495e+02 5.754e+02 1841661 
5.754e+02 6.026e+02 2001971 
6.026e+02 6.310e+02 2181487 
6.310e+02 6.607e+02 2375925 
6.607e+02 6.918e+02 2583883 
6.918e+02 7.244e+02 2813752 
7.244e+02 7.586e+02 3058774 
7.586e+02 7.943e+02 3327673 
7.943e+02 8.318e+02 3618965 
8.318e+02 8.710e+02 3939928 
8.710e+02 9.120e+02 4281732 
9.120e+02 9.550e+02 4653876 
9.550e+02 1.000e+03 5067671 
1.000e+03 1.047e+03 5509856 
1.047e+03 1.096e+03 5993962 
1.096e+03 1.148e+03 6512597 
1.148e+03 1.202e+03 7077503 
1.202e+03 1.259e+03 7698842 
1.259e+03 1.318e+03 8380620 
1.318e+03 1.380e+03 9116168 
1.380e+03 1.445e+03 9913714 
1.445e+03 1.514e+03 10783410 
1.514e+03 1.585e+03 11711913 
1.585e+03 1.660e+03 12727774 
1.660e+03 1.738e+03 13848748 
1.738e+03 1.820e+03 15046419 
1.820e+03 1.905e+03 16346285 
1.905e+03 1.995e+03 17765130 
1.995e+03 2.089e+03 19300505 
2.089e+03 2.188e+03 20979330 
2.188e+03 2.291e+03 22798298 
2.291e+03 2.399e+03 24773670 
2.399e+03 2.512e+03 26888206 
2.512e+03 2.630e+03 29202336 
2.630e+03 2.754e+03 31716577 
2.754e+03 2.884e+03 34446083 
2.884e+03 3.020e+03 37404268 
3.020e+03 3.162e+03 40605622 
3.162e+03 3.311e+03 44100473 
3.311e+03 3.467e+03 47875695 
3.467e+03 3.631e+03 51947268 
3.631e+03 3.802e+03 56387894 
3.802e+03 3.981e+03 61221034 
3.981e+03 4.169e+03 66476830 
4.169e+03 4.365e+03 72104185 
4.365e+03 4.571e+03 78216575 
4.571e+03 4.786e+03 84882195 
4.786e+03 5.012e+03 92081942 
5.012e+03 5.248e+03 99906802 
5.248e+03 5.495e+03 108320177 
5.495e+03 5.754e+03 117532954 
5.754e+03 6.026e+03 127466157 
6.026e+03 6.310e+03 138200958 
6.310e+03 6.607e+03 149893388 
6.607e+03 6.918e+03 162492472 
6.918e+03 7.244e+03 176075784 
7.244e+03 7.586e+03 190828314 
7.586e+03 7.943e+03 206855327 
7.943e+03 8.318e+03 224169253 
8.318e+03 8.710e+03 242831369 
8.710e+03 9.120e+03 262969081 
9.120e+03 9.550e+03 284747348 
9.550e+03 1.000e+04 308326153 
1.000e+04 1.047e+04 333769984 
1.047e+04 1.096e+04 361451920 
1.096e+04 1.148e+04 391281911 
1.148e+04 1.202e+04 423368086 
1.202e+04 1.259e+04 457836166 
1.259e+04 1.318e+04 495155886 
1.318e+04 1.380e+04 535369465 
1.380e+04 1.445e+04 578700414 
1.445e+04 1.514e+04 625473387 
1.514e+04 1.585e+04 675894555 
1.585e+04 1.660e+04 730386793 
1.660e+04 1.738e+04 788769226 
1.738e+04 1.820e+04 851810072 
1.820e+04 1.905e+04 919703467 
1.905e+04 1.995e+04 992614725 
1.995e+04 2.089e+04 1070719867 
2.089e+04 2.188e+04 1154318889 
2.188e+04 2.291e+04 1244848459 
2.291e+04 2.399e+04 1342186348 
2.399e+04 2.512e+04 1446607590 
2.512e+04 2.630e+04 1558450383 
2.630e+04 2.754e+04 1678938118 
2.754e+04 2.884e+04 1807558709 
2.884e+04 3.020e+04 1944921627 
3.020e+04 3.162e+04 2091581127 
3.162e+04 3.311e+04 2248043358 
3.311e+04 3.467e+04 2415590309 
3.467e+04 3.631e+04 2594653774 
3.631e+04 3.802e+04 2786445543 
3.802e+04 3.981e+04 2990554501 
3.981e+04 4.169e+04 3208526319 
4.169e+04 4.365e+04 3440911635 
4.365e+04 4.571e+04 3687449093 
4.571e+04 4.786e+04 3949806875 
4.786e+04 5.012e+04 4227862776 
5.012e+04 5.248e+04 4522724476 
5.248e+04 5.495e+04 4834530871 
5.495e+04 5.754e+04 5162869296 
5.754e+04 6.026e+04 5509782078 
6.026e+04 6.310e+04 5875901300 
6.310e+04 6.607e+04 6259922529 
6.607e+04 6.918e+04 6663969004 
6.918e+04 7.244e+04 7086305506 
7.244e+04 7.586e+04 7524797523 
7.586e+04 7.943e+04 7984702575 
7.943e+04 8.318e+04 8460149429 
8.318e+04 8.710e+04 8956424727 
8.710e+04 9.120e+04 9468291250 
9.120e+04 9.550e+04 9991133900 
9.550e+04 1.000e+05 10525814122 
1.000e+05 1.047e+05 11075450128 
1.047e+05 1.096e+05 11630240298 
1.096e+05 1.148e+05 12189725499 
1.148e+05 1.202e+05 12745677837 
