1.000e+00 1.047e+00 1062 
1.047e+00 1.096e+00 1088 
1.096e+00 1.148e+00 1158 
1.148e+00 1.202e+00 1145 
1.202e+00 1.259e+00 1233 
1.259e+00 1.318e+00 1379 
1.318e+00 1.380e+00 1392 
1.380e+00 1.445e+00 1356 
1.445e+00 1.514e+00 1424 
1.514e+00 1.585e+00 1519 
1.585e+00 1.660e+00 1635 
1.660e+00 1.738e+00 1684 
1.738e+00 1.820e+00 1810 
1.820e+00 1.905e+00 1907 
1.905e+00 1.995e+00 1911 
1.995e+00 2.089e+00 1956 
2.089e+00 2.188e+00 2033 
2.188e+00 2.291e+00 2116 
2.291e+00 2.399e+00 2203 
2.399e+00 2.512e+00 2276 
2.512e+00 2.630e+00 2397 
2.630e+00 2.754e+00 2567 
2.754e+00 2.884e+00 2603 
2.884e+00 3.020e+00 2703 
3.020e+00 3.162e+00 2883 
3.162e+00 3.311e+00 2943 
3.311e+00 3.467e+00 2958 
3.467e+00 3.631e+00 3115 
3.631e+00 3.802e+00 3229 
3.802e+00 3.981e+00 3400 
3.981e+00 4.169e+00 3508 
4.169e+00 4.365e+00 3704 
4.365e+00 4.571e+00 3906 
4.571e+00 4.786e+00 3997 
4.786e+00 5.012e+00 4090 
5.012e+00 5.248e+00 4478 
5.248e+00 5.495e+00 4642 
5.495e+00 5.754e+00 4719 
5.754e+00 6.026e+00 4884 
6.026e+00 6.310e+00 5116 
6.310e+00 6.607e+00 5276 
6.607e+00 6.918e+00 5598 
6.918e+00 7.244e+00 5816 
7.244e+00 7.586e+00 5988 
7.586e+00 7.943e+00 6397 
7.943e+00 8.318e+00 6463 
8.318e+00 8.710e+00 6970 
8.710e+00 9.120e+00 7278 
9.120e+00 9.550e+00 7619 
9.550e+00 1.000e+01 7772 
1.000e+01 1.047e+01 8155 
1.047e+01 1.096e+01 8607 
1.096e+01 1.148e+01 8851 
1.148e+01 1.202e+01 9268 
1.202e+01 1.259e+01 9980 
1.259e+01 1.318e+01 10639 
1.318e+01 1.380e+01 10971 
1.380e+01 1.445e+01 11292 
1.445e+01 1.514e+01 11956 
1.514e+01 1.585e+01 12502 
1.585e+01 1.660e+01 13399 
1.660e+01 1.738e+01 14108 
1.738e+01 1.820e+01 15013 
1.820e+01 1.905e+01 15472 
1.905e+01 1.995e+01 16370 
1.995e+01 2.089e+01 17385 
2.089e+01 2.188e+01 18396 
2.188e+01 2.291e+01 19332 
2.291e+01 2.399e+01 20505 
2.399e+01 2.512e+01 21647 
2.512e+01 2.630e+01 22886 
2.630e+01 2.754e+01 24521 
2.754e+01 2.884e+01 25946 
2.884e+01 3.020e+01 27371 
3.020e+01 3.162e+01 29227 
3.162e+01 3.311e+01 31526 
3.311e+01 3.467e+01 33383 
3.467e+01 3.631e+01 35851 
3.631e+01 3.802e+01 38104 
3.802e+01 3.981e+01 40581 
3.981e+01 4.169e+01 43529 
4.169e+01 4.365e+01 46585 
4.365e+01 4.571e+01 50758 
4.571e+01 4.786e+01 53379 
4.786e+01 5.012e+01 58013 
5.012e+01 5.248e+01 61991 
5.248e+01 5.495e+01 66045 
5.495e+01 5.754e+01 70944 
5.754e+01 6.026e+01 76245 
6.026e+01 6.310e+01 83394 
6.310e+01 6.607e+01 87906 
6.607e+01 6.918e+01 93727 
6.918e+01 7.244e+01 102021 
7.244e+01 7.586e+01 109269 
7.586e+01 7.943e+01 116839 
7.943e+01 8.318e+01 124902 
8.318e+01 8.710e+01 133738 
8.710e+01 9.120e+01 143649 
9.120e+01 9.550e+01 154290 
9.550e+01 1.000e+02 165937 
1.000e+02 1.047e+02 177538 
1.047e+02 1.096e+02 190410 
1.096e+02 1.148e+02 204893 
1.148e+02 1.202e+02 218371 
1.202e+02 1.259e+02 234790 
1.259e+02 1.318e+02 251763 
1.318e+02 1.380e+02 270399 
1.380e+02 1.445e+02 289519 
1.445e+02 1.514e+02 311053 
1.514e+02 1.585e+02 331771 
1.585e+02 1.660e+02 355934 
1.660e+02 1.738e+02 382730 
1.738e+02 1.820e+02 408949 
1.820e+02 1.905e+02 437500 
1.905e+02 1.995e+02 470758 
1.995e+02 2.089e+02 505890 
2.089e+02 2.188e+02 542518 
2.188e+02 2.291e+02 581893 
2.291e+02 2.399e+02 624180 
2.399e+02 2.512e+02 669618 
2.512e+02 2.630e+02 720127 
2.630e+02 2.754e+02 773910 
2.754e+02 2.884e+02 831680 
2.884e+02 3.020e+02 893667 
3.020e+02 3.162e+02 961850 
3.162e+02 3.311e+02 1034462 
3.311e+02 3.467e+02 1113756 
3.467e+02 3.631e+02 1197059 
3.631e+02 3.802e+02 1292991 
3.802e+02 3.981e+02 1389142 
3.981e+02 4.169e+02 1493515 
4.169e+02 4.365e+02 1610411 
4.365e+02 4.571e+02 1731086 
4.571e+02 4.786e+02 1866633 
4.786e+02 5.012e+02 2007797 
5.012e+02 5.248e+02 2163944 
5.248e+02 5.495e+02 2337330 
5.495e+02 5.754e+02 2524040 
5.754e+02 6.026e+02 2727322 
6.026e+02 6.310e+02 2940765 
6.310e+02 6.607e+02 3173044 
6.607e+02 6.918e+02 3420339 
6.918e+02 7.244e+02 3691477 
7.244e+02 7.586e+02 3987618 
7.586e+02 7.943e+02 4314691 
7.943e+02 8.318e+02 4657737 
8.318e+02 8.710e+02 5036397 
8.710e+02 9.120e+02 5442750 
9.120e+02 9.550e+02 5879286 
9.550e+02 1.000e+03 6351740 
1.000e+03 1.047e+03 6878791 
1.047e+03 1.096e+03 7423985 
1.096e+03 1.148e+03 8031067 
1.148e+03 1.202e+03 8685625 
1.202e+03 1.259e+03 9409422 
1.259e+03 1.318e+03 10187087 
1.318e+03 1.380e+03 11045077 
1.380e+03 1.445e+03 11974171 
1.445e+03 1.514e+03 12972129 
1.514e+03 1.585e+03 14068513 
1.585e+03 1.660e+03 15247568 
1.660e+03 1.738e+03 16555852 
1.738e+03 1.820e+03 17964113 
1.820e+03 1.905e+03 19469887 
1.905e+03 1.995e+03 21147527 
1.995e+03 2.089e+03 22957466 
2.089e+03 2.188e+03 24958956 
2.188e+03 2.291e+03 27123292 
2.291e+03 2.399e+03 29487275 
2.399e+03 2.512e+03 32077459 
2.512e+03 2.630e+03 34871297 
2.630e+03 2.754e+03 37950567 
2.754e+03 2.884e+03 41292471 
2.884e+03 3.020e+03 45024158 
3.020e+03 3.162e+03 49139984 
3.162e+03 3.311e+03 53634378 
3.311e+03 3.467e+03 58577607 
3.467e+03 3.631e+03 63974797 
3.631e+03 3.802e+03 69800211 
3.802e+03 3.981e+03 76232876 
3.981e+03 4.169e+03 83243956 
4.169e+03 4.365e+03 90926511 
4.365e+03 4.571e+03 99362272 
4.571e+03 4.786e+03 108635211 
4.786e+03 5.012e+03 118639912 
5.012e+03 5.248e+03 129533978 
5.248e+03 5.495e+03 141589091 
5.495e+03 5.754e+03 154871179 
5.754e+03 6.026e+03 169294330 
6.026e+03 6.310e+03 185297890 
6.310e+03 6.607e+03 202655497 
6.607e+03 6.918e+03 221550030 
6.918e+03 7.244e+03 242242840 
7.244e+03 7.586e+03 264764009 
7.586e+03 7.943e+03 289195386 
7.943e+03 8.318e+03 315862568 
8.318e+03 8.710e+03 345246126 
8.710e+03 9.120e+03 377649377 
9.120e+03 9.550e+03 413016183 
9.550e+03 1.000e+04 451956508 
1.000e+04 1.047e+04 494309373 
1.047e+04 1.096e+04 540643593 
1.096e+04 1.148e+04 591054027 
1.148e+04 1.202e+04 646505603 
1.202e+04 1.259e+04 707350604 
1.259e+04 1.318e+04 773835796 
1.318e+04 1.380e+04 846250584 
1.380e+04 1.445e+04 924774481 
1.445e+04 1.514e+04 1009726632 
1.514e+04 1.585e+04 1100789526 
1.585e+04 1.660e+04 1201164790 
1.660e+04 1.738e+04 1312905181 
1.738e+04 1.820e+04 1434726867 
1.820e+04 1.905e+04 1565818997 
1.905e+04 1.995e+04 1707696853 
1.995e+04 2.089e+04 1862098013 
2.089e+04 2.188e+04 2033152618 
2.188e+04 2.291e+04 2218018720 
2.291e+04 2.399e+04 2415445913 
2.399e+04 2.512e+04 2631973065 
2.512e+04 2.630e+04 2866923643 
2.630e+04 2.754e+04 3121852281 
2.754e+04 2.884e+04 3399458905 
2.884e+04 3.020e+04 3704145219 
3.020e+04 3.162e+04 4027745050 
3.162e+04 3.311e+04 4379496124 
3.311e+04 3.467e+04 4766888835 
3.467e+04 3.631e+04 5178109215 
3.631e+04 3.802e+04 5630654106 
3.802e+04 3.981e+04 6110298094 
3.981e+04 4.169e+04 6635600823 
4.169e+04 4.365e+04 7208173856 
4.365e+04 4.571e+04 7815347335 
4.571e+04 4.786e+04 8467097897 
4.786e+04 5.012e+04 9172490442 
5.012e+04 5.248e+04 9937767168 
5.248e+04 5.495e+04 10761901132 
5.495e+04 5.754e+04 11658214526 
5.754e+04 6.026e+04 12591377922 
6.026e+04 6.310e+04 13593388859 
6.310e+04 6.607e+04 14655087349 
6.607e+04 6.918e+04 15745317673 
6.918e+04 7.244e+04 16895569702 
7.244e+04 7.586e+04 18131714892 
7.586e+04 7.943e+04 19436620474 
7.943e+04 8.318e+04 20803064929 
8.318e+04 8.710e+04 22180711435 
8.710e+04 9.120e+04 23601619728 
9.120e+04 9.550e+04 25101321074 
9.550e+04 1.000e+05 26589331066 
1.000e+05 1.047e+05 28129477530 
1.047e+05 1.096e+05 29730274163 
1.096e+05 1.148e+05 31279974375 
1.148e+05 1.202e+05 32824800852 
