1.000e+00 1.047e+00 35 
1.047e+00 1.096e+00 31 
1.096e+00 1.148e+00 64 
1.148e+00 1.202e+00 50 
1.202e+00 1.259e+00 44 
1.259e+00 1.318e+00 71 
1.318e+00 1.380e+00 60 
1.380e+00 1.445e+00 81 
1.445e+00 1.514e+00 71 
1.514e+00 1.585e+00 83 
1.585e+00 1.660e+00 88 
1.660e+00 1.738e+00 86 
1.738e+00 1.820e+00 64 
1.820e+00 1.905e+00 97 
1.905e+00 1.995e+00 77 
1.995e+00 2.089e+00 93 
2.089e+00 2.188e+00 103 
2.188e+00 2.291e+00 128 
2.291e+00 2.399e+00 119 
2.399e+00 2.512e+00 99 
2.512e+00 2.630e+00 134 
2.630e+00 2.754e+00 118 
2.754e+00 2.884e+00 128 
2.884e+00 3.020e+00 163 
3.020e+00 3.162e+00 152 
3.162e+00 3.311e+00 171 
3.311e+00 3.467e+00 166 
3.467e+00 3.631e+00 156 
3.631e+00 3.802e+00 188 
3.802e+00 3.981e+00 202 
3.981e+00 4.169e+00 216 
4.169e+00 4.365e+00 237 
4.365e+00 4.571e+00 214 
4.571e+00 4.786e+00 200 
4.786e+00 5.012e+00 241 
5.012e+00 5.248e+00 238 
5.248e+00 5.495e+00 250 
5.495e+00 5.754e+00 275 
5.754e+00 6.026e+00 306 
6.026e+00 6.310e+00 259 
6.310e+00 6.607e+00 262 
6.607e+00 6.918e+00 315 
6.918e+00 7.244e+00 314 
7.244e+00 7.586e+00 356 
7.586e+00 7.943e+00 399 
7.943e+00 8.318e+00 372 
8.318e+00 8.710e+00 408 
8.710e+00 9.120e+00 390 
9.120e+00 9.550e+00 422 
9.550e+00 1.000e+01 477 
1.000e+01 1.047e+01 456 
1.047e+01 1.096e+01 470 
1.096e+01 1.148e+01 508 
1.148e+01 1.202e+01 503 
1.202e+01 1.259e+01 540 
1.259e+01 1.318e+01 561 
1.318e+01 1.380e+01 599 
1.380e+01 1.445e+01 625 
1.445e+01 1.514e+01 682 
1.514e+01 1.585e+01 652 
1.585e+01 1.660e+01 691 
1.660e+01 1.738e+01 754 
1.738e+01 1.820e+01 765 
1.820e+01 1.905e+01 761 
1.905e+01 1.995e+01 889 
1.995e+01 2.089e+01 889 
2.089e+01 2.188e+01 936 
2.188e+01 2.291e+01 1023 
2.291e+01 2.399e+01 1041 
2.399e+01 2.512e+01 1161 
2.512e+01 2.630e+01 1077 
2.630e+01 2.754e+01 1185 
2.754e+01 2.884e+01 1161 
2.884e+01 3.020e+01 1274 
3.020e+01 3.162e+01 1299 
3.162e+01 3.311e+01 1416 
3.311e+01 3.467e+01 1506 
3.467e+01 3.631e+01 1609 
3.631e+01 3.802e+01 1712 
3.802e+01 3.981e+01 1736 
3.981e+01 4.169e+01 1740 
4.169e+01 4.365e+01 1870 
4.365e+01 4.571e+01 2022 
4.571e+01 4.786e+01 2192 
4.786e+01 5.012e+01 2321 
5.012e+01 5.248e+01 2415 
5.248e+01 5.495e+01 2534 
5.495e+01 5.754e+01 2625 
5.754e+01 6.026e+01 2922 
6.026e+01 6.310e+01 2929 
6.310e+01 6.607e+01 3182 
6.607e+01 6.918e+01 3429 
6.918e+01 7.244e+01 3432 
7.244e+01 7.586e+01 3758 
7.586e+01 7.943e+01 3967 
7.943e+01 8.318e+01 4179 
8.318e+01 8.710e+01 4472 
8.710e+01 9.120e+01 4723 
9.120e+01 9.550e+01 4919 
9.550e+01 1.000e+02 5238 
1.000e+02 1.047e+02 5692 
1.047e+02 1.096e+02 5917 
1.096e+02 1.148e+02 6321 
1.148e+02 1.202e+02 6756 
1.202e+02 1.259e+02 7116 
1.259e+02 1.318e+02 7688 
1.318e+02 1.380e+02 8005 
1.380e+02 1.445e+02 8419 
1.445e+02 1.514e+02 9239 
1.514e+02 1.585e+02 9603 
1.585e+02 1.660e+02 10567 
1.660e+02 1.738e+02 11026 
1.738e+02 1.820e+02 11978 
1.820e+02 1.905e+02 12881 
1.905e+02 1.995e+02 13597 
1.995e+02 2.089e+02 14768 
2.089e+02 2.188e+02 15754 
2.188e+02 2.291e+02 16902 
2.291e+02 2.399e+02 18044 
2.399e+02 2.512e+02 19232 
2.512e+02 2.630e+02 20598 
2.630e+02 2.754e+02 22161 
2.754e+02 2.884e+02 23720 
2.884e+02 3.020e+02 25373 
3.020e+02 3.162e+02 27085 
3.162e+02 3.311e+02 28885 
3.311e+02 3.467e+02 30893 
3.467e+02 3.631e+02 33250 
3.631e+02 3.802e+02 35757 
3.802e+02 3.981e+02 38050 
3.981e+02 4.169e+02 40850 
4.169e+02 4.365e+02 43625 
4.365e+02 4.571e+02 46503 
4.571e+02 4.786e+02 49723 
4.786e+02 5.012e+02 53703 
5.012e+02 5.248e+02 57444 
5.248e+02 5.495e+02 61893 
5.495e+02 5.754e+02 65929 
5.754e+02 6.026e+02 70170 
6.026e+02 6.310e+02 75053 
6.310e+02 6.607e+02 80100 
6.607e+02 6.918e+02 86225 
6.918e+02 7.244e+02 92224 
7.244e+02 7.586e+02 98734 
7.586e+02 7.943e+02 106497 
7.943e+02 8.318e+02 112783 
8.318e+02 8.710e+02 122036 
8.710e+02 9.120e+02 130258 
9.120e+02 9.550e+02 140024 
9.550e+02 1.000e+03 150126 
1.000e+03 1.047e+03 160083 
1.047e+03 1.096e+03 173165 
1.096e+03 1.148e+03 183496 
1.148e+03 1.202e+03 198414 
1.202e+03 1.259e+03 213439 
1.259e+03 1.318e+03 230008 
1.318e+03 1.380e+03 247526 
1.380e+03 1.445e+03 266390 
1.445e+03 1.514e+03 286174 
1.514e+03 1.585e+03 308121 
1.585e+03 1.660e+03 331635 
1.660e+03 1.738e+03 355012 
1.738e+03 1.820e+03 383710 
1.820e+03 1.905e+03 414665 
1.905e+03 1.995e+03 447370 
1.995e+03 2.089e+03 481430 
2.089e+03 2.188e+03 519713 
2.188e+03 2.291e+03 560626 
2.291e+03 2.399e+03 608019 
2.399e+03 2.512e+03 655136 
2.512e+03 2.630e+03 707582 
2.630e+03 2.754e+03 767428 
2.754e+03 2.884e+03 832436 
2.884e+03 3.020e+03 904471 
3.020e+03 3.162e+03 973088 
3.162e+03 3.311e+03 1050221 
3.311e+03 3.467e+03 1133697 
3.467e+03 3.631e+03 1230865 
3.631e+03 3.802e+03 1332506 
3.802e+03 3.981e+03 1438014 
3.981e+03 4.169e+03 1562238 
4.169e+03 4.365e+03 1686781 
4.365e+03 4.571e+03 1830779 
4.571e+03 4.786e+03 1979526 
4.786e+03 5.012e+03 2146975 
5.012e+03 5.248e+03 2329229 
5.248e+03 5.495e+03 2513977 
5.495e+03 5.754e+03 2721807 
5.754e+03 6.026e+03 2965671 
6.026e+03 6.310e+03 3217913 
6.310e+03 6.607e+03 3485966 
6.607e+03 6.918e+03 3784068 
6.918e+03 7.244e+03 4094032 
7.244e+03 7.586e+03 4442904 
7.586e+03 7.943e+03 4813707 
7.943e+03 8.318e+03 5224455 
8.318e+03 8.710e+03 5677749 
8.710e+03 9.120e+03 6170553 
9.120e+03 9.550e+03 6715125 
9.550e+03 1.000e+04 7318940 
1.000e+04 1.047e+04 7941300 
1.047e+04 1.096e+04 8661684 
1.096e+04 1.148e+04 9442316 
1.148e+04 1.202e+04 10259590 
1.202e+04 1.259e+04 11175137 
1.259e+04 1.318e+04 12134547 
1.318e+04 1.380e+04 13179588 
1.380e+04 1.445e+04 14342755 
1.445e+04 1.514e+04 15634249 
1.514e+04 1.585e+04 17028814 
1.585e+04 1.660e+04 18516499 
1.660e+04 1.738e+04 20127545 
1.738e+04 1.820e+04 21923916 
1.820e+04 1.905e+04 23930987 
1.905e+04 1.995e+04 26079507 
1.995e+04 2.089e+04 28419828 
2.089e+04 2.188e+04 30912224 
2.188e+04 2.291e+04 33676554 
2.291e+04 2.399e+04 36717437 
2.399e+04 2.512e+04 40046244 
2.512e+04 2.630e+04 43780336 
2.630e+04 2.754e+04 47732705 
2.754e+04 2.884e+04 52281010 
2.884e+04 3.020e+04 57256000 
3.020e+04 3.162e+04 62585455 
3.162e+04 3.311e+04 68140072 
3.311e+04 3.467e+04 74050364 
3.467e+04 3.631e+04 80669285 
3.631e+04 3.802e+04 87602636 
3.802e+04 3.981e+04 95453030 
3.981e+04 4.169e+04 103879270 
4.169e+04 4.365e+04 112464108 
4.365e+04 4.571e+04 121206955 
4.571e+04 4.786e+04 130894948 
4.786e+04 5.012e+04 141952646 
5.012e+04 5.248e+04 153503859 
5.248e+04 5.495e+04 165827511 
5.495e+04 5.754e+04 178997928 
5.754e+04 6.026e+04 193411444 
6.026e+04 6.310e+04 208228597 
6.310e+04 6.607e+04 224989309 
6.607e+04 6.918e+04 244151284 
6.918e+04 7.244e+04 263148194 
7.244e+04 7.586e+04 281961963 
7.586e+04 7.943e+04 301015531 
7.943e+04 8.318e+04 319844116 
8.318e+04 8.710e+04 340556125 
8.710e+04 9.120e+04 362600459 
9.120e+04 9.550e+04 383884401 
9.550e+04 1.000e+05 406437244 
1.000e+05 1.047e+05 429907641 
1.047e+05 1.096e+05 457133739 
1.096e+05 1.148e+05 482090680 
1.148e+05 1.202e+05 507635333 
