1.000e+00 1.047e+00 9094218 
1.047e+00 1.096e+00 9898980 
1.096e+00 1.148e+00 10775673 
1.148e+00 1.202e+00 11733889 
1.202e+00 1.259e+00 12771115 
1.259e+00 1.318e+00 13880305 
1.318e+00 1.380e+00 15077339 
1.380e+00 1.445e+00 16418235 
1.445e+00 1.514e+00 17857081 
1.514e+00 1.585e+00 19428460 
1.585e+00 1.660e+00 21136447 
1.660e+00 1.738e+00 22981048 
1.738e+00 1.820e+00 25001393 
1.820e+00 1.905e+00 27200733 
1.905e+00 1.995e+00 29547385 
1.995e+00 2.089e+00 32114675 
2.089e+00 2.188e+00 34913688 
2.188e+00 2.291e+00 37948584 
2.291e+00 2.399e+00 41233172 
2.399e+00 2.512e+00 44844308 
2.512e+00 2.630e+00 48773431 
2.630e+00 2.754e+00 53022187 
2.754e+00 2.884e+00 57624690 
2.884e+00 3.020e+00 62596659 
3.020e+00 3.162e+00 67989564 
3.162e+00 3.311e+00 73844232 
3.311e+00 3.467e+00 80194783 
3.467e+00 3.631e+00 87088660 
3.631e+00 3.802e+00 94597617 
3.802e+00 3.981e+00 102797426 
3.981e+00 4.169e+00 111700090 
4.169e+00 4.365e+00 121351557 
4.365e+00 4.571e+00 131766147 
4.571e+00 4.786e+00 143109509 
4.786e+00 5.012e+00 155296165 
5.012e+00 5.248e+00 168430419 
5.248e+00 5.495e+00 183003189 
5.495e+00 5.754e+00 198582484 
5.754e+00 6.026e+00 215355170 
6.026e+00 6.310e+00 233587526 
6.310e+00 6.607e+00 253140920 
6.607e+00 6.918e+00 274526052 
6.918e+00 7.244e+00 297693720 
7.244e+00 7.586e+00 322941912 
7.586e+00 7.943e+00 350208884 
7.943e+00 8.318e+00 379713852 
8.318e+00 8.710e+00 411608292 
8.710e+00 9.120e+00 446109996 
9.120e+00 9.550e+00 483533308 
9.550e+00 1.000e+01 523556504 
1.000e+01 1.047e+01 567087849 
1.047e+01 1.096e+01 614123054 
1.096e+01 1.148e+01 665259800 
1.148e+01 1.202e+01 720169628 
1.202e+01 1.259e+01 779403344 
1.259e+01 1.318e+01 843400436 
1.318e+01 1.380e+01 912142137 
1.380e+01 1.445e+01 986527438 
1.445e+01 1.514e+01 1066708270 
1.514e+01 1.585e+01 1153374950 
1.585e+01 1.660e+01 1247014424 
1.660e+01 1.738e+01 1347974980 
1.738e+01 1.820e+01 1456190209 
1.820e+01 1.905e+01 1572791189 
1.905e+01 1.995e+01 1698632599 
1.995e+01 2.089e+01 1834296385 
2.089e+01 2.188e+01 1980500462 
2.188e+01 2.291e+01 2137147788 
2.291e+01 2.399e+01 2305293771 
2.399e+01 2.512e+01 2486332137 
2.512e+01 2.630e+01 2681112729 
2.630e+01 2.754e+01 2889529607 
2.754e+01 2.884e+01 3113304908 
2.884e+01 3.020e+01 3354064097 
3.020e+01 3.162e+01 3611481369 
3.162e+01 3.311e+01 3886491645 
3.311e+01 3.467e+01 4180103558 
3.467e+01 3.631e+01 4492454315 
3.631e+01 3.802e+01 4827729965 
3.802e+01 3.981e+01 5185278814 
3.981e+01 4.169e+01 5565975935 
4.169e+01 4.365e+01 5968695715 
4.365e+01 4.571e+01 6398529412 
4.571e+01 4.786e+01 6856413227 
4.786e+01 5.012e+01 7340789053 
5.012e+01 5.248e+01 7850810705 
5.248e+01 5.495e+01 8388638769 
5.495e+01 5.754e+01 8954887619 
5.754e+01 6.026e+01 9548592483 
6.026e+01 6.310e+01 10167090546 
6.310e+01 6.607e+01 10813621119 
6.607e+01 6.918e+01 11484175638 
6.918e+01 7.244e+01 12186987539 
7.244e+01 7.586e+01 12903001019 
7.586e+01 7.943e+01 13640191202 
7.943e+01 8.318e+01 14381338212 
8.318e+01 8.710e+01 15132131437 
8.710e+01 9.120e+01 15876783890 
9.120e+01 9.550e+01 16605653084 
9.550e+01 1.000e+02 17307809952 
1.000e+02 1.047e+02 17970230087 
1.047e+02 1.096e+02 18560530207 
1.096e+02 1.148e+02 19057500676 
1.148e+02 1.202e+02 19442709904 
1.202e+02 1.259e+02 19666980430 
1.259e+02 1.318e+02 19668677334 
1.318e+02 1.380e+02 19382398073 
1.380e+02 1.445e+02 18741572029 
1.445e+02 1.514e+02 17626519689 
1.514e+02 1.585e+02 15863600664 
1.585e+02 1.660e+02 13227181418 
1.660e+02 1.738e+02 9264393687 
1.738e+02 1.820e+02 2868871211 
1.820e+02 1.905e+02 0 
1.905e+02 1.995e+02 0 
1.995e+02 2.089e+02 0 
2.089e+02 2.188e+02 0 
2.188e+02 2.291e+02 0 
2.291e+02 2.399e+02 0 
2.399e+02 2.512e+02 0 
2.512e+02 2.630e+02 0 
2.630e+02 2.754e+02 0 
2.754e+02 2.884e+02 0 
2.884e+02 3.020e+02 0 
3.020e+02 3.162e+02 0 
3.162e+02 3.311e+02 0 
3.311e+02 3.467e+02 0 
3.467e+02 3.631e+02 0 
3.631e+02 3.802e+02 0 
3.802e+02 3.981e+02 0 
3.981e+02 4.169e+02 0 
4.169e+02 4.365e+02 0 
4.365e+02 4.571e+02 0 
4.571e+02 4.786e+02 0 
4.786e+02 5.012e+02 0 
5.012e+02 5.248e+02 0 
5.248e+02 5.495e+02 0 
5.495e+02 5.754e+02 0 
5.754e+02 6.026e+02 0 
6.026e+02 6.310e+02 0 
6.310e+02 6.607e+02 0 
6.607e+02 6.918e+02 0 
6.918e+02 7.244e+02 0 
7.244e+02 7.586e+02 0 
7.586e+02 7.943e+02 0 
7.943e+02 8.318e+02 0 
8.318e+02 8.710e+02 0 
8.710e+02 9.120e+02 0 
9.120e+02 9.550e+02 0 
9.550e+02 1.000e+03 0 
1.000e+03 1.047e+03 0 
1.047e+03 1.096e+03 0 
1.096e+03 1.148e+03 0 
1.148e+03 1.202e+03 0 
1.202e+03 1.259e+03 0 
1.259e+03 1.318e+03 0 
1.318e+03 1.380e+03 0 
1.380e+03 1.445e+03 0 
1.445e+03 1.514e+03 0 
1.514e+03 1.585e+03 0 
1.585e+03 1.660e+03 0 
1.660e+03 1.738e+03 0 
1.738e+03 1.820e+03 0 
1.820e+03 1.905e+03 0 
1.905e+03 1.995e+03 0 
1.995e+03 2.089e+03 0 
2.089e+03 2.188e+03 0 
2.188e+03 2.291e+03 0 
2.291e+03 2.399e+03 0 
2.399e+03 2.512e+03 0 
2.512e+03 2.630e+03 0 
2.630e+03 2.754e+03 0 
2.754e+03 2.884e+03 0 
2.884e+03 3.020e+03 0 
3.020e+03 3.162e+03 0 
3.162e+03 3.311e+03 0 
3.311e+03 3.467e+03 0 
3.467e+03 3.631e+03 0 
3.631e+03 3.802e+03 0 
3.802e+03 3.981e+03 0 
3.981e+03 4.169e+03 0 
4.169e+03 4.365e+03 0 
4.365e+03 4.571e+03 0 
4.571e+03 4.786e+03 0 
4.786e+03 5.012e+03 0 
5.012e+03 5.248e+03 0 
5.248e+03 5.495e+03 0 
5.495e+03 5.754e+03 0 
5.754e+03 6.026e+03 0 
6.026e+03 6.310e+03 0 
6.310e+03 6.607e+03 0 
6.607e+03 6.918e+03 0 
6.918e+03 7.244e+03 0 
7.244e+03 7.586e+03 0 
7.586e+03 7.943e+03 0 
7.943e+03 8.318e+03 0 
8.318e+03 8.710e+03 0 
8.710e+03 9.120e+03 0 
9.120e+03 9.550e+03 0 
9.550e+03 1.000e+04 0 
1.000e+04 1.047e+04 0 
1.047e+04 1.096e+04 0 
1.096e+04 1.148e+04 0 
1.148e+04 1.202e+04 0 
1.202e+04 1.259e+04 0 
1.259e+04 1.318e+04 0 
1.318e+04 1.380e+04 0 
1.380e+04 1.445e+04 0 
1.445e+04 1.514e+04 0 
1.514e+04 1.585e+04 0 
1.585e+04 1.660e+04 0 
1.660e+04 1.738e+04 0 
1.738e+04 1.820e+04 0 
1.820e+04 1.905e+04 0 
1.905e+04 1.995e+04 0 
1.995e+04 2.089e+04 0 
2.089e+04 2.188e+04 0 
2.188e+04 2.291e+04 0 
2.291e+04 2.399e+04 0 
2.399e+04 2.512e+04 0 
2.512e+04 2.630e+04 0 
2.630e+04 2.754e+04 0 
2.754e+04 2.884e+04 0 
2.884e+04 3.020e+04 0 
3.020e+04 3.162e+04 0 
3.162e+04 3.311e+04 0 
3.311e+04 3.467e+04 0 
3.467e+04 3.631e+04 0 
3.631e+04 3.802e+04 0 
3.802e+04 3.981e+04 0 
3.981e+04 4.169e+04 0 
4.169e+04 4.365e+04 0 
4.365e+04 4.571e+04 0 
4.571e+04 4.786e+04 0 
4.786e+04 5.012e+04 0 
5.012e+04 5.248e+04 0 
5.248e+04 5.495e+04 0 
5.495e+04 5.754e+04 0 
5.754e+04 6.026e+04 0 
6.026e+04 6.310e+04 0 
6.310e+04 6.607e+04 0 
6.607e+04 6.918e+04 0 
6.918e+04 7.244e+04 0 
7.244e+04 7.586e+04 0 
7.586e+04 7.943e+04 0 
7.943e+04 8.318e+04 0 
8.318e+04 8.710e+04 0 
8.710e+04 9.120e+04 0 
9.120e+04 9.550e+04 0 
9.550e+04 1.000e+05 0 
1.000e+05 1.047e+05 0 
1.047e+05 1.096e+05 0 
1.096e+05 1.148e+05 0 
1.148e+05 1.202e+05 0 
