1.000e+00 1.047e+00 13 
1.047e+00 1.096e+00 5 
1.096e+00 1.148e+00 17 
1.148e+00 1.202e+00 10 
1.202e+00 1.259e+00 16 
1.259e+00 1.318e+00 7 
1.318e+00 1.380e+00 12 
1.380e+00 1.445e+00 16 
1.445e+00 1.514e+00 26 
1.514e+00 1.585e+00 19 
1.585e+00 1.660e+00 20 
1.660e+00 1.738e+00 24 
1.738e+00 1.820e+00 27 
1.820e+00 1.905e+00 20 
1.905e+00 1.995e+00 22 
1.995e+00 2.089e+00 21 
2.089e+00 2.188e+00 25 
2.188e+00 2.291e+00 37 
2.291e+00 2.399e+00 48 
2.399e+00 2.512e+00 38 
2.512e+00 2.630e+00 57 
2.630e+00 2.754e+00 63 
2.754e+00 2.884e+00 61 
2.884e+00 3.020e+00 63 
3.020e+00 3.162e+00 78 
3.162e+00 3.311e+00 95 
3.311e+00 3.467e+00 96 
3.467e+00 3.631e+00 84 
3.631e+00 3.802e+00 110 
3.802e+00 3.981e+00 111 
3.981e+00 4.169e+00 116 
4.169e+00 4.365e+00 133 
4.365e+00 4.571e+00 128 
4.571e+00 4.786e+00 144 
4.786e+00 5.012e+00 160 
5.012e+00 5.248e+00 194 
5.248e+00 5.495e+00 221 
5.495e+00 5.754e+00 209 
5.754e+00 6.026e+00 237 
6.026e+00 6.310e+00 287 
6.310e+00 6.607e+00 296 
6.607e+00 6.918e+00 316 
6.918e+00 7.244e+00 355 
7.244e+00 7.586e+00 372 
7.586e+00 7.943e+00 411 
7.943e+00 8.318e+00 470 
8.318e+00 8.710e+00 497 
8.710e+00 9.120e+00 530 
9.120e+00 9.550e+00 608 
9.550e+00 1.000e+01 684 
1.000e+01 1.047e+01 757 
1.047e+01 1.096e+01 803 
1.096e+01 1.148e+01 902 
1.148e+01 1.202e+01 973 
1.202e+01 1.259e+01 1050 
1.259e+01 1.318e+01 1226 
1.318e+01 1.380e+01 1251 
1.380e+01 1.445e+01 1434 
1.445e+01 1.514e+01 1520 
1.514e+01 1.585e+01 1689 
1.585e+01 1.660e+01 1850 
1.660e+01 1.738e+01 2026 
1.738e+01 1.820e+01 2112 
1.820e+01 1.905e+01 2464 
1.905e+01 1.995e+01 2637 
1.995e+01 2.089e+01 2844 
2.089e+01 2.188e+01 3209 
2.188e+01 2.291e+01 3472 
2.291e+01 2.399e+01 3869 
2.399e+01 2.512e+01 4086 
2.512e+01 2.630e+01 4443 
2.630e+01 2.754e+01 5019 
2.754e+01 2.884e+01 5414 
2.884e+01 3.020e+01 6114 
3.020e+01 3.162e+01 6697 
3.162e+01 3.311e+01 7201 
3.311e+01 3.467e+01 7966 
3.467e+01 3.631e+01 8858 
3.631e+01 3.802e+01 9705 
3.802e+01 3.981e+01 10677 
3.981e+01 4.169e+01 11460 
4.169e+01 4.365e+01 12710 
4.365e+01 4.571e+01 13900 
4.571e+01 4.786e+01 15276 
4.786e+01 5.012e+01 17034 
5.012e+01 5.248e+01 18476 
5.248e+01 5.495e+01 20128 
5.495e+01 5.754e+01 22220 
5.754e+01 6.026e+01 24004 
6.026e+01 6.310e+01 26199 
6.310e+01 6.607e+01 28822 
6.607e+01 6.918e+01 31785 
6.918e+01 7.244e+01 35157 
7.244e+01 7.586e+01 38465 
7.586e+01 7.943e+01 42053 
7.943e+01 8.318e+01 46036 
8.318e+01 8.710e+01 50638 
8.710e+01 9.120e+01 55402 
9.120e+01 9.550e+01 60506 
9.550e+01 1.000e+02 66650 
1.000e+02 1.047e+02 72649 
1.047e+02 1.096e+02 79878 
1.096e+02 1.148e+02 88370 
1.148e+02 1.202e+02 96059 
1.202e+02 1.259e+02 105806 
1.259e+02 1.318e+02 115712 
1.318e+02 1.380e+02 127082 
1.380e+02 1.445e+02 138534 
1.445e+02 1.514e+02 152330 
1.514e+02 1.585e+02 167678 
1.585e+02 1.660e+02 183355 
1.660e+02 1.738e+02 201097 
1.738e+02 1.820e+02 219330 
1.820e+02 1.905e+02 240687 
1.905e+02 1.995e+02 265105 
1.995e+02 2.089e+02 290068 
2.089e+02 2.188e+02 318137 
2.188e+02 2.291e+02 348087 
2.291e+02 2.399e+02 382750 
2.399e+02 2.512e+02 418830 
2.512e+02 2.630e+02 458697 
2.630e+02 2.754e+02 504466 
2.754e+02 2.884e+02 553894 
2.884e+02 3.020e+02 607351 
3.020e+02 3.162e+02 665839 
3.162e+02 3.311e+02 728040 
3.311e+02 3.467e+02 800849 
3.467e+02 3.631e+02 878778 
3.631e+02 3.802e+02 960252 
3.802e+02 3.981e+02 1052304 
3.981e+02 4.169e+02 1154887 
4.169e+02 4.365e+02 1266270 
4.365e+02 4.571e+02 1389884 
4.571e+02 4.786e+02 1524134 
4.786e+02 5.012e+02 1667158 
5.012e+02 5.248e+02 1827652 
5.248e+02 5.495e+02 2005115 
5.495e+02 5.754e+02 2198948 
5.754e+02 6.026e+02 2409164 
6.026e+02 6.310e+02 2640539 
6.310e+02 6.607e+02 2893221 
6.607e+02 6.918e+02 3170956 
6.918e+02 7.244e+02 3480861 
7.244e+02 7.586e+02 3811141 
7.586e+02 7.943e+02 4177940 
7.943e+02 8.318e+02 4574519 
8.318e+02 8.710e+02 5022816 
8.710e+02 9.120e+02 5501419 
9.120e+02 9.550e+02 6036981 
9.550e+02 1.000e+03 6605500 
1.000e+03 1.047e+03 7249700 
1.047e+03 1.096e+03 7947090 
1.096e+03 1.148e+03 8707743 
1.148e+03 1.202e+03 9545871 
1.202e+03 1.259e+03 10462294 
1.259e+03 1.318e+03 11461173 
1.318e+03 1.380e+03 12553050 
1.380e+03 1.445e+03 13753276 
1.445e+03 1.514e+03 15081950 
1.514e+03 1.585e+03 16534826 
1.585e+03 1.660e+03 18120886 
1.660e+03 1.738e+03 19862187 
1.738e+03 1.820e+03 21761040 
1.820e+03 1.905e+03 23843496 
1.905e+03 1.995e+03 26130771 
1.995e+03 2.089e+03 28632321 
2.089e+03 2.188e+03 31391112 
2.188e+03 2.291e+03 34372189 
2.291e+03 2.399e+03 37644094 
2.399e+03 2.512e+03 41260691 
2.512e+03 2.630e+03 45212380 
2.630e+03 2.754e+03 49527314 
2.754e+03 2.884e+03 54230208 
2.884e+03 3.020e+03 59405993 
3.020e+03 3.162e+03 65093618 
3.162e+03 3.311e+03 71319905 
3.311e+03 3.467e+03 78081639 
3.467e+03 3.631e+03 85462769 
3.631e+03 3.802e+03 93561048 
3.802e+03 3.981e+03 102434067 
3.981e+03 4.169e+03 112146955 
4.169e+03 4.365e+03 122753322 
4.365e+03 4.571e+03 134381323 
4.571e+03 4.786e+03 147102563 
4.786e+03 5.012e+03 160995974 
5.012e+03 5.248e+03 176201711 
5.248e+03 5.495e+03 192783057 
5.495e+03 5.754e+03 210934295 
5.754e+03 6.026e+03 230821377 
6.026e+03 6.310e+03 252557764 
6.310e+03 6.607e+03 276283961 
6.607e+03 6.918e+03 302369680 
6.918e+03 7.244e+03 330641989 
7.244e+03 7.586e+03 361746202 
7.586e+03 7.943e+03 395624074 
7.943e+03 8.318e+03 432772959 
8.318e+03 8.710e+03 473334469 
8.710e+03 9.120e+03 517594659 
9.120e+03 9.550e+03 565765292 
9.550e+03 1.000e+04 618227797 
1.000e+04 1.047e+04 675108146 
1.047e+04 1.096e+04 736702054 
1.096e+04 1.148e+04 804300228 
1.148e+04 1.202e+04 878412687 
1.202e+04 1.259e+04 959123977 
1.259e+04 1.318e+04 1047100501 
1.318e+04 1.380e+04 1142257195 
1.380e+04 1.445e+04 1245798448 
1.445e+04 1.514e+04 1359283038 
1.514e+04 1.585e+04 1483296832 
1.585e+04 1.660e+04 1619138102 
1.660e+04 1.738e+04 1767097412 
1.738e+04 1.820e+04 1928061563 
1.820e+04 1.905e+04 2102157133 
1.905e+04 1.995e+04 2290577917 
1.995e+04 2.089e+04 2495642793 
2.089e+04 2.188e+04 2719099391 
2.188e+04 2.291e+04 2960325533 
2.291e+04 2.399e+04 3221680595 
2.399e+04 2.512e+04 3504437898 
2.512e+04 2.630e+04 3812288350 
2.630e+04 2.754e+04 4146531470 
2.754e+04 2.884e+04 4507300203 
2.884e+04 3.020e+04 4899289044 
3.020e+04 3.162e+04 5325823271 
3.162e+04 3.311e+04 5786706675 
3.311e+04 3.467e+04 6282600865 
3.467e+04 3.631e+04 6816233079 
3.631e+04 3.802e+04 7386485845 
3.802e+04 3.981e+04 7997205494 
3.981e+04 4.169e+04 8664705686 
4.169e+04 4.365e+04 9388050641 
4.365e+04 4.571e+04 10162655629 
4.571e+04 4.786e+04 10992859635 
4.786e+04 5.012e+04 11886956121 
5.012e+04 5.248e+04 12847322650 
5.248e+04 5.495e+04 13872202242 
5.495e+04 5.754e+04 14938045119 
5.754e+04 6.026e+04 16081627702 
6.026e+04 6.310e+04 17310760123 
6.310e+04 6.607e+04 18608919775 
6.607e+04 6.918e+04 19980428795 
6.918e+04 7.244e+04 21416805438 
7.244e+04 7.586e+04 22927771036 
7.586e+04 7.943e+04 24566824755 
7.943e+04 8.318e+04 26279724496 
8.318e+04 8.710e+04 28045112720 
8.710e+04 9.120e+04 29914817420 
9.120e+04 9.550e+04 31784856403 
9.550e+04 1.000e+05 33685001406 
1.000e+05 1.047e+05 35637323813 
1.047e+05 1.096e+05 37700486150 
1.096e+05 1.148e+05 39842752301 
1.148e+05 1.202e+05 41972895054 
