1.000e+00 1.047e+00 10 
1.047e+00 1.096e+00 20 
1.096e+00 1.148e+00 19 
1.148e+00 1.202e+00 11 
1.202e+00 1.259e+00 15 
1.259e+00 1.318e+00 10 
1.318e+00 1.380e+00 12 
1.380e+00 1.445e+00 19 
1.445e+00 1.514e+00 40 
1.514e+00 1.585e+00 27 
1.585e+00 1.660e+00 23 
1.660e+00 1.738e+00 23 
1.738e+00 1.820e+00 37 
1.820e+00 1.905e+00 43 
1.905e+00 1.995e+00 33 
1.995e+00 2.089e+00 28 
2.089e+00 2.188e+00 70 
2.188e+00 2.291e+00 86 
2.291e+00 2.399e+00 52 
2.399e+00 2.512e+00 60 
2.512e+00 2.630e+00 90 
2.630e+00 2.754e+00 59 
2.754e+00 2.884e+00 73 
2.884e+00 3.020e+00 111 
3.020e+00 3.162e+00 97 
3.162e+00 3.311e+00 109 
3.311e+00 3.467e+00 124 
3.467e+00 3.631e+00 136 
3.631e+00 3.802e+00 133 
3.802e+00 3.981e+00 153 
3.981e+00 4.169e+00 171 
4.169e+00 4.365e+00 207 
4.365e+00 4.571e+00 214 
4.571e+00 4.786e+00 253 
4.786e+00 5.012e+00 238 
5.012e+00 5.248e+00 290 
5.248e+00 5.495e+00 311 
5.495e+00 5.754e+00 283 
5.754e+00 6.026e+00 326 
6.026e+00 6.310e+00 382 
6.310e+00 6.607e+00 414 
6.607e+00 6.918e+00 460 
6.918e+00 7.244e+00 497 
7.244e+00 7.586e+00 584 
7.586e+00 7.943e+00 593 
7.943e+00 8.318e+00 660 
8.318e+00 8.710e+00 737 
8.710e+00 9.120e+00 806 
9.120e+00 9.550e+00 829 
9.550e+00 1.000e+01 855 
1.000e+01 1.047e+01 939 
1.047e+01 1.096e+01 1154 
1.096e+01 1.148e+01 1144 
1.148e+01 1.202e+01 1315 
1.202e+01 1.259e+01 1425 
1.259e+01 1.318e+01 1601 
1.318e+01 1.380e+01 1612 
1.380e+01 1.445e+01 1793 
1.445e+01 1.514e+01 2039 
1.514e+01 1.585e+01 2228 
1.585e+01 1.660e+01 2480 
1.660e+01 1.738e+01 2507 
1.738e+01 1.820e+01 2749 
1.820e+01 1.905e+01 3078 
1.905e+01 1.995e+01 3370 
1.995e+01 2.089e+01 3705 
2.089e+01 2.188e+01 3913 
2.188e+01 2.291e+01 4286 
2.291e+01 2.399e+01 4720 
2.399e+01 2.512e+01 5226 
2.512e+01 2.630e+01 5674 
2.630e+01 2.754e+01 6343 
2.754e+01 2.884e+01 6674 
2.884e+01 3.020e+01 7281 
3.020e+01 3.162e+01 7968 
3.162e+01 3.311e+01 8750 
3.311e+01 3.467e+01 9566 
3.467e+01 3.631e+01 10204 
3.631e+01 3.802e+01 11441 
3.802e+01 3.981e+01 12596 
3.981e+01 4.169e+01 13702 
4.169e+01 4.365e+01 14727 
4.365e+01 4.571e+01 16058 
4.571e+01 4.786e+01 17547 
4.786e+01 5.012e+01 19498 
5.012e+01 5.248e+01 20825 
5.248e+01 5.495e+01 22695 
5.495e+01 5.754e+01 24885 
5.754e+01 6.026e+01 27272 
6.026e+01 6.310e+01 29670 
6.310e+01 6.607e+01 32417 
6.607e+01 6.918e+01 35096 
6.918e+01 7.244e+01 38179 
7.244e+01 7.586e+01 41868 
7.586e+01 7.943e+01 45417 
7.943e+01 8.318e+01 49457 
8.318e+01 8.710e+01 54044 
8.710e+01 9.120e+01 59139 
9.120e+01 9.550e+01 63802 
9.550e+01 1.000e+02 69641 
1.000e+02 1.047e+02 76083 
1.047e+02 1.096e+02 82702 
1.096e+02 1.148e+02 90326 
1.148e+02 1.202e+02 98622 
1.202e+02 1.259e+02 106955 
1.259e+02 1.318e+02 117505 
1.318e+02 1.380e+02 127709 
1.380e+02 1.445e+02 139002 
1.445e+02 1.514e+02 151399 
1.514e+02 1.585e+02 165211 
1.585e+02 1.660e+02 179727 
1.660e+02 1.738e+02 195803 
1.738e+02 1.820e+02 213700 
1.820e+02 1.905e+02 233138 
1.905e+02 1.995e+02 254032 
1.995e+02 2.089e+02 276944 
2.089e+02 2.188e+02 302542 
2.188e+02 2.291e+02 329731 
2.291e+02 2.399e+02 358029 
2.399e+02 2.512e+02 390237 
2.512e+02 2.630e+02 424180 
2.630e+02 2.754e+02 462918 
2.754e+02 2.884e+02 503998 
2.884e+02 3.020e+02 549583 
3.020e+02 3.162e+02 597597 
3.162e+02 3.311e+02 652584 
3.311e+02 3.467e+02 711664 
3.467e+02 3.631e+02 773863 
3.631e+02 3.802e+02 842061 
3.802e+02 3.981e+02 917913 
3.981e+02 4.169e+02 1000374 
4.169e+02 4.365e+02 1089242 
4.365e+02 4.571e+02 1183715 
4.571e+02 4.786e+02 1289352 
4.786e+02 5.012e+02 1402007 
5.012e+02 5.248e+02 1525733 
5.248e+02 5.495e+02 1663011 
5.495e+02 5.754e+02 1808323 
5.754e+02 6.026e+02 1969641 
6.026e+02 6.310e+02 2145735 
6.310e+02 6.607e+02 2337570 
6.607e+02 6.918e+02 2543235 
6.918e+02 7.244e+02 2772525 
7.244e+02 7.586e+02 3016359 
7.586e+02 7.943e+02 3281979 
7.943e+02 8.318e+02 3577369 
8.318e+02 8.710e+02 3891330 
8.710e+02 9.120e+02 4232468 
9.120e+02 9.550e+02 4608106 
9.550e+02 1.000e+03 5019287 
1.000e+03 1.047e+03 5464438 
1.047e+03 1.096e+03 5944309 
1.096e+03 1.148e+03 6460956 
1.148e+03 1.202e+03 7030838 
1.202e+03 1.259e+03 7646151 
1.259e+03 1.318e+03 8316001 
1.318e+03 1.380e+03 9047704 
1.380e+03 1.445e+03 9838497 
1.445e+03 1.514e+03 10688547 
1.514e+03 1.585e+03 11640263 
1.585e+03 1.660e+03 12649070 
1.660e+03 1.738e+03 13759669 
1.738e+03 1.820e+03 14953556 
1.820e+03 1.905e+03 16254051 
1.905e+03 1.995e+03 17666611 
1.995e+03 2.089e+03 19198757 
2.089e+03 2.188e+03 20877312 
2.188e+03 2.291e+03 22680131 
2.291e+03 2.399e+03 24644599 
2.399e+03 2.512e+03 26776264 
2.512e+03 2.630e+03 29075206 
2.630e+03 2.754e+03 31568717 
2.754e+03 2.884e+03 34251915 
2.884e+03 3.020e+03 37165548 
3.020e+03 3.162e+03 40381536 
3.162e+03 3.311e+03 43871508 
3.311e+03 3.467e+03 47654770 
3.467e+03 3.631e+03 51733790 
3.631e+03 3.802e+03 56153270 
3.802e+03 3.981e+03 60965366 
3.981e+03 4.169e+03 66129440 
4.169e+03 4.365e+03 71753742 
4.365e+03 4.571e+03 77846850 
4.571e+03 4.786e+03 84449064 
4.786e+03 5.012e+03 91652137 
5.012e+03 5.248e+03 99462897 
5.248e+03 5.495e+03 107863955 
5.495e+03 5.754e+03 117014633 
5.754e+03 6.026e+03 126990054 
6.026e+03 6.310e+03 137671666 
6.310e+03 6.607e+03 149229673 
6.607e+03 6.918e+03 161809456 
6.918e+03 7.244e+03 175384892 
7.244e+03 7.586e+03 190099872 
7.586e+03 7.943e+03 205994177 
7.943e+03 8.318e+03 223245224 
8.318e+03 8.710e+03 241791537 
8.710e+03 9.120e+03 261893162 
9.120e+03 9.550e+03 283608055 
9.550e+03 1.000e+04 307167591 
1.000e+04 1.047e+04 332460303 
1.047e+04 1.096e+04 359844218 
1.096e+04 1.148e+04 389485490 
1.148e+04 1.202e+04 421647219 
1.202e+04 1.259e+04 456262656 
1.259e+04 1.318e+04 493573805 
1.318e+04 1.380e+04 534004760 
1.380e+04 1.445e+04 577465465 
1.445e+04 1.514e+04 624221865 
1.514e+04 1.585e+04 674508906 
1.585e+04 1.660e+04 728855358 
1.660e+04 1.738e+04 787496643 
1.738e+04 1.820e+04 850670693 
1.820e+04 1.905e+04 918427197 
1.905e+04 1.995e+04 991541835 
1.995e+04 2.089e+04 1069942367 
2.089e+04 2.188e+04 1154054590 
2.188e+04 2.291e+04 1244849674 
2.291e+04 2.399e+04 1342320527 
2.399e+04 2.512e+04 1447123802 
2.512e+04 2.630e+04 1558983456 
2.630e+04 2.754e+04 1679216872 
2.754e+04 2.884e+04 1807662032 
2.884e+04 3.020e+04 1945799381 
3.020e+04 3.162e+04 2093107218 
3.162e+04 3.311e+04 2250707012 
3.311e+04 3.467e+04 2418943267 
3.467e+04 3.631e+04 2598142092 
3.631e+04 3.802e+04 2789672911 
3.802e+04 3.981e+04 2994868838 
3.981e+04 4.169e+04 3212965556 
4.169e+04 4.365e+04 3445409697 
4.365e+04 4.571e+04 3692578016 
4.571e+04 4.786e+04 3954108974 
4.786e+04 5.012e+04 4231240977 
5.012e+04 5.248e+04 4524556412 
5.248e+04 5.495e+04 4837286681 
5.495e+04 5.754e+04 5166721088 
5.754e+04 6.026e+04 5514019287 
6.026e+04 6.310e+04 5878203171 
6.310e+04 6.607e+04 6264278433 
6.607e+04 6.918e+04 6670752926 
6.918e+04 7.244e+04 7095797567 
7.244e+04 7.586e+04 7537792330 
7.586e+04 7.943e+04 7997637855 
7.943e+04 8.318e+04 8476107245 
8.318e+04 8.710e+04 8971413872 
8.710e+04 9.120e+04 9488052304 
9.120e+04 9.550e+04 10011774334 
9.550e+04 1.000e+05 10551662475 
1.000e+05 1.047e+05 11103757779 
1.047e+05 1.096e+05 11661692648 
1.096e+05 1.148e+05 12220323101 
1.148e+05 1.202e+05 12770019344 
