1.000e+00 1.047e+00 332 
1.047e+00 1.096e+00 334 
1.096e+00 1.148e+00 392 
1.148e+00 1.202e+00 416 
1.202e+00 1.259e+00 374 
1.259e+00 1.318e+00 427 
1.318e+00 1.380e+00 525 
1.380e+00 1.445e+00 469 
1.445e+00 1.514e+00 529 
1.514e+00 1.585e+00 515 
1.585e+00 1.660e+00 571 
1.660e+00 1.738e+00 571 
1.738e+00 1.820e+00 618 
1.820e+00 1.905e+00 581 
1.905e+00 1.995e+00 646 
1.995e+00 2.089e+00 673 
2.089e+00 2.188e+00 691 
2.188e+00 2.291e+00 764 
2.291e+00 2.399e+00 778 
2.399e+00 2.512e+00 823 
2.512e+00 2.630e+00 846 
2.630e+00 2.754e+00 923 
2.754e+00 2.884e+00 1005 
2.884e+00 3.020e+00 1003 
3.020e+00 3.162e+00 1079 
3.162e+00 3.311e+00 1020 
3.311e+00 3.467e+00 1134 
3.467e+00 3.631e+00 1184 
3.631e+00 3.802e+00 1243 
3.802e+00 3.981e+00 1193 
3.981e+00 4.169e+00 1310 
4.169e+00 4.365e+00 1298 
4.365e+00 4.571e+00 1318 
4.571e+00 4.786e+00 1494 
4.786e+00 5.012e+00 1506 
5.012e+00 5.248e+00 1603 
5.248e+00 5.495e+00 1609 
5.495e+00 5.754e+00 1729 
5.754e+00 6.026e+00 1753 
6.026e+00 6.310e+00 1824 
6.310e+00 6.607e+00 1970 
6.607e+00 6.918e+00 2067 
6.918e+00 7.244e+00 2102 
7.244e+00 7.586e+00 2252 
7.586e+00 7.943e+00 2307 
7.943e+00 8.318e+00 2325 
8.318e+00 8.710e+00 2444 
8.710e+00 9.120e+00 2567 
9.120e+00 9.550e+00 2716 
9.550e+00 1.000e+01 2876 
1.000e+01 1.047e+01 2910 
1.047e+01 1.096e+01 3107 
1.096e+01 1.148e+01 3174 
1.148e+01 1.202e+01 3479 
1.202e+01 1.259e+01 3663 
1.259e+01 1.318e+01 3765 
1.318e+01 1.380e+01 3990 
1.380e+01 1.445e+01 4098 
1.445e+01 1.514e+01 4341 
1.514e+01 1.585e+01 4424 
1.585e+01 1.660e+01 4807 
1.660e+01 1.738e+01 5063 
1.738e+01 1.820e+01 5251 
1.820e+01 1.905e+01 5477 
1.905e+01 1.995e+01 5687 
1.995e+01 2.089e+01 5988 
2.089e+01 2.188e+01 6375 
2.188e+01 2.291e+01 6716 
2.291e+01 2.399e+01 7028 
2.399e+01 2.512e+01 7508 
2.512e+01 2.630e+01 7786 
2.630e+01 2.754e+01 8253 
2.754e+01 2.884e+01 8656 
2.884e+01 3.020e+01 9371 
3.020e+01 3.162e+01 9684 
3.162e+01 3.311e+01 10161 
3.311e+01 3.467e+01 10645 
3.467e+01 3.631e+01 11450 
3.631e+01 3.802e+01 12248 
3.802e+01 3.981e+01 12736 
3.981e+01 4.169e+01 13620 
4.169e+01 4.365e+01 14132 
4.365e+01 4.571e+01 15322 
4.571e+01 4.786e+01 16378 
4.786e+01 5.012e+01 17431 
5.012e+01 5.248e+01 18129 
5.248e+01 5.495e+01 19590 
5.495e+01 5.754e+01 20975 
5.754e+01 6.026e+01 22434 
6.026e+01 6.310e+01 24003 
6.310e+01 6.607e+01 25588 
6.607e+01 6.918e+01 27031 
6.918e+01 7.244e+01 29546 
7.244e+01 7.586e+01 31025 
7.586e+01 7.943e+01 33439 
7.943e+01 8.318e+01 35776 
8.318e+01 8.710e+01 38333 
8.710e+01 9.120e+01 41234 
9.120e+01 9.550e+01 44176 
9.550e+01 1.000e+02 47489 
1.000e+02 1.047e+02 50826 
1.047e+02 1.096e+02 54504 
1.096e+02 1.148e+02 58467 
1.148e+02 1.202e+02 62362 
1.202e+02 1.259e+02 67096 
1.259e+02 1.318e+02 71582 
1.318e+02 1.380e+02 77339 
1.380e+02 1.445e+02 83093 
1.445e+02 1.514e+02 88778 
1.514e+02 1.585e+02 95175 
1.585e+02 1.660e+02 101335 
1.660e+02 1.738e+02 109604 
1.738e+02 1.820e+02 116795 
1.820e+02 1.905e+02 125139 
1.905e+02 1.995e+02 134968 
1.995e+02 2.089e+02 143749 
2.089e+02 2.188e+02 154225 
2.188e+02 2.291e+02 165580 
2.291e+02 2.399e+02 177812 
2.399e+02 2.512e+02 190606 
2.512e+02 2.630e+02 203946 
2.630e+02 2.754e+02 218153 
2.754e+02 2.884e+02 234363 
2.884e+02 3.020e+02 250692 
3.020e+02 3.162e+02 269042 
3.162e+02 3.311e+02 288301 
3.311e+02 3.467e+02 309786 
3.467e+02 3.631e+02 331315 
3.631e+02 3.802e+02 355860 
3.802e+02 3.981e+02 381681 
3.981e+02 4.169e+02 408199 
4.169e+02 4.365e+02 439199 
4.365e+02 4.571e+02 469153 
4.571e+02 4.786e+02 504720 
4.786e+02 5.012e+02 540826 
5.012e+02 5.248e+02 581737 
5.248e+02 5.495e+02 625295 
5.495e+02 5.754e+02 672377 
5.754e+02 6.026e+02 720358 
6.026e+02 6.310e+02 774485 
6.310e+02 6.607e+02 833950 
6.607e+02 6.918e+02 897486 
6.918e+02 7.244e+02 966469 
7.244e+02 7.586e+02 1042058 
7.586e+02 7.943e+02 1124043 
7.943e+02 8.318e+02 1214933 
8.318e+02 8.710e+02 1308665 
8.710e+02 9.120e+02 1407333 
9.120e+02 9.550e+02 1519589 
9.550e+02 1.000e+03 1638812 
1.000e+03 1.047e+03 1769993 
1.047e+03 1.096e+03 1914364 
1.096e+03 1.148e+03 2069773 
1.148e+03 1.202e+03 2233510 
1.202e+03 1.259e+03 2412721 
1.259e+03 1.318e+03 2610312 
1.318e+03 1.380e+03 2817615 
1.380e+03 1.445e+03 3048687 
1.445e+03 1.514e+03 3298898 
1.514e+03 1.585e+03 3568438 
1.585e+03 1.660e+03 3855425 
1.660e+03 1.738e+03 4180136 
1.738e+03 1.820e+03 4516856 
1.820e+03 1.905e+03 4891649 
1.905e+03 1.995e+03 5302031 
1.995e+03 2.089e+03 5729806 
2.089e+03 2.188e+03 6220507 
2.188e+03 2.291e+03 6730293 
2.291e+03 2.399e+03 7291470 
2.399e+03 2.512e+03 7898358 
2.512e+03 2.630e+03 8580482 
2.630e+03 2.754e+03 9306943 
2.754e+03 2.884e+03 10097063 
2.884e+03 3.020e+03 10940129 
3.020e+03 3.162e+03 11876109 
3.162e+03 3.311e+03 12880236 
3.311e+03 3.467e+03 13984890 
3.467e+03 3.631e+03 15176578 
3.631e+03 3.802e+03 16487904 
3.802e+03 3.981e+03 17930068 
3.981e+03 4.169e+03 19484902 
4.169e+03 4.365e+03 21185771 
4.365e+03 4.571e+03 23059989 
4.571e+03 4.786e+03 25101586 
4.786e+03 5.012e+03 27256732 
5.012e+03 5.248e+03 29678324 
5.248e+03 5.495e+03 32356459 
5.495e+03 5.754e+03 35263354 
5.754e+03 6.026e+03 38425258 
6.026e+03 6.310e+03 41926744 
6.310e+03 6.607e+03 45669589 
6.607e+03 6.918e+03 49790754 
6.918e+03 7.244e+03 54260134 
7.244e+03 7.586e+03 59134300 
7.586e+03 7.943e+03 64351458 
7.943e+03 8.318e+03 70262835 
8.318e+03 8.710e+03 76595336 
8.710e+03 9.120e+03 83528575 
9.120e+03 9.550e+03 91078429 
9.550e+03 1.000e+04 99426892 
1.000e+04 1.047e+04 108462842 
1.047e+04 1.096e+04 118548977 
1.096e+04 1.148e+04 129516928 
1.148e+04 1.202e+04 141724471 
1.202e+04 1.259e+04 154925994 
1.259e+04 1.318e+04 169363435 
1.318e+04 1.380e+04 184800530 
1.380e+04 1.445e+04 201385718 
1.445e+04 1.514e+04 220344817 
1.514e+04 1.585e+04 241066429 
1.585e+04 1.660e+04 263721198 
1.660e+04 1.738e+04 288065843 
1.738e+04 1.820e+04 314811284 
1.820e+04 1.905e+04 344163215 
1.905e+04 1.995e+04 375706812 
1.995e+04 2.089e+04 410179401 
2.089e+04 2.188e+04 447225662 
2.188e+04 2.291e+04 486889018 
2.291e+04 2.399e+04 529941616 
2.399e+04 2.512e+04 576368668 
2.512e+04 2.630e+04 626373673 
2.630e+04 2.754e+04 682572763 
2.754e+04 2.884e+04 744007917 
2.884e+04 3.020e+04 809717928 
3.020e+04 3.162e+04 882017068 
3.162e+04 3.311e+04 958580459 
3.311e+04 3.467e+04 1043716238 
3.467e+04 3.631e+04 1134167652 
3.631e+04 3.802e+04 1232193996 
3.802e+04 3.981e+04 1335808001 
3.981e+04 4.169e+04 1450913249 
4.169e+04 4.365e+04 1573016901 
4.365e+04 4.571e+04 1705434313 
4.571e+04 4.786e+04 1843323485 
4.786e+04 5.012e+04 1993815110 
5.012e+04 5.248e+04 2162735063 
5.248e+04 5.495e+04 2339948029 
5.495e+04 5.754e+04 2526064930 
5.754e+04 6.026e+04 2731205526 
6.026e+04 6.310e+04 2942514677 
6.310e+04 6.607e+04 3165127587 
6.607e+04 6.918e+04 3395204711 
6.918e+04 7.244e+04 3649242614 
7.244e+04 7.586e+04 3919920310 
7.586e+04 7.943e+04 4215266442 
7.943e+04 8.318e+04 4509538140 
8.318e+04 8.710e+04 4824758023 
8.710e+04 9.120e+04 5137512728 
9.120e+04 9.550e+04 5461081165 
9.550e+04 1.000e+05 5789361500 
1.000e+05 1.047e+05 6138336129 
1.047e+05 1.096e+05 6472090235 
1.096e+05 1.148e+05 6815719782 
1.148e+05 1.202e+05 7177551817 
