1.000e+00 1.047e+00 12713105 
1.047e+00 1.096e+00 13827791 
1.096e+00 1.148e+00 15054156 
1.148e+00 1.202e+00 16369904 
1.202e+00 1.259e+00 17789200 
1.259e+00 1.318e+00 19351439 
1.318e+00 1.380e+00 21043900 
1.380e+00 1.445e+00 22888753 
1.445e+00 1.514e+00 24875769 
1.514e+00 1.585e+00 27061836 
1.585e+00 1.660e+00 29421885 
1.660e+00 1.738e+00 31959191 
1.738e+00 1.820e+00 34784264 
1.820e+00 1.905e+00 37838522 
1.905e+00 1.995e+00 41134418 
1.995e+00 2.089e+00 44715264 
2.089e+00 2.188e+00 48609493 
2.188e+00 2.291e+00 52811200 
2.291e+00 2.399e+00 57368249 
2.399e+00 2.512e+00 62319249 
2.512e+00 2.630e+00 67715416 
2.630e+00 2.754e+00 73577663 
2.754e+00 2.884e+00 79898597 
2.884e+00 3.020e+00 86763785 
3.020e+00 3.162e+00 94249140 
3.162e+00 3.311e+00 102387645 
3.311e+00 3.467e+00 111225069 
3.467e+00 3.631e+00 120776369 
3.631e+00 3.802e+00 131077516 
3.802e+00 3.981e+00 142330254 
3.981e+00 4.169e+00 154470059 
4.169e+00 4.365e+00 167767803 
4.365e+00 4.571e+00 182231484 
4.571e+00 4.786e+00 197757190 
4.786e+00 5.012e+00 214659609 
5.012e+00 5.248e+00 232892499 
5.248e+00 5.495e+00 252774632 
5.495e+00 5.754e+00 274167938 
5.754e+00 6.026e+00 297314812 
6.026e+00 6.310e+00 322482755 
6.310e+00 6.607e+00 349678867 
6.607e+00 6.918e+00 378960710 
6.918e+00 7.244e+00 410728684 
7.244e+00 7.586e+00 445299147 
7.586e+00 7.943e+00 482708995 
7.943e+00 8.318e+00 523167590 
8.318e+00 8.710e+00 566918745 
8.710e+00 9.120e+00 614547695 
9.120e+00 9.550e+00 665730883 
9.550e+00 1.000e+01 721004512 
1.000e+01 1.047e+01 780920398 
1.047e+01 1.096e+01 845623497 
1.096e+01 1.148e+01 915523146 
1.148e+01 1.202e+01 990900026 
1.202e+01 1.259e+01 1072490593 
1.259e+01 1.318e+01 1160410943 
1.318e+01 1.380e+01 1255925618 
1.380e+01 1.445e+01 1359066510 
1.445e+01 1.514e+01 1469946485 
1.514e+01 1.585e+01 1589168310 
1.585e+01 1.660e+01 1718154016 
1.660e+01 1.738e+01 1856981789 
1.738e+01 1.820e+01 2006443220 
1.820e+01 1.905e+01 2166918963 
1.905e+01 1.995e+01 2339836167 
1.995e+01 2.089e+01 2525525648 
2.089e+01 2.188e+01 2724051192 
2.188e+01 2.291e+01 2937918248 
2.291e+01 2.399e+01 3168689147 
2.399e+01 2.512e+01 3416820554 
2.512e+01 2.630e+01 3682035553 
2.630e+01 2.754e+01 3967134091 
2.754e+01 2.884e+01 4273166609 
2.884e+01 3.020e+01 4602231174 
3.020e+01 3.162e+01 4952460384 
3.162e+01 3.311e+01 5326194052 
3.311e+01 3.467e+01 5727128111 
3.467e+01 3.631e+01 6157456960 
3.631e+01 3.802e+01 6613199919 
3.802e+01 3.981e+01 7102131157 
3.981e+01 4.169e+01 7621089250 
4.169e+01 4.365e+01 8171931611 
4.365e+01 4.571e+01 8760843315 
4.571e+01 4.786e+01 9381415198 
4.786e+01 5.012e+01 10036967948 
5.012e+01 5.248e+01 10735167333 
5.248e+01 5.495e+01 11475559941 
5.495e+01 5.754e+01 12251534290 
5.754e+01 6.026e+01 13063562662 
6.026e+01 6.310e+01 13915645493 
6.310e+01 6.607e+01 14809735748 
6.607e+01 6.918e+01 15740258531 
6.918e+01 7.244e+01 16691402017 
7.244e+01 7.586e+01 17667544889 
7.586e+01 7.943e+01 18660661880 
7.943e+01 8.318e+01 19664468608 
8.318e+01 8.710e+01 20670897867 
8.710e+01 9.120e+01 21680421400 
9.120e+01 9.550e+01 22684602254 
9.550e+01 1.000e+02 23669011655 
1.000e+02 1.047e+02 24594639345 
1.047e+02 1.096e+02 25426858406 
1.096e+02 1.148e+02 26126186129 
1.148e+02 1.202e+02 26626028715 
1.202e+02 1.259e+02 26917389620 
1.259e+02 1.318e+02 26910095234 
1.318e+02 1.380e+02 26543739098 
1.380e+02 1.445e+02 25683848961 
1.445e+02 1.514e+02 24177436733 
1.514e+02 1.585e+02 21803610732 
1.585e+02 1.660e+02 18229406967 
1.660e+02 1.738e+02 12764655508 
1.738e+02 1.820e+02 3973445712 
1.820e+02 1.905e+02 0 
1.905e+02 1.995e+02 0 
1.995e+02 2.089e+02 0 
2.089e+02 2.188e+02 0 
2.188e+02 2.291e+02 0 
2.291e+02 2.399e+02 0 
2.399e+02 2.512e+02 0 
2.512e+02 2.630e+02 0 
2.630e+02 2.754e+02 0 
2.754e+02 2.884e+02 0 
2.884e+02 3.020e+02 0 
3.020e+02 3.162e+02 0 
3.162e+02 3.311e+02 0 
3.311e+02 3.467e+02 0 
3.467e+02 3.631e+02 0 
3.631e+02 3.802e+02 0 
3.802e+02 3.981e+02 0 
3.981e+02 4.169e+02 0 
4.169e+02 4.365e+02 0 
4.365e+02 4.571e+02 0 
4.571e+02 4.786e+02 0 
4.786e+02 5.012e+02 0 
5.012e+02 5.248e+02 0 
5.248e+02 5.495e+02 0 
5.495e+02 5.754e+02 0 
5.754e+02 6.026e+02 0 
6.026e+02 6.310e+02 0 
6.310e+02 6.607e+02 0 
6.607e+02 6.918e+02 0 
6.918e+02 7.244e+02 0 
7.244e+02 7.586e+02 0 
7.586e+02 7.943e+02 0 
7.943e+02 8.318e+02 0 
8.318e+02 8.710e+02 0 
8.710e+02 9.120e+02 0 
9.120e+02 9.550e+02 0 
9.550e+02 1.000e+03 0 
1.000e+03 1.047e+03 0 
1.047e+03 1.096e+03 0 
1.096e+03 1.148e+03 0 
1.148e+03 1.202e+03 0 
1.202e+03 1.259e+03 0 
1.259e+03 1.318e+03 0 
1.318e+03 1.380e+03 0 
1.380e+03 1.445e+03 0 
1.445e+03 1.514e+03 0 
1.514e+03 1.585e+03 0 
1.585e+03 1.660e+03 0 
1.660e+03 1.738e+03 0 
1.738e+03 1.820e+03 0 
1.820e+03 1.905e+03 0 
1.905e+03 1.995e+03 0 
1.995e+03 2.089e+03 0 
2.089e+03 2.188e+03 0 
2.188e+03 2.291e+03 0 
2.291e+03 2.399e+03 0 
2.399e+03 2.512e+03 0 
2.512e+03 2.630e+03 0 
2.630e+03 2.754e+03 0 
2.754e+03 2.884e+03 0 
2.884e+03 3.020e+03 0 
3.020e+03 3.162e+03 0 
3.162e+03 3.311e+03 0 
3.311e+03 3.467e+03 0 
3.467e+03 3.631e+03 0 
3.631e+03 3.802e+03 0 
3.802e+03 3.981e+03 0 
3.981e+03 4.169e+03 0 
4.169e+03 4.365e+03 0 
4.365e+03 4.571e+03 0 
4.571e+03 4.786e+03 0 
4.786e+03 5.012e+03 0 
5.012e+03 5.248e+03 0 
5.248e+03 5.495e+03 0 
5.495e+03 5.754e+03 0 
5.754e+03 6.026e+03 0 
6.026e+03 6.310e+03 0 
6.310e+03 6.607e+03 0 
6.607e+03 6.918e+03 0 
6.918e+03 7.244e+03 0 
7.244e+03 7.586e+03 0 
7.586e+03 7.943e+03 0 
7.943e+03 8.318e+03 0 
8.318e+03 8.710e+03 0 
8.710e+03 9.120e+03 0 
9.120e+03 9.550e+03 0 
9.550e+03 1.000e+04 0 
1.000e+04 1.047e+04 0 
1.047e+04 1.096e+04 0 
1.096e+04 1.148e+04 0 
1.148e+04 1.202e+04 0 
1.202e+04 1.259e+04 0 
1.259e+04 1.318e+04 0 
1.318e+04 1.380e+04 0 
1.380e+04 1.445e+04 0 
1.445e+04 1.514e+04 0 
1.514e+04 1.585e+04 0 
1.585e+04 1.660e+04 0 
1.660e+04 1.738e+04 0 
1.738e+04 1.820e+04 0 
1.820e+04 1.905e+04 0 
1.905e+04 1.995e+04 0 
1.995e+04 2.089e+04 0 
2.089e+04 2.188e+04 0 
2.188e+04 2.291e+04 0 
2.291e+04 2.399e+04 0 
2.399e+04 2.512e+04 0 
2.512e+04 2.630e+04 0 
2.630e+04 2.754e+04 0 
2.754e+04 2.884e+04 0 
2.884e+04 3.020e+04 0 
3.020e+04 3.162e+04 0 
3.162e+04 3.311e+04 0 
3.311e+04 3.467e+04 0 
3.467e+04 3.631e+04 0 
3.631e+04 3.802e+04 0 
3.802e+04 3.981e+04 0 
3.981e+04 4.169e+04 0 
4.169e+04 4.365e+04 0 
4.365e+04 4.571e+04 0 
4.571e+04 4.786e+04 0 
4.786e+04 5.012e+04 0 
5.012e+04 5.248e+04 0 
5.248e+04 5.495e+04 0 
5.495e+04 5.754e+04 0 
5.754e+04 6.026e+04 0 
6.026e+04 6.310e+04 0 
6.310e+04 6.607e+04 0 
6.607e+04 6.918e+04 0 
6.918e+04 7.244e+04 0 
7.244e+04 7.586e+04 0 
7.586e+04 7.943e+04 0 
7.943e+04 8.318e+04 0 
8.318e+04 8.710e+04 0 
8.710e+04 9.120e+04 0 
9.120e+04 9.550e+04 0 
9.550e+04 1.000e+05 0 
1.000e+05 1.047e+05 0 
1.047e+05 1.096e+05 0 
1.096e+05 1.148e+05 0 
1.148e+05 1.202e+05 0 
