1.000e+00 1.047e+00 10 
1.047e+00 1.096e+00 17 
1.096e+00 1.148e+00 19 
1.148e+00 1.202e+00 18 
1.202e+00 1.259e+00 13 
1.259e+00 1.318e+00 15 
1.318e+00 1.380e+00 11 
1.380e+00 1.445e+00 22 
1.445e+00 1.514e+00 31 
1.514e+00 1.585e+00 25 
1.585e+00 1.660e+00 19 
1.660e+00 1.738e+00 15 
1.738e+00 1.820e+00 37 
1.820e+00 1.905e+00 42 
1.905e+00 1.995e+00 44 
1.995e+00 2.089e+00 35 
2.089e+00 2.188e+00 52 
2.188e+00 2.291e+00 49 
2.291e+00 2.399e+00 41 
2.399e+00 2.512e+00 49 
2.512e+00 2.630e+00 75 
2.630e+00 2.754e+00 66 
2.754e+00 2.884e+00 79 
2.884e+00 3.020e+00 104 
3.020e+00 3.162e+00 90 
3.162e+00 3.311e+00 102 
3.311e+00 3.467e+00 109 
3.467e+00 3.631e+00 115 
3.631e+00 3.802e+00 136 
3.802e+00 3.981e+00 140 
3.981e+00 4.169e+00 161 
4.169e+00 4.365e+00 151 
4.365e+00 4.571e+00 184 
4.571e+00 4.786e+00 208 
4.786e+00 5.012e+00 173 
5.012e+00 5.248e+00 264 
5.248e+00 5.495e+00 277 
5.495e+00 5.754e+00 241 
5.754e+00 6.026e+00 284 
6.026e+00 6.310e+00 339 
6.310e+00 6.607e+00 388 
6.607e+00 6.918e+00 436 
6.918e+00 7.244e+00 420 
7.244e+00 7.586e+00 512 
7.586e+00 7.943e+00 575 
7.943e+00 8.318e+00 562 
8.318e+00 8.710e+00 616 
8.710e+00 9.120e+00 718 
9.120e+00 9.550e+00 751 
9.550e+00 1.000e+01 940 
1.000e+01 1.047e+01 940 
1.047e+01 1.096e+01 1012 
1.096e+01 1.148e+01 1087 
1.148e+01 1.202e+01 1207 
1.202e+01 1.259e+01 1304 
1.259e+01 1.318e+01 1465 
1.318e+01 1.380e+01 1657 
1.380e+01 1.445e+01 1731 
1.445e+01 1.514e+01 1853 
1.514e+01 1.585e+01 2092 
1.585e+01 1.660e+01 2288 
1.660e+01 1.738e+01 2489 
1.738e+01 1.820e+01 2687 
1.820e+01 1.905e+01 2930 
1.905e+01 1.995e+01 3351 
1.995e+01 2.089e+01 3426 
2.089e+01 2.188e+01 3928 
2.188e+01 2.291e+01 4308 
2.291e+01 2.399e+01 4554 
2.399e+01 2.512e+01 5037 
2.512e+01 2.630e+01 5465 
2.630e+01 2.754e+01 6059 
2.754e+01 2.884e+01 6593 
2.884e+01 3.020e+01 7137 
3.020e+01 3.162e+01 7739 
3.162e+01 3.311e+01 8746 
3.311e+01 3.467e+01 9436 
3.467e+01 3.631e+01 10152 
3.631e+01 3.802e+01 11098 
3.802e+01 3.981e+01 12189 
3.981e+01 4.169e+01 13209 
4.169e+01 4.365e+01 14512 
4.365e+01 4.571e+01 15827 
4.571e+01 4.786e+01 17365 
4.786e+01 5.012e+01 18973 
5.012e+01 5.248e+01 20466 
5.248e+01 5.495e+01 22147 
5.495e+01 5.754e+01 24344 
5.754e+01 6.026e+01 26697 
6.026e+01 6.310e+01 29324 
6.310e+01 6.607e+01 31851 
6.607e+01 6.918e+01 34509 
6.918e+01 7.244e+01 37499 
7.244e+01 7.586e+01 41272 
7.586e+01 7.943e+01 45218 
7.943e+01 8.318e+01 48638 
8.318e+01 8.710e+01 53286 
8.710e+01 9.120e+01 58287 
9.120e+01 9.550e+01 63292 
9.550e+01 1.000e+02 69318 
1.000e+02 1.047e+02 75529 
1.047e+02 1.096e+02 81991 
1.096e+02 1.148e+02 89399 
1.148e+02 1.202e+02 97689 
1.202e+02 1.259e+02 106827 
1.259e+02 1.318e+02 116000 
1.318e+02 1.380e+02 126780 
1.380e+02 1.445e+02 137217 
1.445e+02 1.514e+02 149858 
1.514e+02 1.585e+02 164396 
1.585e+02 1.660e+02 178928 
1.660e+02 1.738e+02 194538 
1.738e+02 1.820e+02 212349 
1.820e+02 1.905e+02 231807 
1.905e+02 1.995e+02 252906 
1.995e+02 2.089e+02 275789 
2.089e+02 2.188e+02 300815 
2.188e+02 2.291e+02 327264 
2.291e+02 2.399e+02 357176 
2.399e+02 2.512e+02 388672 
2.512e+02 2.630e+02 423426 
2.630e+02 2.754e+02 461325 
2.754e+02 2.884e+02 503980 
2.884e+02 3.020e+02 549079 
3.020e+02 3.162e+02 597407 
3.162e+02 3.311e+02 651086 
3.311e+02 3.467e+02 710793 
3.467e+02 3.631e+02 775985 
3.631e+02 3.802e+02 846733 
3.802e+02 3.981e+02 919928 
3.981e+02 4.169e+02 1005828 
4.169e+02 4.365e+02 1094773 
4.365e+02 4.571e+02 1193533 
4.571e+02 4.786e+02 1297864 
4.786e+02 5.012e+02 1414855 
5.012e+02 5.248e+02 1540130 
5.248e+02 5.495e+02 1676064 
5.495e+02 5.754e+02 1828174 
5.754e+02 6.026e+02 1986697 
6.026e+02 6.310e+02 2165127 
6.310e+02 6.607e+02 2357551 
6.607e+02 6.918e+02 2561742 
6.918e+02 7.244e+02 2791450 
7.244e+02 7.586e+02 3040798 
7.586e+02 7.943e+02 3310215 
7.943e+02 8.318e+02 3595947 
8.318e+02 8.710e+02 3911518 
8.710e+02 9.120e+02 4257128 
9.120e+02 9.550e+02 4637483 
9.550e+02 1.000e+03 5044512 
1.000e+03 1.047e+03 5491415 
1.047e+03 1.096e+03 5971301 
1.096e+03 1.148e+03 6487766 
1.148e+03 1.202e+03 7066780 
1.202e+03 1.259e+03 7677179 
1.259e+03 1.318e+03 8359088 
1.318e+03 1.380e+03 9094896 
1.380e+03 1.445e+03 9885470 
1.445e+03 1.514e+03 10751971 
1.514e+03 1.585e+03 11687009 
1.585e+03 1.660e+03 12711467 
1.660e+03 1.738e+03 13821828 
1.738e+03 1.820e+03 15017652 
1.820e+03 1.905e+03 16318563 
1.905e+03 1.995e+03 17729240 
1.995e+03 2.089e+03 19286126 
2.089e+03 2.188e+03 20949768 
2.188e+03 2.291e+03 22739595 
2.291e+03 2.399e+03 24677602 
2.399e+03 2.512e+03 26796057 
2.512e+03 2.630e+03 29122750 
2.630e+03 2.754e+03 31639078 
2.754e+03 2.884e+03 34347639 
2.884e+03 3.020e+03 37295236 
3.020e+03 3.162e+03 40515030 
3.162e+03 3.311e+03 44002216 
3.311e+03 3.467e+03 47788696 
3.467e+03 3.631e+03 51870616 
3.631e+03 3.802e+03 56308079 
3.802e+03 3.981e+03 61149735 
3.981e+03 4.169e+03 66412633 
4.169e+03 4.365e+03 72137091 
4.365e+03 4.571e+03 78294988 
4.571e+03 4.786e+03 84933242 
4.786e+03 5.012e+03 92071715 
5.012e+03 5.248e+03 99872794 
5.248e+03 5.495e+03 108314399 
5.495e+03 5.754e+03 117436373 
5.754e+03 6.026e+03 127302715 
6.026e+03 6.310e+03 138130078 
6.310e+03 6.607e+03 149876794 
6.607e+03 6.918e+03 162578072 
6.918e+03 7.244e+03 176187414 
7.244e+03 7.586e+03 190858928 
7.586e+03 7.943e+03 206803548 
7.943e+03 8.318e+03 224121453 
8.318e+03 8.710e+03 242775460 
8.710e+03 9.120e+03 262973142 
9.120e+03 9.550e+03 284686670 
9.550e+03 1.000e+04 308233844 
1.000e+04 1.047e+04 333685616 
1.047e+04 1.096e+04 361181055 
1.096e+04 1.148e+04 390787428 
1.148e+04 1.202e+04 422694601 
1.202e+04 1.259e+04 457272740 
1.259e+04 1.318e+04 494441684 
1.318e+04 1.380e+04 534408160 
1.380e+04 1.445e+04 577651648 
1.445e+04 1.514e+04 624433934 
1.514e+04 1.585e+04 674714713 
1.585e+04 1.660e+04 728805299 
1.660e+04 1.738e+04 787296197 
1.738e+04 1.820e+04 850183524 
1.820e+04 1.905e+04 917330814 
1.905e+04 1.995e+04 989751021 
1.995e+04 2.089e+04 1067909679 
2.089e+04 2.188e+04 1152206730 
2.188e+04 2.291e+04 1242510269 
2.291e+04 2.399e+04 1339536242 
2.399e+04 2.512e+04 1443989921 
2.512e+04 2.630e+04 1555309439 
2.630e+04 2.754e+04 1675253009 
2.754e+04 2.884e+04 1802987506 
2.884e+04 3.020e+04 1940258433 
3.020e+04 3.162e+04 2087156010 
3.162e+04 3.311e+04 2244844708 
3.311e+04 3.467e+04 2413681878 
3.467e+04 3.631e+04 2593227196 
3.631e+04 3.802e+04 2784445477 
3.802e+04 3.981e+04 2988808954 
3.981e+04 4.169e+04 3208240528 
4.169e+04 4.365e+04 3440170949 
4.365e+04 4.571e+04 3686146323 
4.571e+04 4.786e+04 3947637321 
4.786e+04 5.012e+04 4226169559 
5.012e+04 5.248e+04 4520440782 
5.248e+04 5.495e+04 4830729884 
5.495e+04 5.754e+04 5160868257 
5.754e+04 6.026e+04 5508961163 
6.026e+04 6.310e+04 5874354495 
6.310e+04 6.607e+04 6259227537 
6.607e+04 6.918e+04 6662052137 
6.918e+04 7.244e+04 7083970963 
7.244e+04 7.586e+04 7526711172 
7.586e+04 7.943e+04 7986911112 
7.943e+04 8.318e+04 8464149153 
8.318e+04 8.710e+04 8957594844 
8.710e+04 9.120e+04 9469456364 
9.120e+04 9.550e+04 9996584573 
9.550e+04 1.000e+05 10535177203 
1.000e+05 1.047e+05 11081077769 
1.047e+05 1.096e+05 11632904759 
1.096e+05 1.148e+05 12188947589 
1.148e+05 1.202e+05 12748134434 
