1.000e+00 1.047e+00 405 
1.047e+00 1.096e+00 425 
1.096e+00 1.148e+00 422 
1.148e+00 1.202e+00 413 
1.202e+00 1.259e+00 461 
1.259e+00 1.318e+00 538 
1.318e+00 1.380e+00 532 
1.380e+00 1.445e+00 546 
1.445e+00 1.514e+00 578 
1.514e+00 1.585e+00 600 
1.585e+00 1.660e+00 624 
1.660e+00 1.738e+00 692 
1.738e+00 1.820e+00 715 
1.820e+00 1.905e+00 707 
1.905e+00 1.995e+00 722 
1.995e+00 2.089e+00 806 
2.089e+00 2.188e+00 866 
2.188e+00 2.291e+00 847 
2.291e+00 2.399e+00 901 
2.399e+00 2.512e+00 962 
2.512e+00 2.630e+00 1014 
2.630e+00 2.754e+00 1029 
2.754e+00 2.884e+00 1051 
2.884e+00 3.020e+00 1149 
3.020e+00 3.162e+00 1152 
3.162e+00 3.311e+00 1251 
3.311e+00 3.467e+00 1279 
3.467e+00 3.631e+00 1304 
3.631e+00 3.802e+00 1355 
3.802e+00 3.981e+00 1385 
3.981e+00 4.169e+00 1487 
4.169e+00 4.365e+00 1573 
4.365e+00 4.571e+00 1624 
4.571e+00 4.786e+00 1659 
4.786e+00 5.012e+00 1676 
5.012e+00 5.248e+00 1787 
5.248e+00 5.495e+00 1960 
5.495e+00 5.754e+00 1927 
5.754e+00 6.026e+00 1974 
6.026e+00 6.310e+00 2114 
6.310e+00 6.607e+00 2248 
6.607e+00 6.918e+00 2248 
6.918e+00 7.244e+00 2361 
7.244e+00 7.586e+00 2497 
7.586e+00 7.943e+00 2552 
7.943e+00 8.318e+00 2769 
8.318e+00 8.710e+00 2875 
8.710e+00 9.120e+00 2883 
9.120e+00 9.550e+00 3103 
9.550e+00 1.000e+01 3242 
1.000e+01 1.047e+01 3461 
1.047e+01 1.096e+01 3558 
1.096e+01 1.148e+01 3821 
1.148e+01 1.202e+01 3941 
1.202e+01 1.259e+01 4041 
1.259e+01 1.318e+01 4272 
1.318e+01 1.380e+01 4374 
1.380e+01 1.445e+01 4648 
1.445e+01 1.514e+01 4770 
1.514e+01 1.585e+01 5033 
1.585e+01 1.660e+01 5582 
1.660e+01 1.738e+01 5526 
1.738e+01 1.820e+01 5911 
1.820e+01 1.905e+01 6264 
1.905e+01 1.995e+01 6593 
1.995e+01 2.089e+01 6635 
2.089e+01 2.188e+01 7267 
2.188e+01 2.291e+01 7714 
2.291e+01 2.399e+01 8006 
2.399e+01 2.512e+01 8284 
2.512e+01 2.630e+01 9025 
2.630e+01 2.754e+01 9449 
2.754e+01 2.884e+01 9862 
2.884e+01 3.020e+01 10540 
3.020e+01 3.162e+01 11055 
3.162e+01 3.311e+01 11620 
3.311e+01 3.467e+01 12303 
3.467e+01 3.631e+01 13094 
3.631e+01 3.802e+01 14037 
3.802e+01 3.981e+01 14918 
3.981e+01 4.169e+01 16043 
4.169e+01 4.365e+01 16872 
4.365e+01 4.571e+01 17643 
4.571e+01 4.786e+01 18928 
4.786e+01 5.012e+01 20347 
5.012e+01 5.248e+01 21227 
5.248e+01 5.495e+01 22933 
5.495e+01 5.754e+01 24498 
5.754e+01 6.026e+01 26279 
6.026e+01 6.310e+01 27948 
6.310e+01 6.607e+01 29624 
6.607e+01 6.918e+01 32226 
6.918e+01 7.244e+01 34158 
7.244e+01 7.586e+01 36718 
7.586e+01 7.943e+01 39611 
7.943e+01 8.318e+01 41972 
8.318e+01 8.710e+01 45157 
8.710e+01 9.120e+01 48086 
9.120e+01 9.550e+01 52164 
9.550e+01 1.000e+02 55289 
1.000e+02 1.047e+02 59011 
1.047e+02 1.096e+02 63491 
1.096e+02 1.148e+02 68133 
1.148e+02 1.202e+02 73167 
1.202e+02 1.259e+02 78367 
1.259e+02 1.318e+02 84166 
1.318e+02 1.380e+02 90831 
1.380e+02 1.445e+02 95731 
1.445e+02 1.514e+02 103280 
1.514e+02 1.585e+02 110721 
1.585e+02 1.660e+02 118740 
1.660e+02 1.738e+02 127418 
1.738e+02 1.820e+02 136125 
1.820e+02 1.905e+02 146121 
1.905e+02 1.995e+02 156909 
1.995e+02 2.089e+02 168521 
2.089e+02 2.188e+02 180545 
2.188e+02 2.291e+02 192896 
2.291e+02 2.399e+02 206209 
2.399e+02 2.512e+02 221881 
2.512e+02 2.630e+02 237865 
2.630e+02 2.754e+02 253857 
2.754e+02 2.884e+02 271504 
2.884e+02 3.020e+02 291670 
3.020e+02 3.162e+02 312249 
3.162e+02 3.311e+02 334109 
3.311e+02 3.467e+02 358126 
3.467e+02 3.631e+02 384883 
3.631e+02 3.802e+02 413510 
3.802e+02 3.981e+02 443921 
3.981e+02 4.169e+02 477120 
4.169e+02 4.365e+02 509855 
4.365e+02 4.571e+02 552218 
4.571e+02 4.786e+02 591083 
4.786e+02 5.012e+02 638552 
5.012e+02 5.248e+02 686723 
5.248e+02 5.495e+02 738677 
5.495e+02 5.754e+02 795007 
5.754e+02 6.026e+02 855750 
6.026e+02 6.310e+02 919114 
6.310e+02 6.607e+02 990737 
6.607e+02 6.918e+02 1068081 
6.918e+02 7.244e+02 1150447 
7.244e+02 7.586e+02 1242575 
7.586e+02 7.943e+02 1345584 
7.943e+02 8.318e+02 1445739 
8.318e+02 8.710e+02 1558420 
8.710e+02 9.120e+02 1682809 
9.120e+02 9.550e+02 1820074 
9.550e+02 1.000e+03 1963548 
1.000e+03 1.047e+03 2124287 
1.047e+03 1.096e+03 2289944 
1.096e+03 1.148e+03 2482894 
1.148e+03 1.202e+03 2683282 
1.202e+03 1.259e+03 2891596 
1.259e+03 1.318e+03 3133245 
1.318e+03 1.380e+03 3386718 
1.380e+03 1.445e+03 3662387 
1.445e+03 1.514e+03 3954133 
1.514e+03 1.585e+03 4282621 
1.585e+03 1.660e+03 4638727 
1.660e+03 1.738e+03 5016898 
1.738e+03 1.820e+03 5442953 
1.820e+03 1.905e+03 5883381 
1.905e+03 1.995e+03 6370317 
1.995e+03 2.089e+03 6900890 
2.089e+03 2.188e+03 7473120 
2.188e+03 2.291e+03 8105142 
2.291e+03 2.399e+03 8778691 
2.399e+03 2.512e+03 9507987 
2.512e+03 2.630e+03 10315477 
2.630e+03 2.754e+03 11194646 
2.754e+03 2.884e+03 12126394 
2.884e+03 3.020e+03 13143189 
3.020e+03 3.162e+03 14260898 
3.162e+03 3.311e+03 15473213 
3.311e+03 3.467e+03 16786717 
3.467e+03 3.631e+03 18209258 
3.631e+03 3.802e+03 19761009 
3.802e+03 3.981e+03 21467587 
3.981e+03 4.169e+03 23333411 
4.169e+03 4.365e+03 25394541 
4.365e+03 4.571e+03 27654700 
4.571e+03 4.786e+03 30109213 
4.786e+03 5.012e+03 32799808 
5.012e+03 5.248e+03 35724154 
5.248e+03 5.495e+03 38913796 
5.495e+03 5.754e+03 42405088 
5.754e+03 6.026e+03 46217323 
6.026e+03 6.310e+03 50482451 
6.310e+03 6.607e+03 55002057 
6.607e+03 6.918e+03 60061286 
6.918e+03 7.244e+03 65653675 
7.244e+03 7.586e+03 71679361 
7.586e+03 7.943e+03 78263451 
7.943e+03 8.318e+03 85455206 
8.318e+03 8.710e+03 93369804 
8.710e+03 9.120e+03 101967986 
9.120e+03 9.550e+03 111293906 
9.550e+03 1.000e+04 121856643 
1.000e+04 1.047e+04 133042855 
1.047e+04 1.096e+04 145166310 
1.096e+04 1.148e+04 158342367 
1.148e+04 1.202e+04 172790737 
1.202e+04 1.259e+04 188408899 
1.259e+04 1.318e+04 205694336 
1.318e+04 1.380e+04 225038555 
1.380e+04 1.445e+04 246102155 
1.445e+04 1.514e+04 269220091 
1.514e+04 1.585e+04 294344812 
1.585e+04 1.660e+04 321492194 
1.660e+04 1.738e+04 350835280 
1.738e+04 1.820e+04 383305300 
1.820e+04 1.905e+04 418924944 
1.905e+04 1.995e+04 457945892 
1.995e+04 2.089e+04 500748334 
2.089e+04 2.188e+04 545532339 
2.188e+04 2.291e+04 594265120 
2.291e+04 2.399e+04 646353107 
2.399e+04 2.512e+04 703026184 
2.512e+04 2.630e+04 766097059 
2.630e+04 2.754e+04 833409414 
2.754e+04 2.884e+04 907178329 
2.884e+04 3.020e+04 989749892 
3.020e+04 3.162e+04 1078502606 
3.162e+04 3.311e+04 1173618954 
3.311e+04 3.467e+04 1277391527 
3.467e+04 3.631e+04 1387795050 
3.631e+04 3.802e+04 1507759743 
3.802e+04 3.981e+04 1640018601 
3.981e+04 4.169e+04 1780238896 
4.169e+04 4.365e+04 1926885307 
4.365e+04 4.571e+04 2086846945 
4.571e+04 4.786e+04 2259086763 
4.786e+04 5.012e+04 2445814354 
5.012e+04 5.248e+04 2647250347 
5.248e+04 5.495e+04 2861622738 
5.495e+04 5.754e+04 3095625311 
5.754e+04 6.026e+04 3351097521 
6.026e+04 6.310e+04 3602387612 
6.310e+04 6.607e+04 3874201930 
6.607e+04 6.918e+04 4164174826 
6.918e+04 7.244e+04 4481511433 
7.244e+04 7.586e+04 4810075988 
7.586e+04 7.943e+04 5153067376 
7.943e+04 8.318e+04 5506653687 
8.318e+04 8.710e+04 5887103241 
8.710e+04 9.120e+04 6279394704 
9.120e+04 9.550e+04 6666773504 
9.550e+04 1.000e+05 7067376989 
1.000e+05 1.047e+05 7472531202 
1.047e+05 1.096e+05 7905674032 
1.096e+05 1.148e+05 8352599736 
1.148e+05 1.202e+05 8791787638 
