1.000e+00 1.047e+00 3 
1.047e+00 1.096e+00 2 
1.096e+00 1.148e+00 8 
1.148e+00 1.202e+00 1 
1.202e+00 1.259e+00 1 
1.259e+00 1.318e+00 3 
1.318e+00 1.380e+00 1 
1.380e+00 1.445e+00 0 
1.445e+00 1.514e+00 6 
1.514e+00 1.585e+00 5 
1.585e+00 1.660e+00 6 
1.660e+00 1.738e+00 4 
1.738e+00 1.820e+00 10 
1.820e+00 1.905e+00 5 
1.905e+00 1.995e+00 9 
1.995e+00 2.089e+00 8 
2.089e+00 2.188e+00 9 
2.188e+00 2.291e+00 17 
2.291e+00 2.399e+00 6 
2.399e+00 2.512e+00 12 
2.512e+00 2.630e+00 24 
2.630e+00 2.754e+00 12 
2.754e+00 2.884e+00 18 
2.884e+00 3.020e+00 20 
3.020e+00 3.162e+00 13 
3.162e+00 3.311e+00 17 
3.311e+00 3.467e+00 32 
3.467e+00 3.631e+00 32 
3.631e+00 3.802e+00 33 
3.802e+00 3.981e+00 36 
3.981e+00 4.169e+00 41 
4.169e+00 4.365e+00 41 
4.365e+00 4.571e+00 39 
4.571e+00 4.786e+00 52 
4.786e+00 5.012e+00 50 
5.012e+00 5.248e+00 66 
5.248e+00 5.495e+00 64 
5.495e+00 5.754e+00 57 
5.754e+00 6.026e+00 70 
6.026e+00 6.310e+00 102 
6.310e+00 6.607e+00 86 
6.607e+00 6.918e+00 106 
6.918e+00 7.244e+00 114 
7.244e+00 7.586e+00 119 
7.586e+00 7.943e+00 124 
7.943e+00 8.318e+00 146 
8.318e+00 8.710e+00 127 
8.710e+00 9.120e+00 183 
9.120e+00 9.550e+00 196 
9.550e+00 1.000e+01 222 
1.000e+01 1.047e+01 247 
1.047e+01 1.096e+01 259 
1.096e+01 1.148e+01 268 
1.148e+01 1.202e+01 302 
1.202e+01 1.259e+01 315 
1.259e+01 1.318e+01 361 
1.318e+01 1.380e+01 388 
1.380e+01 1.445e+01 385 
1.445e+01 1.514e+01 455 
1.514e+01 1.585e+01 517 
1.585e+01 1.660e+01 549 
1.660e+01 1.738e+01 580 
1.738e+01 1.820e+01 699 
1.820e+01 1.905e+01 755 
1.905e+01 1.995e+01 837 
1.995e+01 2.089e+01 892 
2.089e+01 2.188e+01 998 
2.188e+01 2.291e+01 1084 
2.291e+01 2.399e+01 1131 
2.399e+01 2.512e+01 1309 
2.512e+01 2.630e+01 1471 
2.630e+01 2.754e+01 1596 
2.754e+01 2.884e+01 1728 
2.884e+01 3.020e+01 1767 
3.020e+01 3.162e+01 2120 
3.162e+01 3.311e+01 2315 
3.311e+01 3.467e+01 2500 
3.467e+01 3.631e+01 2718 
3.631e+01 3.802e+01 2991 
3.802e+01 3.981e+01 3357 
3.981e+01 4.169e+01 3487 
4.169e+01 4.365e+01 3973 
4.365e+01 4.571e+01 4227 
4.571e+01 4.786e+01 4814 
4.786e+01 5.012e+01 5210 
5.012e+01 5.248e+01 5715 
5.248e+01 5.495e+01 6244 
5.495e+01 5.754e+01 6833 
5.754e+01 6.026e+01 7313 
6.026e+01 6.310e+01 8322 
6.310e+01 6.607e+01 9003 
6.607e+01 6.918e+01 9960 
6.918e+01 7.244e+01 10895 
7.244e+01 7.586e+01 11967 
7.586e+01 7.943e+01 13242 
7.943e+01 8.318e+01 14335 
8.318e+01 8.710e+01 15540 
8.710e+01 9.120e+01 17447 
9.120e+01 9.550e+01 19019 
9.550e+01 1.000e+02 20671 
1.000e+02 1.047e+02 22673 
1.047e+02 1.096e+02 24966 
1.096e+02 1.148e+02 26996 
1.148e+02 1.202e+02 29775 
1.202e+02 1.259e+02 32628 
1.259e+02 1.318e+02 36140 
1.318e+02 1.380e+02 39272 
1.380e+02 1.445e+02 42965 
1.445e+02 1.514e+02 47494 
1.514e+02 1.585e+02 52011 
1.585e+02 1.660e+02 56879 
1.660e+02 1.738e+02 62202 
1.738e+02 1.820e+02 68496 
1.820e+02 1.905e+02 75461 
1.905e+02 1.995e+02 82346 
1.995e+02 2.089e+02 90350 
2.089e+02 2.188e+02 98984 
2.188e+02 2.291e+02 109307 
2.291e+02 2.399e+02 119347 
2.399e+02 2.512e+02 130674 
2.512e+02 2.630e+02 142579 
2.630e+02 2.754e+02 156484 
2.754e+02 2.884e+02 171812 
2.884e+02 3.020e+02 187935 
3.020e+02 3.162e+02 206378 
3.162e+02 3.311e+02 226711 
3.311e+02 3.467e+02 248518 
3.467e+02 3.631e+02 273269 
3.631e+02 3.802e+02 297936 
3.802e+02 3.981e+02 326827 
3.981e+02 4.169e+02 358161 
4.169e+02 4.365e+02 393310 
4.365e+02 4.571e+02 431448 
4.571e+02 4.786e+02 473659 
4.786e+02 5.012e+02 517494 
5.012e+02 5.248e+02 567609 
5.248e+02 5.495e+02 623144 
5.495e+02 5.754e+02 681730 
5.754e+02 6.026e+02 747895 
6.026e+02 6.310e+02 819372 
6.310e+02 6.607e+02 899250 
6.607e+02 6.918e+02 987150 
6.918e+02 7.244e+02 1080589 
7.244e+02 7.586e+02 1186476 
7.586e+02 7.943e+02 1300842 
7.943e+02 8.318e+02 1423984 
8.318e+02 8.710e+02 1564143 
8.710e+02 9.120e+02 1711430 
9.120e+02 9.550e+02 1878345 
9.550e+02 1.000e+03 2059445 
1.000e+03 1.047e+03 2255668 
1.047e+03 1.096e+03 2473840 
1.096e+03 1.148e+03 2712359 
1.148e+03 1.202e+03 2972082 
1.202e+03 1.259e+03 3259010 
1.259e+03 1.318e+03 3575109 
1.318e+03 1.380e+03 3914691 
1.380e+03 1.445e+03 4294790 
1.445e+03 1.514e+03 4702940 
1.514e+03 1.585e+03 5156987 
1.585e+03 1.660e+03 5651016 
1.660e+03 1.738e+03 6192773 
1.738e+03 1.820e+03 6795818 
1.820e+03 1.905e+03 7444199 
1.905e+03 1.995e+03 8160282 
1.995e+03 2.089e+03 8943493 
2.089e+03 2.188e+03 9795889 
2.188e+03 2.291e+03 10736856 
2.291e+03 2.399e+03 11766402 
2.399e+03 2.512e+03 12904923 
2.512e+03 2.630e+03 14131745 
2.630e+03 2.754e+03 15493677 
2.754e+03 2.884e+03 16971027 
2.884e+03 3.020e+03 18601083 
3.020e+03 3.162e+03 20377710 
3.162e+03 3.311e+03 22330168 
3.311e+03 3.467e+03 24465650 
3.467e+03 3.631e+03 26812622 
3.631e+03 3.802e+03 29378635 
3.802e+03 3.981e+03 32171508 
3.981e+03 4.169e+03 35243629 
4.169e+03 4.365e+03 38619193 
4.365e+03 4.571e+03 42311645 
4.571e+03 4.786e+03 46346300 
4.786e+03 5.012e+03 50757979 
5.012e+03 5.248e+03 55588517 
5.248e+03 5.495e+03 60877351 
5.495e+03 5.754e+03 66670468 
5.754e+03 6.026e+03 73014701 
6.026e+03 6.310e+03 79949882 
6.310e+03 6.607e+03 87544091 
6.607e+03 6.918e+03 95849157 
6.918e+03 7.244e+03 104926871 
7.244e+03 7.586e+03 114859469 
7.586e+03 7.943e+03 125734413 
7.943e+03 8.318e+03 137608572 
8.318e+03 8.710e+03 150608600 
8.710e+03 9.120e+03 164839065 
9.120e+03 9.550e+03 180334638 
9.550e+03 1.000e+04 197369011 
1.000e+04 1.047e+04 215906397 
1.047e+04 1.096e+04 236180692 
1.096e+04 1.148e+04 258345865 
1.148e+04 1.202e+04 282517202 
1.202e+04 1.259e+04 308938641 
1.259e+04 1.318e+04 337776751 
1.318e+04 1.380e+04 369234956 
1.380e+04 1.445e+04 403566545 
1.445e+04 1.514e+04 441026318 
1.514e+04 1.585e+04 481911945 
1.585e+04 1.660e+04 526506358 
1.660e+04 1.738e+04 575080648 
1.738e+04 1.820e+04 628023003 
1.820e+04 1.905e+04 685642130 
1.905e+04 1.995e+04 748467897 
1.995e+04 2.089e+04 816759034 
2.089e+04 2.188e+04 891200122 
2.188e+04 2.291e+04 972114270 
2.291e+04 2.399e+04 1060074558 
2.399e+04 2.512e+04 1155632504 
2.512e+04 2.630e+04 1259593251 
2.630e+04 2.754e+04 1372362886 
2.754e+04 2.884e+04 1494747047 
2.884e+04 3.020e+04 1627488309 
3.020e+04 3.162e+04 1771359144 
3.162e+04 3.311e+04 1927269946 
3.311e+04 3.467e+04 2095796974 
3.467e+04 3.631e+04 2277925627 
3.631e+04 3.802e+04 2474892986 
3.802e+04 3.981e+04 2687513728 
3.981e+04 4.169e+04 2916506744 
4.169e+04 4.365e+04 3163346445 
4.365e+04 4.571e+04 3428741609 
4.571e+04 4.786e+04 3713886869 
4.786e+04 5.012e+04 4020264542 
5.012e+04 5.248e+04 4348727517 
5.248e+04 5.495e+04 4700012925 
5.495e+04 5.754e+04 5075480210 
5.754e+04 6.026e+04 5476054650 
6.026e+04 6.310e+04 5902034532 
6.310e+04 6.607e+04 6354693425 
6.607e+04 6.918e+04 6834062004 
6.918e+04 7.244e+04 7340890823 
7.244e+04 7.586e+04 7875041584 
7.586e+04 7.943e+04 8435862706 
7.943e+04 8.318e+04 9021989927 
8.318e+04 8.710e+04 9634081294 
8.710e+04 9.120e+04 10268113977 
9.120e+04 9.550e+04 10921643933 
9.550e+04 1.000e+05 11593043196 
1.000e+05 1.047e+05 12276865493 
1.047e+05 1.096e+05 12966683482 
1.096e+05 1.148e+05 13656591056 
1.148e+05 1.202e+05 14334077383 
