1.000e+00 1.047e+00 21552055 
1.047e+00 1.096e+00 23454757 
1.096e+00 1.148e+00 25513922 
1.148e+00 1.202e+00 27752452 
1.202e+00 1.259e+00 30199562 
1.259e+00 1.318e+00 32857608 
1.318e+00 1.380e+00 35722528 
1.380e+00 1.445e+00 38856063 
1.445e+00 1.514e+00 42249605 
1.514e+00 1.585e+00 45956032 
1.585e+00 1.660e+00 49981221 
1.660e+00 1.738e+00 54340245 
1.738e+00 1.820e+00 59117757 
1.820e+00 1.905e+00 64269551 
1.905e+00 1.995e+00 69854098 
1.995e+00 2.089e+00 75960600 
2.089e+00 2.188e+00 82558210 
2.188e+00 2.291e+00 89696581 
2.291e+00 2.399e+00 97518501 
2.399e+00 2.512e+00 105993540 
2.512e+00 2.630e+00 115172907 
2.630e+00 2.754e+00 125136089 
2.754e+00 2.884e+00 135890167 
2.884e+00 3.020e+00 147636643 
3.020e+00 3.162e+00 160368204 
3.162e+00 3.311e+00 174156972 
3.311e+00 3.467e+00 189131278 
3.467e+00 3.631e+00 205334337 
3.631e+00 3.802e+00 222895178 
3.802e+00 3.981e+00 242085622 
3.981e+00 4.169e+00 262835117 
4.169e+00 4.365e+00 285305609 
4.365e+00 4.571e+00 309786886 
4.571e+00 4.786e+00 336236581 
4.786e+00 5.012e+00 364961468 
5.012e+00 5.248e+00 395955513 
5.248e+00 5.495e+00 429734924 
5.495e+00 5.754e+00 466209351 
5.754e+00 6.026e+00 505678524 
6.026e+00 6.310e+00 548491170 
6.310e+00 6.607e+00 594841660 
6.607e+00 6.918e+00 644772014 
6.918e+00 7.244e+00 699084691 
7.244e+00 7.586e+00 757902527 
7.586e+00 7.943e+00 821583258 
7.943e+00 8.318e+00 890394457 
8.318e+00 8.710e+00 964942110 
8.710e+00 9.120e+00 1045923396 
9.120e+00 9.550e+00 1133356122 
9.550e+00 1.000e+01 1227918872 
1.000e+01 1.047e+01 1330159300 
1.047e+01 1.096e+01 1440471379 
1.096e+01 1.148e+01 1559704679 
1.148e+01 1.202e+01 1688268429 
1.202e+01 1.259e+01 1827223001 
1.259e+01 1.318e+01 1977567837 
1.318e+01 1.380e+01 2139640448 
1.380e+01 1.445e+01 2314825805 
1.445e+01 1.514e+01 2503481216 
1.514e+01 1.585e+01 2706618838 
1.585e+01 1.660e+01 2926152987 
1.660e+01 1.738e+01 3162121378 
1.738e+01 1.820e+01 3416664002 
1.820e+01 1.905e+01 3690967883 
1.905e+01 1.995e+01 3985390187 
1.995e+01 2.089e+01 4301869561 
2.089e+01 2.188e+01 4642742367 
2.188e+01 2.291e+01 5009545321 
2.291e+01 2.399e+01 5404706745 
2.399e+01 2.512e+01 5829128628 
2.512e+01 2.630e+01 6283432966 
2.630e+01 2.754e+01 6770609987 
2.754e+01 2.884e+01 7293962155 
2.884e+01 3.020e+01 7855409436 
3.020e+01 3.162e+01 8454920536 
3.162e+01 3.311e+01 9096175592 
3.311e+01 3.467e+01 9783263517 
3.467e+01 3.631e+01 10518646864 
3.631e+01 3.802e+01 11299790628 
3.802e+01 3.981e+01 12134693702 
3.981e+01 4.169e+01 13024645606 
4.169e+01 4.365e+01 13970833711 
4.365e+01 4.571e+01 14975468067 
4.571e+01 4.786e+01 16039583600 
4.786e+01 5.012e+01 17163426694 
5.012e+01 5.248e+01 18354682966 
5.248e+01 5.495e+01 19616605586 
5.495e+01 5.754e+01 20939123180 
5.754e+01 6.026e+01 22329199137 
6.026e+01 6.310e+01 23787179443 
6.310e+01 6.607e+01 25314108916 
6.607e+01 6.918e+01 26897667129 
6.918e+01 7.244e+01 28530064106 
7.244e+01 7.586e+01 30206085154 
7.586e+01 7.943e+01 31912595784 
7.943e+01 8.318e+01 33641321399 
8.318e+01 8.710e+01 35382546907 
8.710e+01 9.120e+01 37119356663 
9.120e+01 9.550e+01 38830942216 
9.550e+01 1.000e+02 40489855198 
1.000e+02 1.047e+02 42053476681 
1.047e+02 1.096e+02 43462793185 
1.096e+02 1.148e+02 44639876565 
1.148e+02 1.202e+02 45507076584 
1.202e+02 1.259e+02 46001387280 
1.259e+02 1.318e+02 46004543975 
1.318e+02 1.380e+02 45371677563 
1.380e+02 1.445e+02 43877822658 
1.445e+02 1.514e+02 41279800830 
1.514e+02 1.585e+02 37195560862 
1.585e+02 1.660e+02 31047500494 
1.660e+02 1.738e+02 21740260057 
1.738e+02 1.820e+02 6759555997 
1.820e+02 1.905e+02 0 
1.905e+02 1.995e+02 0 
1.995e+02 2.089e+02 0 
2.089e+02 2.188e+02 0 
2.188e+02 2.291e+02 0 
2.291e+02 2.399e+02 0 
2.399e+02 2.512e+02 0 
2.512e+02 2.630e+02 0 
2.630e+02 2.754e+02 0 
2.754e+02 2.884e+02 0 
2.884e+02 3.020e+02 0 
3.020e+02 3.162e+02 0 
3.162e+02 3.311e+02 0 
3.311e+02 3.467e+02 0 
3.467e+02 3.631e+02 0 
3.631e+02 3.802e+02 0 
3.802e+02 3.981e+02 0 
3.981e+02 4.169e+02 0 
4.169e+02 4.365e+02 0 
4.365e+02 4.571e+02 0 
4.571e+02 4.786e+02 0 
4.786e+02 5.012e+02 0 
5.012e+02 5.248e+02 0 
5.248e+02 5.495e+02 0 
5.495e+02 5.754e+02 0 
5.754e+02 6.026e+02 0 
6.026e+02 6.310e+02 0 
6.310e+02 6.607e+02 0 
6.607e+02 6.918e+02 0 
6.918e+02 7.244e+02 0 
7.244e+02 7.586e+02 0 
7.586e+02 7.943e+02 0 
7.943e+02 8.318e+02 0 
8.318e+02 8.710e+02 0 
8.710e+02 9.120e+02 0 
9.120e+02 9.550e+02 0 
9.550e+02 1.000e+03 0 
1.000e+03 1.047e+03 0 
1.047e+03 1.096e+03 0 
1.096e+03 1.148e+03 0 
1.148e+03 1.202e+03 0 
1.202e+03 1.259e+03 0 
1.259e+03 1.318e+03 0 
1.318e+03 1.380e+03 0 
1.380e+03 1.445e+03 0 
1.445e+03 1.514e+03 0 
1.514e+03 1.585e+03 0 
1.585e+03 1.660e+03 0 
1.660e+03 1.738e+03 0 
1.738e+03 1.820e+03 0 
1.820e+03 1.905e+03 0 
1.905e+03 1.995e+03 0 
1.995e+03 2.089e+03 0 
2.089e+03 2.188e+03 0 
2.188e+03 2.291e+03 0 
2.291e+03 2.399e+03 0 
2.399e+03 2.512e+03 0 
2.512e+03 2.630e+03 0 
2.630e+03 2.754e+03 0 
2.754e+03 2.884e+03 0 
2.884e+03 3.020e+03 0 
3.020e+03 3.162e+03 0 
3.162e+03 3.311e+03 0 
3.311e+03 3.467e+03 0 
3.467e+03 3.631e+03 0 
3.631e+03 3.802e+03 0 
3.802e+03 3.981e+03 0 
3.981e+03 4.169e+03 0 
4.169e+03 4.365e+03 0 
4.365e+03 4.571e+03 0 
4.571e+03 4.786e+03 0 
4.786e+03 5.012e+03 0 
5.012e+03 5.248e+03 0 
5.248e+03 5.495e+03 0 
5.495e+03 5.754e+03 0 
5.754e+03 6.026e+03 0 
6.026e+03 6.310e+03 0 
6.310e+03 6.607e+03 0 
6.607e+03 6.918e+03 0 
6.918e+03 7.244e+03 0 
7.244e+03 7.586e+03 0 
7.586e+03 7.943e+03 0 
7.943e+03 8.318e+03 0 
8.318e+03 8.710e+03 0 
8.710e+03 9.120e+03 0 
9.120e+03 9.550e+03 0 
9.550e+03 1.000e+04 0 
1.000e+04 1.047e+04 0 
1.047e+04 1.096e+04 0 
1.096e+04 1.148e+04 0 
1.148e+04 1.202e+04 0 
1.202e+04 1.259e+04 0 
1.259e+04 1.318e+04 0 
1.318e+04 1.380e+04 0 
1.380e+04 1.445e+04 0 
1.445e+04 1.514e+04 0 
1.514e+04 1.585e+04 0 
1.585e+04 1.660e+04 0 
1.660e+04 1.738e+04 0 
1.738e+04 1.820e+04 0 
1.820e+04 1.905e+04 0 
1.905e+04 1.995e+04 0 
1.995e+04 2.089e+04 0 
2.089e+04 2.188e+04 0 
2.188e+04 2.291e+04 0 
2.291e+04 2.399e+04 0 
2.399e+04 2.512e+04 0 
2.512e+04 2.630e+04 0 
2.630e+04 2.754e+04 0 
2.754e+04 2.884e+04 0 
2.884e+04 3.020e+04 0 
3.020e+04 3.162e+04 0 
3.162e+04 3.311e+04 0 
3.311e+04 3.467e+04 0 
3.467e+04 3.631e+04 0 
3.631e+04 3.802e+04 0 
3.802e+04 3.981e+04 0 
3.981e+04 4.169e+04 0 
4.169e+04 4.365e+04 0 
4.365e+04 4.571e+04 0 
4.571e+04 4.786e+04 0 
4.786e+04 5.012e+04 0 
5.012e+04 5.248e+04 0 
5.248e+04 5.495e+04 0 
5.495e+04 5.754e+04 0 
5.754e+04 6.026e+04 0 
6.026e+04 6.310e+04 0 
6.310e+04 6.607e+04 0 
6.607e+04 6.918e+04 0 
6.918e+04 7.244e+04 0 
7.244e+04 7.586e+04 0 
7.586e+04 7.943e+04 0 
7.943e+04 8.318e+04 0 
8.318e+04 8.710e+04 0 
8.710e+04 9.120e+04 0 
9.120e+04 9.550e+04 0 
9.550e+04 1.000e+05 0 
1.000e+05 1.047e+05 0 
1.047e+05 1.096e+05 0 
1.096e+05 1.148e+05 0 
1.148e+05 1.202e+05 0 
