1.000e+00 1.047e+00 18870437 
1.047e+00 1.096e+00 20530323 
1.096e+00 1.148e+00 22342687 
1.148e+00 1.202e+00 24312071 
1.202e+00 1.259e+00 26456459 
1.259e+00 1.318e+00 28766077 
1.318e+00 1.380e+00 31286259 
1.380e+00 1.445e+00 34030767 
1.445e+00 1.514e+00 37025518 
1.514e+00 1.585e+00 40261317 
1.585e+00 1.660e+00 43825972 
1.660e+00 1.738e+00 47634538 
1.738e+00 1.820e+00 51800843 
1.820e+00 1.905e+00 56343096 
1.905e+00 1.995e+00 61262037 
1.995e+00 2.089e+00 66607515 
2.089e+00 2.188e+00 72421590 
2.188e+00 2.291e+00 78729628 
2.291e+00 2.399e+00 85605355 
2.399e+00 2.512e+00 93065315 
2.512e+00 2.630e+00 101132535 
2.630e+00 2.754e+00 109857352 
2.754e+00 2.884e+00 119396812 
2.884e+00 3.020e+00 129737691 
3.020e+00 3.162e+00 140954970 
3.162e+00 3.311e+00 153142219 
3.311e+00 3.467e+00 166393915 
3.467e+00 3.631e+00 180738919 
3.631e+00 3.802e+00 196312391 
3.802e+00 3.981e+00 213254590 
3.981e+00 4.169e+00 231578963 
4.169e+00 4.365e+00 251469238 
4.365e+00 4.571e+00 273076097 
4.571e+00 4.786e+00 296512045 
4.786e+00 5.012e+00 321767538 
5.012e+00 5.248e+00 349184712 
5.248e+00 5.495e+00 378891599 
5.495e+00 5.754e+00 411034198 
5.754e+00 6.026e+00 445912281 
6.026e+00 6.310e+00 483771260 
6.310e+00 6.607e+00 524623095 
6.607e+00 6.918e+00 568687936 
6.918e+00 7.244e+00 616778157 
7.244e+00 7.586e+00 668831469 
7.586e+00 7.943e+00 724982128 
7.943e+00 8.318e+00 785593686 
8.318e+00 8.710e+00 851262608 
8.710e+00 9.120e+00 922199776 
9.120e+00 9.550e+00 999268730 
9.550e+00 1.000e+01 1082489216 
1.000e+01 1.047e+01 1172652822 
1.047e+01 1.096e+01 1270147577 
1.096e+01 1.148e+01 1375873512 
1.148e+01 1.202e+01 1490160933 
1.202e+01 1.259e+01 1613946881 
1.259e+01 1.318e+01 1747337899 
1.318e+01 1.380e+01 1891773731 
1.380e+01 1.445e+01 2047193851 
1.445e+01 1.514e+01 2215306456 
1.514e+01 1.585e+01 2396014137 
1.585e+01 1.660e+01 2590400587 
1.660e+01 1.738e+01 2799898667 
1.738e+01 1.820e+01 3026534386 
1.820e+01 1.905e+01 3271994905 
1.905e+01 1.995e+01 3535290681 
1.995e+01 2.089e+01 3818143796 
2.089e+01 2.188e+01 4122717457 
2.188e+01 2.291e+01 4450431314 
2.291e+01 2.399e+01 4802531832 
2.399e+01 2.512e+01 5180177684 
2.512e+01 2.630e+01 5586337833 
2.630e+01 2.754e+01 6023086616 
2.754e+01 2.884e+01 6492257896 
2.884e+01 3.020e+01 6994829741 
3.020e+01 3.162e+01 7532840533 
3.162e+01 3.311e+01 8109742755 
3.311e+01 3.467e+01 8728254848 
3.467e+01 3.631e+01 9389710666 
3.631e+01 3.802e+01 10096178127 
3.802e+01 3.981e+01 10850569205 
3.981e+01 4.169e+01 11658253691 
4.169e+01 4.365e+01 12515890380 
4.365e+01 4.571e+01 13429827744 
4.571e+01 4.786e+01 14397498623 
4.786e+01 5.012e+01 15418553574 
5.012e+01 5.248e+01 16495991042 
5.248e+01 5.495e+01 17634419242 
5.495e+01 5.754e+01 18846102184 
5.754e+01 6.026e+01 20108671218 
6.026e+01 6.310e+01 21429599024 
6.310e+01 6.607e+01 22814631815 
6.607e+01 6.918e+01 24243887382 
6.918e+01 7.244e+01 25722597653 
7.244e+01 7.586e+01 27253696505 
7.586e+01 7.943e+01 28816707002 
7.943e+01 8.318e+01 30399878555 
8.318e+01 8.710e+01 31994445377 
8.710e+01 9.120e+01 33571755441 
9.120e+01 9.550e+01 35114542423 
9.550e+01 1.000e+02 36585423557 
1.000e+02 1.047e+02 37962049689 
1.047e+02 1.096e+02 39184488048 
1.096e+02 1.148e+02 40221004131 
1.148e+02 1.202e+02 40983296984 
1.202e+02 1.259e+02 41383998119 
1.259e+02 1.318e+02 41315464154 
1.318e+02 1.380e+02 40667150950 
1.380e+02 1.445e+02 39208378221 
1.445e+02 1.514e+02 36771301115 
1.514e+02 1.585e+02 33042497013 
1.585e+02 1.660e+02 27491315339 
1.660e+02 1.738e+02 19171150579 
1.738e+02 1.820e+02 5943930376 
1.820e+02 1.905e+02 0 
1.905e+02 1.995e+02 0 
1.995e+02 2.089e+02 0 
2.089e+02 2.188e+02 0 
2.188e+02 2.291e+02 0 
2.291e+02 2.399e+02 0 
2.399e+02 2.512e+02 0 
2.512e+02 2.630e+02 0 
2.630e+02 2.754e+02 0 
2.754e+02 2.884e+02 0 
2.884e+02 3.020e+02 0 
3.020e+02 3.162e+02 0 
3.162e+02 3.311e+02 0 
3.311e+02 3.467e+02 0 
3.467e+02 3.631e+02 0 
3.631e+02 3.802e+02 0 
3.802e+02 3.981e+02 0 
3.981e+02 4.169e+02 0 
4.169e+02 4.365e+02 0 
4.365e+02 4.571e+02 0 
4.571e+02 4.786e+02 0 
4.786e+02 5.012e+02 0 
5.012e+02 5.248e+02 0 
5.248e+02 5.495e+02 0 
5.495e+02 5.754e+02 0 
5.754e+02 6.026e+02 0 
6.026e+02 6.310e+02 0 
6.310e+02 6.607e+02 0 
6.607e+02 6.918e+02 0 
6.918e+02 7.244e+02 0 
7.244e+02 7.586e+02 0 
7.586e+02 7.943e+02 0 
7.943e+02 8.318e+02 0 
8.318e+02 8.710e+02 0 
8.710e+02 9.120e+02 0 
9.120e+02 9.550e+02 0 
9.550e+02 1.000e+03 0 
1.000e+03 1.047e+03 0 
1.047e+03 1.096e+03 0 
1.096e+03 1.148e+03 0 
1.148e+03 1.202e+03 0 
1.202e+03 1.259e+03 0 
1.259e+03 1.318e+03 0 
1.318e+03 1.380e+03 0 
1.380e+03 1.445e+03 0 
1.445e+03 1.514e+03 0 
1.514e+03 1.585e+03 0 
1.585e+03 1.660e+03 0 
1.660e+03 1.738e+03 0 
1.738e+03 1.820e+03 0 
1.820e+03 1.905e+03 0 
1.905e+03 1.995e+03 0 
1.995e+03 2.089e+03 0 
2.089e+03 2.188e+03 0 
2.188e+03 2.291e+03 0 
2.291e+03 2.399e+03 0 
2.399e+03 2.512e+03 0 
2.512e+03 2.630e+03 0 
2.630e+03 2.754e+03 0 
2.754e+03 2.884e+03 0 
2.884e+03 3.020e+03 0 
3.020e+03 3.162e+03 0 
3.162e+03 3.311e+03 0 
3.311e+03 3.467e+03 0 
3.467e+03 3.631e+03 0 
3.631e+03 3.802e+03 0 
3.802e+03 3.981e+03 0 
3.981e+03 4.169e+03 0 
4.169e+03 4.365e+03 0 
4.365e+03 4.571e+03 0 
4.571e+03 4.786e+03 0 
4.786e+03 5.012e+03 0 
5.012e+03 5.248e+03 0 
5.248e+03 5.495e+03 0 
5.495e+03 5.754e+03 0 
5.754e+03 6.026e+03 0 
6.026e+03 6.310e+03 0 
6.310e+03 6.607e+03 0 
6.607e+03 6.918e+03 0 
6.918e+03 7.244e+03 0 
7.244e+03 7.586e+03 0 
7.586e+03 7.943e+03 0 
7.943e+03 8.318e+03 0 
8.318e+03 8.710e+03 0 
8.710e+03 9.120e+03 0 
9.120e+03 9.550e+03 0 
9.550e+03 1.000e+04 0 
1.000e+04 1.047e+04 0 
1.047e+04 1.096e+04 0 
1.096e+04 1.148e+04 0 
1.148e+04 1.202e+04 0 
1.202e+04 1.259e+04 0 
1.259e+04 1.318e+04 0 
1.318e+04 1.380e+04 0 
1.380e+04 1.445e+04 0 
1.445e+04 1.514e+04 0 
1.514e+04 1.585e+04 0 
1.585e+04 1.660e+04 0 
1.660e+04 1.738e+04 0 
1.738e+04 1.820e+04 0 
1.820e+04 1.905e+04 0 
1.905e+04 1.995e+04 0 
1.995e+04 2.089e+04 0 
2.089e+04 2.188e+04 0 
2.188e+04 2.291e+04 0 
2.291e+04 2.399e+04 0 
2.399e+04 2.512e+04 0 
2.512e+04 2.630e+04 0 
2.630e+04 2.754e+04 0 
2.754e+04 2.884e+04 0 
2.884e+04 3.020e+04 0 
3.020e+04 3.162e+04 0 
3.162e+04 3.311e+04 0 
3.311e+04 3.467e+04 0 
3.467e+04 3.631e+04 0 
3.631e+04 3.802e+04 0 
3.802e+04 3.981e+04 0 
3.981e+04 4.169e+04 0 
4.169e+04 4.365e+04 0 
4.365e+04 4.571e+04 0 
4.571e+04 4.786e+04 0 
4.786e+04 5.012e+04 0 
5.012e+04 5.248e+04 0 
5.248e+04 5.495e+04 0 
5.495e+04 5.754e+04 0 
5.754e+04 6.026e+04 0 
6.026e+04 6.310e+04 0 
6.310e+04 6.607e+04 0 
6.607e+04 6.918e+04 0 
6.918e+04 7.244e+04 0 
7.244e+04 7.586e+04 0 
7.586e+04 7.943e+04 0 
7.943e+04 8.318e+04 0 
8.318e+04 8.710e+04 0 
8.710e+04 9.120e+04 0 
9.120e+04 9.550e+04 0 
9.550e+04 1.000e+05 0 
1.000e+05 1.047e+05 0 
1.047e+05 1.096e+05 0 
1.096e+05 1.148e+05 0 
1.148e+05 1.202e+05 0 
