1.000e+00 1.047e+00 974 
1.047e+00 1.096e+00 1031 
1.096e+00 1.148e+00 1055 
1.148e+00 1.202e+00 1150 
1.202e+00 1.259e+00 1233 
1.259e+00 1.318e+00 1242 
1.318e+00 1.380e+00 1261 
1.380e+00 1.445e+00 1346 
1.445e+00 1.514e+00 1429 
1.514e+00 1.585e+00 1511 
1.585e+00 1.660e+00 1568 
1.660e+00 1.738e+00 1589 
1.738e+00 1.820e+00 1658 
1.820e+00 1.905e+00 1683 
1.905e+00 1.995e+00 1772 
1.995e+00 2.089e+00 1901 
2.089e+00 2.188e+00 1950 
2.188e+00 2.291e+00 2009 
2.291e+00 2.399e+00 2124 
2.399e+00 2.512e+00 2261 
2.512e+00 2.630e+00 2303 
2.630e+00 2.754e+00 2395 
2.754e+00 2.884e+00 2433 
2.884e+00 3.020e+00 2639 
3.020e+00 3.162e+00 2638 
3.162e+00 3.311e+00 2902 
3.311e+00 3.467e+00 2992 
3.467e+00 3.631e+00 3122 
3.631e+00 3.802e+00 3147 
3.802e+00 3.981e+00 3301 
3.981e+00 4.169e+00 3415 
4.169e+00 4.365e+00 3598 
4.365e+00 4.571e+00 3619 
4.571e+00 4.786e+00 3850 
4.786e+00 5.012e+00 3996 
5.012e+00 5.248e+00 4002 
5.248e+00 5.495e+00 4375 
5.495e+00 5.754e+00 4496 
5.754e+00 6.026e+00 4638 
6.026e+00 6.310e+00 4975 
6.310e+00 6.607e+00 5101 
6.607e+00 6.918e+00 5453 
6.918e+00 7.244e+00 5500 
7.244e+00 7.586e+00 5824 
7.586e+00 7.943e+00 5963 
7.943e+00 8.318e+00 6307 
8.318e+00 8.710e+00 6410 
8.710e+00 9.120e+00 6794 
9.120e+00 9.550e+00 7036 
9.550e+00 1.000e+01 7337 
1.000e+01 1.047e+01 7747 
1.047e+01 1.096e+01 8077 
1.096e+01 1.148e+01 8561 
1.148e+01 1.202e+01 9089 
1.202e+01 1.259e+01 9388 
1.259e+01 1.318e+01 9920 
1.318e+01 1.380e+01 10391 
1.380e+01 1.445e+01 10837 
1.445e+01 1.514e+01 11409 
1.514e+01 1.585e+01 11834 
1.585e+01 1.660e+01 12628 
1.660e+01 1.738e+01 13227 
1.738e+01 1.820e+01 13656 
1.820e+01 1.905e+01 14479 
1.905e+01 1.995e+01 15599 
1.995e+01 2.089e+01 16286 
2.089e+01 2.188e+01 17111 
2.188e+01 2.291e+01 18022 
2.291e+01 2.399e+01 19567 
2.399e+01 2.512e+01 20260 
2.512e+01 2.630e+01 21472 
2.630e+01 2.754e+01 23040 
2.754e+01 2.884e+01 23979 
2.884e+01 3.020e+01 25644 
3.020e+01 3.162e+01 27136 
3.162e+01 3.311e+01 29223 
3.311e+01 3.467e+01 31116 
3.467e+01 3.631e+01 33435 
3.631e+01 3.802e+01 35687 
3.802e+01 3.981e+01 38113 
3.981e+01 4.169e+01 40738 
4.169e+01 4.365e+01 43189 
4.365e+01 4.571e+01 46932 
4.571e+01 4.786e+01 50257 
4.786e+01 5.012e+01 53636 
5.012e+01 5.248e+01 58163 
5.248e+01 5.495e+01 62258 
5.495e+01 5.754e+01 66757 
5.754e+01 6.026e+01 70737 
6.026e+01 6.310e+01 77624 
6.310e+01 6.607e+01 82346 
6.607e+01 6.918e+01 87960 
6.918e+01 7.244e+01 94980 
7.244e+01 7.586e+01 101871 
7.586e+01 7.943e+01 109769 
7.943e+01 8.318e+01 117193 
8.318e+01 8.710e+01 125433 
8.710e+01 9.120e+01 136480 
9.120e+01 9.550e+01 144187 
9.550e+01 1.000e+02 155260 
1.000e+02 1.047e+02 166983 
1.047e+02 1.096e+02 178897 
1.096e+02 1.148e+02 190800 
1.148e+02 1.202e+02 205401 
1.202e+02 1.259e+02 219895 
1.259e+02 1.318e+02 235920 
1.318e+02 1.380e+02 254595 
1.380e+02 1.445e+02 270834 
1.445e+02 1.514e+02 291136 
1.514e+02 1.585e+02 310713 
1.585e+02 1.660e+02 333255 
1.660e+02 1.738e+02 357135 
1.738e+02 1.820e+02 384091 
1.820e+02 1.905e+02 411726 
1.905e+02 1.995e+02 441330 
1.995e+02 2.089e+02 474587 
2.089e+02 2.188e+02 509826 
2.188e+02 2.291e+02 544184 
2.291e+02 2.399e+02 585424 
2.399e+02 2.512e+02 627634 
2.512e+02 2.630e+02 673007 
2.630e+02 2.754e+02 725125 
2.754e+02 2.884e+02 778460 
2.884e+02 3.020e+02 837643 
3.020e+02 3.162e+02 901667 
3.162e+02 3.311e+02 969394 
3.311e+02 3.467e+02 1042966 
3.467e+02 3.631e+02 1122523 
3.631e+02 3.802e+02 1208680 
3.802e+02 3.981e+02 1298789 
3.981e+02 4.169e+02 1398086 
4.169e+02 4.365e+02 1504099 
4.365e+02 4.571e+02 1625584 
4.571e+02 4.786e+02 1751990 
4.786e+02 5.012e+02 1888555 
5.012e+02 5.248e+02 2039682 
5.248e+02 5.495e+02 2195543 
5.495e+02 5.754e+02 2369122 
5.754e+02 6.026e+02 2554587 
6.026e+02 6.310e+02 2754160 
6.310e+02 6.607e+02 2975247 
6.607e+02 6.918e+02 3207963 
6.918e+02 7.244e+02 3472920 
7.244e+02 7.586e+02 3747706 
7.586e+02 7.943e+02 4042025 
7.943e+02 8.318e+02 4377908 
8.318e+02 8.710e+02 4727111 
8.710e+02 9.120e+02 5115527 
9.120e+02 9.550e+02 5521304 
9.550e+02 1.000e+03 5965163 
1.000e+03 1.047e+03 6453633 
1.047e+03 1.096e+03 6981584 
1.096e+03 1.148e+03 7546698 
1.148e+03 1.202e+03 8169483 
1.202e+03 1.259e+03 8850201 
1.259e+03 1.318e+03 9575632 
1.318e+03 1.380e+03 10370302 
1.380e+03 1.445e+03 11242194 
1.445e+03 1.514e+03 12197282 
1.514e+03 1.585e+03 13228588 
1.585e+03 1.660e+03 14358933 
1.660e+03 1.738e+03 15586084 
1.738e+03 1.820e+03 16934312 
1.820e+03 1.905e+03 18385766 
1.905e+03 1.995e+03 19980173 
1.995e+03 2.089e+03 21741226 
2.089e+03 2.188e+03 23622247 
2.188e+03 2.291e+03 25716233 
2.291e+03 2.399e+03 27960453 
2.399e+03 2.512e+03 30423148 
2.512e+03 2.630e+03 33142584 
2.630e+03 2.754e+03 36110619 
2.754e+03 2.884e+03 39333703 
2.884e+03 3.020e+03 42873855 
3.020e+03 3.162e+03 46681762 
3.162e+03 3.311e+03 50949138 
3.311e+03 3.467e+03 55550299 
3.467e+03 3.631e+03 60573442 
3.631e+03 3.802e+03 66106860 
3.802e+03 3.981e+03 72230627 
3.981e+03 4.169e+03 78896810 
4.169e+03 4.365e+03 86240839 
4.365e+03 4.571e+03 94252309 
4.571e+03 4.786e+03 103056464 
4.786e+03 5.012e+03 112510830 
5.012e+03 5.248e+03 122899027 
5.248e+03 5.495e+03 134368842 
5.495e+03 5.754e+03 146937900 
5.754e+03 6.026e+03 160478405 
6.026e+03 6.310e+03 175547258 
6.310e+03 6.607e+03 191921537 
6.607e+03 6.918e+03 209851695 
6.918e+03 7.244e+03 229497652 
7.244e+03 7.586e+03 251157627 
7.586e+03 7.943e+03 274439890 
7.943e+03 8.318e+03 299910392 
8.318e+03 8.710e+03 327811925 
8.710e+03 9.120e+03 358212643 
9.120e+03 9.550e+03 391677236 
9.550e+03 1.000e+04 428489843 
1.000e+04 1.047e+04 468149332 
1.047e+04 1.096e+04 511619246 
1.096e+04 1.148e+04 559791284 
1.148e+04 1.202e+04 612341366 
1.202e+04 1.259e+04 669715258 
1.259e+04 1.318e+04 732993490 
1.318e+04 1.380e+04 802436653 
1.380e+04 1.445e+04 877496667 
1.445e+04 1.514e+04 957746687 
1.514e+04 1.585e+04 1044995947 
1.585e+04 1.660e+04 1141420709 
1.660e+04 1.738e+04 1246903329 
1.738e+04 1.820e+04 1362522099 
1.820e+04 1.905e+04 1486788505 
1.905e+04 1.995e+04 1620865477 
1.995e+04 2.089e+04 1768178032 
2.089e+04 2.188e+04 1929255629 
2.188e+04 2.291e+04 2104936573 
2.291e+04 2.399e+04 2297543866 
2.399e+04 2.512e+04 2505636988 
2.512e+04 2.630e+04 2725546895 
2.630e+04 2.754e+04 2969920734 
2.754e+04 2.884e+04 3233039491 
2.884e+04 3.020e+04 3518306939 
3.020e+04 3.162e+04 3819950455 
3.162e+04 3.311e+04 4153441210 
3.311e+04 3.467e+04 4517483451 
3.467e+04 3.631e+04 4907886573 
3.631e+04 3.802e+04 5336001241 
3.802e+04 3.981e+04 5799045201 
3.981e+04 4.169e+04 6285937036 
4.169e+04 4.365e+04 6818123228 
4.365e+04 4.571e+04 7389885520 
4.571e+04 4.786e+04 8013096311 
4.786e+04 5.012e+04 8674941150 
5.012e+04 5.248e+04 9375433102 
5.248e+04 5.495e+04 10113100372 
5.495e+04 5.754e+04 10914760642 
5.754e+04 6.026e+04 11769327738 
6.026e+04 6.310e+04 12681521198 
6.310e+04 6.607e+04 13655132225 
6.607e+04 6.918e+04 14682943861 
6.918e+04 7.244e+04 15770343341 
7.244e+04 7.586e+04 16928585126 
7.586e+04 7.943e+04 18119830582 
7.943e+04 8.318e+04 19367337707 
8.318e+04 8.710e+04 20697582785 
8.710e+04 9.120e+04 22081533848 
9.120e+04 9.550e+04 23451282115 
9.550e+04 1.000e+05 24853393580 
1.000e+05 1.047e+05 26328265020 
1.047e+05 1.096e+05 27769353944 
1.096e+05 1.148e+05 29163329395 
1.148e+05 1.202e+05 30593443280 
