1.000e+00 1.047e+00 13883815 
1.047e+00 1.096e+00 15111083 
1.096e+00 1.148e+00 16439364 
1.148e+00 1.202e+00 17898653 
1.202e+00 1.259e+00 19464033 
1.259e+00 1.318e+00 21177792 
1.318e+00 1.380e+00 23035164 
1.380e+00 1.445e+00 25061382 
1.445e+00 1.514e+00 27287020 
1.514e+00 1.585e+00 29678825 
1.585e+00 1.660e+00 32271553 
1.660e+00 1.738e+00 35087101 
1.738e+00 1.820e+00 38160520 
1.820e+00 1.905e+00 41473888 
1.905e+00 1.995e+00 45125742 
1.995e+00 2.089e+00 49071354 
2.089e+00 2.188e+00 53359715 
2.188e+00 2.291e+00 57995877 
2.291e+00 2.399e+00 62995985 
2.399e+00 2.512e+00 68434262 
2.512e+00 2.630e+00 74352077 
2.630e+00 2.754e+00 80800725 
2.754e+00 2.884e+00 87847069 
2.884e+00 3.020e+00 95380997 
3.020e+00 3.162e+00 103668973 
3.162e+00 3.311e+00 112602487 
3.311e+00 3.467e+00 122330968 
3.467e+00 3.631e+00 132876532 
3.631e+00 3.802e+00 144380754 
3.802e+00 3.981e+00 156838236 
3.981e+00 4.169e+00 170323216 
4.169e+00 4.365e+00 184945044 
4.365e+00 4.571e+00 200781408 
4.571e+00 4.786e+00 217902094 
4.786e+00 5.012e+00 236438765 
5.012e+00 5.248e+00 256649705 
5.248e+00 5.495e+00 278543525 
5.495e+00 5.754e+00 302382584 
5.754e+00 6.026e+00 328052029 
6.026e+00 6.310e+00 356018547 
6.310e+00 6.607e+00 386387029 
6.607e+00 6.918e+00 419166488 
6.918e+00 7.244e+00 454645123 
7.244e+00 7.586e+00 493015499 
7.586e+00 7.943e+00 534631672 
7.943e+00 8.318e+00 579404240 
8.318e+00 8.710e+00 628400905 
8.710e+00 9.120e+00 681276178 
9.120e+00 9.550e+00 738499747 
9.550e+00 1.000e+01 800680470 
1.000e+01 1.047e+01 867855628 
1.047e+01 1.096e+01 940402297 
1.096e+01 1.148e+01 1018572899 
1.148e+01 1.202e+01 1103209168 
1.202e+01 1.259e+01 1194642876 
1.259e+01 1.318e+01 1293208364 
1.318e+01 1.380e+01 1400150155 
1.380e+01 1.445e+01 1516042768 
1.445e+01 1.514e+01 1640758272 
1.514e+01 1.585e+01 1775796525 
1.585e+01 1.660e+01 1921619202 
1.660e+01 1.738e+01 2077057476 
1.738e+01 1.820e+01 2245468780 
1.820e+01 1.905e+01 2426281048 
1.905e+01 1.995e+01 2621446546 
1.995e+01 2.089e+01 2832248724 
2.089e+01 2.188e+01 3058617267 
2.188e+01 2.291e+01 3302897739 
2.291e+01 2.399e+01 3564966668 
2.399e+01 2.512e+01 3846606954 
2.512e+01 2.630e+01 4149495755 
2.630e+01 2.754e+01 4473444100 
2.754e+01 2.884e+01 4821353565 
2.884e+01 3.020e+01 5194399065 
3.020e+01 3.162e+01 5596492744 
3.162e+01 3.311e+01 6023534409 
3.311e+01 3.467e+01 6481671225 
3.467e+01 3.631e+01 6972489598 
3.631e+01 3.802e+01 7495305130 
3.802e+01 3.981e+01 8050560036 
3.981e+01 4.169e+01 8642244431 
4.169e+01 4.365e+01 9269149629 
4.365e+01 4.571e+01 9934251965 
4.571e+01 4.786e+01 10638307235 
4.786e+01 5.012e+01 11386547314 
5.012e+01 5.248e+01 12178709007 
5.248e+01 5.495e+01 13022352843 
5.495e+01 5.754e+01 13908154215 
5.754e+01 6.026e+01 14836662174 
6.026e+01 6.310e+01 15810948942 
6.310e+01 6.607e+01 16822181392 
6.607e+01 6.918e+01 17882366763 
6.918e+01 7.244e+01 18970242015 
7.244e+01 7.586e+01 20090955541 
7.586e+01 7.943e+01 21245891822 
7.943e+01 8.318e+01 22388850411 
8.318e+01 8.710e+01 23537871100 
8.710e+01 9.120e+01 24682468011 
9.120e+01 9.550e+01 25820320643 
9.550e+01 1.000e+02 26924558223 
1.000e+02 1.047e+02 27968289267 
1.047e+02 1.096e+02 28866999955 
1.096e+02 1.148e+02 29629022291 
1.148e+02 1.202e+02 30184411417 
1.202e+02 1.259e+02 30487985033 
1.259e+02 1.318e+02 30445328201 
1.318e+02 1.380e+02 30005357785 
1.380e+02 1.445e+02 29010414563 
1.445e+02 1.514e+02 27230565954 
1.514e+02 1.585e+02 24463361237 
1.585e+02 1.660e+02 20325064253 
1.660e+02 1.738e+02 14132058711 
1.738e+02 1.820e+02 4356226184 
1.820e+02 1.905e+02 0 
1.905e+02 1.995e+02 0 
1.995e+02 2.089e+02 0 
2.089e+02 2.188e+02 0 
2.188e+02 2.291e+02 0 
2.291e+02 2.399e+02 0 
2.399e+02 2.512e+02 0 
2.512e+02 2.630e+02 0 
2.630e+02 2.754e+02 0 
2.754e+02 2.884e+02 0 
2.884e+02 3.020e+02 0 
3.020e+02 3.162e+02 0 
3.162e+02 3.311e+02 0 
3.311e+02 3.467e+02 0 
3.467e+02 3.631e+02 0 
3.631e+02 3.802e+02 0 
3.802e+02 3.981e+02 0 
3.981e+02 4.169e+02 0 
4.169e+02 4.365e+02 0 
4.365e+02 4.571e+02 0 
4.571e+02 4.786e+02 0 
4.786e+02 5.012e+02 0 
5.012e+02 5.248e+02 0 
5.248e+02 5.495e+02 0 
5.495e+02 5.754e+02 0 
5.754e+02 6.026e+02 0 
6.026e+02 6.310e+02 0 
6.310e+02 6.607e+02 0 
6.607e+02 6.918e+02 0 
6.918e+02 7.244e+02 0 
7.244e+02 7.586e+02 0 
7.586e+02 7.943e+02 0 
7.943e+02 8.318e+02 0 
8.318e+02 8.710e+02 0 
8.710e+02 9.120e+02 0 
9.120e+02 9.550e+02 0 
9.550e+02 1.000e+03 0 
1.000e+03 1.047e+03 0 
1.047e+03 1.096e+03 0 
1.096e+03 1.148e+03 0 
1.148e+03 1.202e+03 0 
1.202e+03 1.259e+03 0 
1.259e+03 1.318e+03 0 
1.318e+03 1.380e+03 0 
1.380e+03 1.445e+03 0 
1.445e+03 1.514e+03 0 
1.514e+03 1.585e+03 0 
1.585e+03 1.660e+03 0 
1.660e+03 1.738e+03 0 
1.738e+03 1.820e+03 0 
1.820e+03 1.905e+03 0 
1.905e+03 1.995e+03 0 
1.995e+03 2.089e+03 0 
2.089e+03 2.188e+03 0 
2.188e+03 2.291e+03 0 
2.291e+03 2.399e+03 0 
2.399e+03 2.512e+03 0 
2.512e+03 2.630e+03 0 
2.630e+03 2.754e+03 0 
2.754e+03 2.884e+03 0 
2.884e+03 3.020e+03 0 
3.020e+03 3.162e+03 0 
3.162e+03 3.311e+03 0 
3.311e+03 3.467e+03 0 
3.467e+03 3.631e+03 0 
3.631e+03 3.802e+03 0 
3.802e+03 3.981e+03 0 
3.981e+03 4.169e+03 0 
4.169e+03 4.365e+03 0 
4.365e+03 4.571e+03 0 
4.571e+03 4.786e+03 0 
4.786e+03 5.012e+03 0 
5.012e+03 5.248e+03 0 
5.248e+03 5.495e+03 0 
5.495e+03 5.754e+03 0 
5.754e+03 6.026e+03 0 
6.026e+03 6.310e+03 0 
6.310e+03 6.607e+03 0 
6.607e+03 6.918e+03 0 
6.918e+03 7.244e+03 0 
7.244e+03 7.586e+03 0 
7.586e+03 7.943e+03 0 
7.943e+03 8.318e+03 0 
8.318e+03 8.710e+03 0 
8.710e+03 9.120e+03 0 
9.120e+03 9.550e+03 0 
9.550e+03 1.000e+04 0 
1.000e+04 1.047e+04 0 
1.047e+04 1.096e+04 0 
1.096e+04 1.148e+04 0 
1.148e+04 1.202e+04 0 
1.202e+04 1.259e+04 0 
1.259e+04 1.318e+04 0 
1.318e+04 1.380e+04 0 
1.380e+04 1.445e+04 0 
1.445e+04 1.514e+04 0 
1.514e+04 1.585e+04 0 
1.585e+04 1.660e+04 0 
1.660e+04 1.738e+04 0 
1.738e+04 1.820e+04 0 
1.820e+04 1.905e+04 0 
1.905e+04 1.995e+04 0 
1.995e+04 2.089e+04 0 
2.089e+04 2.188e+04 0 
2.188e+04 2.291e+04 0 
2.291e+04 2.399e+04 0 
2.399e+04 2.512e+04 0 
2.512e+04 2.630e+04 0 
2.630e+04 2.754e+04 0 
2.754e+04 2.884e+04 0 
2.884e+04 3.020e+04 0 
3.020e+04 3.162e+04 0 
3.162e+04 3.311e+04 0 
3.311e+04 3.467e+04 0 
3.467e+04 3.631e+04 0 
3.631e+04 3.802e+04 0 
3.802e+04 3.981e+04 0 
3.981e+04 4.169e+04 0 
4.169e+04 4.365e+04 0 
4.365e+04 4.571e+04 0 
4.571e+04 4.786e+04 0 
4.786e+04 5.012e+04 0 
5.012e+04 5.248e+04 0 
5.248e+04 5.495e+04 0 
5.495e+04 5.754e+04 0 
5.754e+04 6.026e+04 0 
6.026e+04 6.310e+04 0 
6.310e+04 6.607e+04 0 
6.607e+04 6.918e+04 0 
6.918e+04 7.244e+04 0 
7.244e+04 7.586e+04 0 
7.586e+04 7.943e+04 0 
7.943e+04 8.318e+04 0 
8.318e+04 8.710e+04 0 
8.710e+04 9.120e+04 0 
9.120e+04 9.550e+04 0 
9.550e+04 1.000e+05 0 
1.000e+05 1.047e+05 0 
1.047e+05 1.096e+05 0 
1.096e+05 1.148e+05 0 
1.148e+05 1.202e+05 0 
