1.000e+00 1.047e+00 14364569 
1.047e+00 1.096e+00 15628382 
1.096e+00 1.148e+00 17005293 
1.148e+00 1.202e+00 18516515 
1.202e+00 1.259e+00 20150339 
1.259e+00 1.318e+00 21914458 
1.318e+00 1.380e+00 23844832 
1.380e+00 1.445e+00 25956900 
1.445e+00 1.514e+00 28266114 
1.514e+00 1.585e+00 30760789 
1.585e+00 1.660e+00 33467944 
1.660e+00 1.738e+00 36414037 
1.738e+00 1.820e+00 39593188 
1.820e+00 1.905e+00 43044910 
1.905e+00 1.995e+00 46806125 
1.995e+00 2.089e+00 50899198 
2.089e+00 2.188e+00 55394987 
2.188e+00 2.291e+00 60235725 
2.291e+00 2.399e+00 65459456 
2.399e+00 2.512e+00 71127746 
2.512e+00 2.630e+00 77303118 
2.630e+00 2.754e+00 84015374 
2.754e+00 2.884e+00 91343272 
2.884e+00 3.020e+00 99274783 
3.020e+00 3.162e+00 107934945 
3.162e+00 3.311e+00 117257469 
3.311e+00 3.467e+00 127383047 
3.467e+00 3.631e+00 138422901 
3.631e+00 3.802e+00 150492181 
3.802e+00 3.981e+00 163478769 
3.981e+00 4.169e+00 177573140 
4.169e+00 4.365e+00 192800749 
4.365e+00 4.571e+00 209395283 
4.571e+00 4.786e+00 227285065 
4.786e+00 5.012e+00 246670608 
5.012e+00 5.248e+00 267800366 
5.248e+00 5.495e+00 290710791 
5.495e+00 5.754e+00 315661673 
5.754e+00 6.026e+00 342673373 
6.026e+00 6.310e+00 372061918 
6.310e+00 6.607e+00 403981483 
6.607e+00 6.918e+00 438460516 
6.918e+00 7.244e+00 475701319 
7.244e+00 7.586e+00 516166751 
7.586e+00 7.943e+00 560011291 
7.943e+00 8.318e+00 607180660 
8.318e+00 8.710e+00 658767029 
8.710e+00 9.120e+00 714367502 
9.120e+00 9.550e+00 774412764 
9.550e+00 1.000e+01 839866540 
1.000e+01 1.047e+01 910479638 
1.047e+01 1.096e+01 986765152 
1.096e+01 1.148e+01 1068664296 
1.148e+01 1.202e+01 1157753280 
1.202e+01 1.259e+01 1253744779 
1.259e+01 1.318e+01 1358048267 
1.318e+01 1.380e+01 1470790919 
1.380e+01 1.445e+01 1592772204 
1.445e+01 1.514e+01 1725010522 
1.514e+01 1.585e+01 1868209479 
1.585e+01 1.660e+01 2022796351 
1.660e+01 1.738e+01 2187019522 
1.738e+01 1.820e+01 2364779619 
1.820e+01 1.905e+01 2555825348 
1.905e+01 1.995e+01 2762019323 
1.995e+01 2.089e+01 2984903000 
2.089e+01 2.188e+01 3224312698 
2.188e+01 2.291e+01 3482962730 
2.291e+01 2.399e+01 3760653969 
2.399e+01 2.512e+01 4058628802 
2.512e+01 2.630e+01 4379008202 
2.630e+01 2.754e+01 4721388859 
2.754e+01 2.884e+01 5090175959 
2.884e+01 3.020e+01 5485967965 
3.020e+01 3.162e+01 5911271782 
3.162e+01 3.311e+01 6364044168 
3.311e+01 3.467e+01 6848086774 
3.467e+01 3.631e+01 7366340350 
3.631e+01 3.802e+01 7918406612 
3.802e+01 3.981e+01 8506866158 
3.981e+01 4.169e+01 9134487986 
4.169e+01 4.365e+01 9797021018 
4.365e+01 4.571e+01 10499594253 
4.571e+01 4.786e+01 11243331375 
4.786e+01 5.012e+01 12035128875 
5.012e+01 5.248e+01 12871088586 
5.248e+01 5.495e+01 13759606383 
5.495e+01 5.754e+01 14695678488 
5.754e+01 6.026e+01 15678197764 
6.026e+01 6.310e+01 16709007934 
6.310e+01 6.607e+01 17782754736 
6.607e+01 6.918e+01 18900202750 
6.918e+01 7.244e+01 20049241359 
7.244e+01 7.586e+01 21234774557 
7.586e+01 7.943e+01 22461123502 
7.943e+01 8.318e+01 23688614679 
8.318e+01 8.710e+01 24925341118 
8.710e+01 9.120e+01 26142075014 
9.120e+01 9.550e+01 27346902688 
9.550e+01 1.000e+02 28498085458 
1.000e+02 1.047e+02 29575369076 
1.047e+02 1.096e+02 30518577093 
1.096e+02 1.148e+02 31327768241 
1.148e+02 1.202e+02 31913912933 
1.202e+02 1.259e+02 32232246700 
1.259e+02 1.318e+02 32195325772 
1.318e+02 1.380e+02 31737739637 
1.380e+02 1.445e+02 30681583976 
1.445e+02 1.514e+02 28795875019 
1.514e+02 1.585e+02 25838742208 
1.585e+02 1.660e+02 21429351070 
1.660e+02 1.738e+02 14841711822 
1.738e+02 1.820e+02 4543462157 
1.820e+02 1.905e+02 0 
1.905e+02 1.995e+02 0 
1.995e+02 2.089e+02 0 
2.089e+02 2.188e+02 0 
2.188e+02 2.291e+02 0 
2.291e+02 2.399e+02 0 
2.399e+02 2.512e+02 0 
2.512e+02 2.630e+02 0 
2.630e+02 2.754e+02 0 
2.754e+02 2.884e+02 0 
2.884e+02 3.020e+02 0 
3.020e+02 3.162e+02 0 
3.162e+02 3.311e+02 0 
3.311e+02 3.467e+02 0 
3.467e+02 3.631e+02 0 
3.631e+02 3.802e+02 0 
3.802e+02 3.981e+02 0 
3.981e+02 4.169e+02 0 
4.169e+02 4.365e+02 0 
4.365e+02 4.571e+02 0 
4.571e+02 4.786e+02 0 
4.786e+02 5.012e+02 0 
5.012e+02 5.248e+02 0 
5.248e+02 5.495e+02 0 
5.495e+02 5.754e+02 0 
5.754e+02 6.026e+02 0 
6.026e+02 6.310e+02 0 
6.310e+02 6.607e+02 0 
6.607e+02 6.918e+02 0 
6.918e+02 7.244e+02 0 
7.244e+02 7.586e+02 0 
7.586e+02 7.943e+02 0 
7.943e+02 8.318e+02 0 
8.318e+02 8.710e+02 0 
8.710e+02 9.120e+02 0 
9.120e+02 9.550e+02 0 
9.550e+02 1.000e+03 0 
1.000e+03 1.047e+03 0 
1.047e+03 1.096e+03 0 
1.096e+03 1.148e+03 0 
1.148e+03 1.202e+03 0 
1.202e+03 1.259e+03 0 
1.259e+03 1.318e+03 0 
1.318e+03 1.380e+03 0 
1.380e+03 1.445e+03 0 
1.445e+03 1.514e+03 0 
1.514e+03 1.585e+03 0 
1.585e+03 1.660e+03 0 
1.660e+03 1.738e+03 0 
1.738e+03 1.820e+03 0 
1.820e+03 1.905e+03 0 
1.905e+03 1.995e+03 0 
1.995e+03 2.089e+03 0 
2.089e+03 2.188e+03 0 
2.188e+03 2.291e+03 0 
2.291e+03 2.399e+03 0 
2.399e+03 2.512e+03 0 
2.512e+03 2.630e+03 0 
2.630e+03 2.754e+03 0 
2.754e+03 2.884e+03 0 
2.884e+03 3.020e+03 0 
3.020e+03 3.162e+03 0 
3.162e+03 3.311e+03 0 
3.311e+03 3.467e+03 0 
3.467e+03 3.631e+03 0 
3.631e+03 3.802e+03 0 
3.802e+03 3.981e+03 0 
3.981e+03 4.169e+03 0 
4.169e+03 4.365e+03 0 
4.365e+03 4.571e+03 0 
4.571e+03 4.786e+03 0 
4.786e+03 5.012e+03 0 
5.012e+03 5.248e+03 0 
5.248e+03 5.495e+03 0 
5.495e+03 5.754e+03 0 
5.754e+03 6.026e+03 0 
6.026e+03 6.310e+03 0 
6.310e+03 6.607e+03 0 
6.607e+03 6.918e+03 0 
6.918e+03 7.244e+03 0 
7.244e+03 7.586e+03 0 
7.586e+03 7.943e+03 0 
7.943e+03 8.318e+03 0 
8.318e+03 8.710e+03 0 
8.710e+03 9.120e+03 0 
9.120e+03 9.550e+03 0 
9.550e+03 1.000e+04 0 
1.000e+04 1.047e+04 0 
1.047e+04 1.096e+04 0 
1.096e+04 1.148e+04 0 
1.148e+04 1.202e+04 0 
1.202e+04 1.259e+04 0 
1.259e+04 1.318e+04 0 
1.318e+04 1.380e+04 0 
1.380e+04 1.445e+04 0 
1.445e+04 1.514e+04 0 
1.514e+04 1.585e+04 0 
1.585e+04 1.660e+04 0 
1.660e+04 1.738e+04 0 
1.738e+04 1.820e+04 0 
1.820e+04 1.905e+04 0 
1.905e+04 1.995e+04 0 
1.995e+04 2.089e+04 0 
2.089e+04 2.188e+04 0 
2.188e+04 2.291e+04 0 
2.291e+04 2.399e+04 0 
2.399e+04 2.512e+04 0 
2.512e+04 2.630e+04 0 
2.630e+04 2.754e+04 0 
2.754e+04 2.884e+04 0 
2.884e+04 3.020e+04 0 
3.020e+04 3.162e+04 0 
3.162e+04 3.311e+04 0 
3.311e+04 3.467e+04 0 
3.467e+04 3.631e+04 0 
3.631e+04 3.802e+04 0 
3.802e+04 3.981e+04 0 
3.981e+04 4.169e+04 0 
4.169e+04 4.365e+04 0 
4.365e+04 4.571e+04 0 
4.571e+04 4.786e+04 0 
4.786e+04 5.012e+04 0 
5.012e+04 5.248e+04 0 
5.248e+04 5.495e+04 0 
5.495e+04 5.754e+04 0 
5.754e+04 6.026e+04 0 
6.026e+04 6.310e+04 0 
6.310e+04 6.607e+04 0 
6.607e+04 6.918e+04 0 
6.918e+04 7.244e+04 0 
7.244e+04 7.586e+04 0 
7.586e+04 7.943e+04 0 
7.943e+04 8.318e+04 0 
8.318e+04 8.710e+04 0 
8.710e+04 9.120e+04 0 
9.120e+04 9.550e+04 0 
9.550e+04 1.000e+05 0 
1.000e+05 1.047e+05 0 
1.047e+05 1.096e+05 0 
1.096e+05 1.148e+05 0 
1.148e+05 1.202e+05 0 
