1.000e+00 1.047e+00 22843714 
1.047e+00 1.096e+00 24841553 
1.096e+00 1.148e+00 27029332 
1.148e+00 1.202e+00 29416155 
1.202e+00 1.259e+00 31994731 
1.259e+00 1.318e+00 34833937 
1.318e+00 1.380e+00 37904966 
1.380e+00 1.445e+00 41244392 
1.445e+00 1.514e+00 44880708 
1.514e+00 1.585e+00 48812365 
1.585e+00 1.660e+00 53114132 
1.660e+00 1.738e+00 57773685 
1.738e+00 1.820e+00 62810935 
1.820e+00 1.905e+00 68291353 
1.905e+00 1.995e+00 74269737 
1.995e+00 2.089e+00 80764033 
2.089e+00 2.188e+00 87850244 
2.188e+00 2.291e+00 95522847 
2.291e+00 2.399e+00 103787682 
2.399e+00 2.512e+00 112774232 
2.512e+00 2.630e+00 122565495 
2.630e+00 2.754e+00 133236435 
2.754e+00 2.884e+00 144863674 
2.884e+00 3.020e+00 157380334 
3.020e+00 3.162e+00 171069124 
3.162e+00 3.311e+00 185891837 
3.311e+00 3.467e+00 201911438 
3.467e+00 3.631e+00 219430188 
3.631e+00 3.802e+00 238492596 
3.802e+00 3.981e+00 259089985 
3.981e+00 4.169e+00 281419287 
4.169e+00 4.365e+00 305641700 
4.365e+00 4.571e+00 331764495 
4.571e+00 4.786e+00 360287844 
4.786e+00 5.012e+00 391015222 
5.012e+00 5.248e+00 424528801 
5.248e+00 5.495e+00 460785599 
5.495e+00 5.754e+00 500081025 
5.754e+00 6.026e+00 542682340 
6.026e+00 6.310e+00 589035665 
6.310e+00 6.607e+00 639371584 
6.607e+00 6.918e+00 693673634 
6.918e+00 7.244e+00 752436955 
7.244e+00 7.586e+00 816208217 
7.586e+00 7.943e+00 884997231 
7.943e+00 8.318e+00 959449501 
8.318e+00 8.710e+00 1040442340 
8.710e+00 9.120e+00 1127884678 
9.120e+00 9.550e+00 1222495778 
9.550e+00 1.000e+01 1325323044 
1.000e+01 1.047e+01 1436337714 
1.047e+01 1.096e+01 1556117250 
1.096e+01 1.148e+01 1685154393 
1.148e+01 1.202e+01 1825007072 
1.202e+01 1.259e+01 1975645471 
1.259e+01 1.318e+01 2138828425 
1.318e+01 1.380e+01 2315427377 
1.380e+01 1.445e+01 2505878752 
1.445e+01 1.514e+01 2711555019 
1.514e+01 1.585e+01 2934760340 
1.585e+01 1.660e+01 3175076919 
1.660e+01 1.738e+01 3432178260 
1.738e+01 1.820e+01 3709365205 
1.820e+01 1.905e+01 4008305590 
1.905e+01 1.995e+01 4330388553 
1.995e+01 2.089e+01 4678352335 
2.089e+01 2.188e+01 5052778461 
2.188e+01 2.291e+01 5456668589 
2.291e+01 2.399e+01 5889369445 
2.399e+01 2.512e+01 6353611610 
2.512e+01 2.630e+01 6853243550 
2.630e+01 2.754e+01 7388835576 
2.754e+01 2.884e+01 7964362995 
2.884e+01 3.020e+01 8582051750 
3.020e+01 3.162e+01 9243153786 
3.162e+01 3.311e+01 9948603493 
3.311e+01 3.467e+01 10702709578 
3.467e+01 3.631e+01 11510584664 
3.631e+01 3.802e+01 12371670383 
3.802e+01 3.981e+01 13285586467 
3.981e+01 4.169e+01 14260874471 
4.169e+01 4.365e+01 15297555676 
4.365e+01 4.571e+01 16394925804 
4.571e+01 4.786e+01 17558273050 
4.786e+01 5.012e+01 18795616473 
5.012e+01 5.248e+01 20098666669 
5.248e+01 5.495e+01 21479983208 
5.495e+01 5.754e+01 22932925510 
5.754e+01 6.026e+01 24464171245 
6.026e+01 6.310e+01 26065536313 
6.310e+01 6.607e+01 27731048267 
6.607e+01 6.918e+01 29463300479 
6.918e+01 7.244e+01 31255244523 
7.244e+01 7.586e+01 33100076930 
7.586e+01 7.943e+01 35002324069 
7.943e+01 8.318e+01 36918812281 
8.318e+01 8.710e+01 38847259390 
8.710e+01 9.120e+01 40752919358 
9.120e+01 9.550e+01 42630403038 
9.550e+01 1.000e+02 44425717703 
1.000e+02 1.047e+02 46106277510 
1.047e+02 1.096e+02 47595134680 
1.096e+02 1.148e+02 48869762086 
1.148e+02 1.202e+02 49820177994 
1.202e+02 1.259e+02 50341948718 
1.259e+02 1.318e+02 50323782746 
1.318e+02 1.380e+02 49616763640 
1.380e+02 1.445e+02 47981708270 
1.445e+02 1.514e+02 45083726518 
1.514e+02 1.585e+02 40507778372 
1.585e+02 1.660e+02 33667419509 
1.660e+02 1.738e+02 23444411037 
1.738e+02 1.820e+02 7216874690 
1.820e+02 1.905e+02 0 
1.905e+02 1.995e+02 0 
1.995e+02 2.089e+02 0 
2.089e+02 2.188e+02 0 
2.188e+02 2.291e+02 0 
2.291e+02 2.399e+02 0 
2.399e+02 2.512e+02 0 
2.512e+02 2.630e+02 0 
2.630e+02 2.754e+02 0 
2.754e+02 2.884e+02 0 
2.884e+02 3.020e+02 0 
3.020e+02 3.162e+02 0 
3.162e+02 3.311e+02 0 
3.311e+02 3.467e+02 0 
3.467e+02 3.631e+02 0 
3.631e+02 3.802e+02 0 
3.802e+02 3.981e+02 0 
3.981e+02 4.169e+02 0 
4.169e+02 4.365e+02 0 
4.365e+02 4.571e+02 0 
4.571e+02 4.786e+02 0 
4.786e+02 5.012e+02 0 
5.012e+02 5.248e+02 0 
5.248e+02 5.495e+02 0 
5.495e+02 5.754e+02 0 
5.754e+02 6.026e+02 0 
6.026e+02 6.310e+02 0 
6.310e+02 6.607e+02 0 
6.607e+02 6.918e+02 0 
6.918e+02 7.244e+02 0 
7.244e+02 7.586e+02 0 
7.586e+02 7.943e+02 0 
7.943e+02 8.318e+02 0 
8.318e+02 8.710e+02 0 
8.710e+02 9.120e+02 0 
9.120e+02 9.550e+02 0 
9.550e+02 1.000e+03 0 
1.000e+03 1.047e+03 0 
1.047e+03 1.096e+03 0 
1.096e+03 1.148e+03 0 
1.148e+03 1.202e+03 0 
1.202e+03 1.259e+03 0 
1.259e+03 1.318e+03 0 
1.318e+03 1.380e+03 0 
1.380e+03 1.445e+03 0 
1.445e+03 1.514e+03 0 
1.514e+03 1.585e+03 0 
1.585e+03 1.660e+03 0 
1.660e+03 1.738e+03 0 
1.738e+03 1.820e+03 0 
1.820e+03 1.905e+03 0 
1.905e+03 1.995e+03 0 
1.995e+03 2.089e+03 0 
2.089e+03 2.188e+03 0 
2.188e+03 2.291e+03 0 
2.291e+03 2.399e+03 0 
2.399e+03 2.512e+03 0 
2.512e+03 2.630e+03 0 
2.630e+03 2.754e+03 0 
2.754e+03 2.884e+03 0 
2.884e+03 3.020e+03 0 
3.020e+03 3.162e+03 0 
3.162e+03 3.311e+03 0 
3.311e+03 3.467e+03 0 
3.467e+03 3.631e+03 0 
3.631e+03 3.802e+03 0 
3.802e+03 3.981e+03 0 
3.981e+03 4.169e+03 0 
4.169e+03 4.365e+03 0 
4.365e+03 4.571e+03 0 
4.571e+03 4.786e+03 0 
4.786e+03 5.012e+03 0 
5.012e+03 5.248e+03 0 
5.248e+03 5.495e+03 0 
5.495e+03 5.754e+03 0 
5.754e+03 6.026e+03 0 
6.026e+03 6.310e+03 0 
6.310e+03 6.607e+03 0 
6.607e+03 6.918e+03 0 
6.918e+03 7.244e+03 0 
7.244e+03 7.586e+03 0 
7.586e+03 7.943e+03 0 
7.943e+03 8.318e+03 0 
8.318e+03 8.710e+03 0 
8.710e+03 9.120e+03 0 
9.120e+03 9.550e+03 0 
9.550e+03 1.000e+04 0 
1.000e+04 1.047e+04 0 
1.047e+04 1.096e+04 0 
1.096e+04 1.148e+04 0 
1.148e+04 1.202e+04 0 
1.202e+04 1.259e+04 0 
1.259e+04 1.318e+04 0 
1.318e+04 1.380e+04 0 
1.380e+04 1.445e+04 0 
1.445e+04 1.514e+04 0 
1.514e+04 1.585e+04 0 
1.585e+04 1.660e+04 0 
1.660e+04 1.738e+04 0 
1.738e+04 1.820e+04 0 
1.820e+04 1.905e+04 0 
1.905e+04 1.995e+04 0 
1.995e+04 2.089e+04 0 
2.089e+04 2.188e+04 0 
2.188e+04 2.291e+04 0 
2.291e+04 2.399e+04 0 
2.399e+04 2.512e+04 0 
2.512e+04 2.630e+04 0 
2.630e+04 2.754e+04 0 
2.754e+04 2.884e+04 0 
2.884e+04 3.020e+04 0 
3.020e+04 3.162e+04 0 
3.162e+04 3.311e+04 0 
3.311e+04 3.467e+04 0 
3.467e+04 3.631e+04 0 
3.631e+04 3.802e+04 0 
3.802e+04 3.981e+04 0 
3.981e+04 4.169e+04 0 
4.169e+04 4.365e+04 0 
4.365e+04 4.571e+04 0 
4.571e+04 4.786e+04 0 
4.786e+04 5.012e+04 0 
5.012e+04 5.248e+04 0 
5.248e+04 5.495e+04 0 
5.495e+04 5.754e+04 0 
5.754e+04 6.026e+04 0 
6.026e+04 6.310e+04 0 
6.310e+04 6.607e+04 0 
6.607e+04 6.918e+04 0 
6.918e+04 7.244e+04 0 
7.244e+04 7.586e+04 0 
7.586e+04 7.943e+04 0 
7.943e+04 8.318e+04 0 
8.318e+04 8.710e+04 0 
8.710e+04 9.120e+04 0 
9.120e+04 9.550e+04 0 
9.550e+04 1.000e+05 0 
1.000e+05 1.047e+05 0 
1.047e+05 1.096e+05 0 
1.096e+05 1.148e+05 0 
1.148e+05 1.202e+05 0 
