1.000e+00 1.047e+00 7 
1.047e+00 1.096e+00 20 
1.096e+00 1.148e+00 30 
1.148e+00 1.202e+00 18 
1.202e+00 1.259e+00 15 
1.259e+00 1.318e+00 8 
1.318e+00 1.380e+00 17 
1.380e+00 1.445e+00 24 
1.445e+00 1.514e+00 40 
1.514e+00 1.585e+00 23 
1.585e+00 1.660e+00 28 
1.660e+00 1.738e+00 24 
1.738e+00 1.820e+00 46 
1.820e+00 1.905e+00 39 
1.905e+00 1.995e+00 29 
1.995e+00 2.089e+00 26 
2.089e+00 2.188e+00 64 
2.188e+00 2.291e+00 62 
2.291e+00 2.399e+00 53 
2.399e+00 2.512e+00 52 
2.512e+00 2.630e+00 100 
2.630e+00 2.754e+00 70 
2.754e+00 2.884e+00 90 
2.884e+00 3.020e+00 83 
3.020e+00 3.162e+00 84 
3.162e+00 3.311e+00 124 
3.311e+00 3.467e+00 120 
3.467e+00 3.631e+00 146 
3.631e+00 3.802e+00 144 
3.802e+00 3.981e+00 147 
3.981e+00 4.169e+00 140 
4.169e+00 4.365e+00 185 
4.365e+00 4.571e+00 205 
4.571e+00 4.786e+00 208 
4.786e+00 5.012e+00 192 
5.012e+00 5.248e+00 261 
5.248e+00 5.495e+00 281 
5.495e+00 5.754e+00 285 
5.754e+00 6.026e+00 330 
6.026e+00 6.310e+00 386 
6.310e+00 6.607e+00 392 
6.607e+00 6.918e+00 414 
6.918e+00 7.244e+00 493 
7.244e+00 7.586e+00 487 
7.586e+00 7.943e+00 554 
7.943e+00 8.318e+00 609 
8.318e+00 8.710e+00 673 
8.710e+00 9.120e+00 735 
9.120e+00 9.550e+00 844 
9.550e+00 1.000e+01 879 
1.000e+01 1.047e+01 882 
1.047e+01 1.096e+01 1047 
1.096e+01 1.148e+01 1113 
1.148e+01 1.202e+01 1259 
1.202e+01 1.259e+01 1358 
1.259e+01 1.318e+01 1543 
1.318e+01 1.380e+01 1601 
1.380e+01 1.445e+01 1748 
1.445e+01 1.514e+01 1934 
1.514e+01 1.585e+01 2080 
1.585e+01 1.660e+01 2313 
1.660e+01 1.738e+01 2473 
1.738e+01 1.820e+01 2749 
1.820e+01 1.905e+01 2974 
1.905e+01 1.995e+01 3216 
1.995e+01 2.089e+01 3529 
2.089e+01 2.188e+01 3920 
2.188e+01 2.291e+01 4235 
2.291e+01 2.399e+01 4774 
2.399e+01 2.512e+01 4972 
2.512e+01 2.630e+01 5362 
2.630e+01 2.754e+01 5961 
2.754e+01 2.884e+01 6515 
2.884e+01 3.020e+01 7035 
3.020e+01 3.162e+01 7797 
3.162e+01 3.311e+01 8389 
3.311e+01 3.467e+01 9293 
3.467e+01 3.631e+01 10384 
3.631e+01 3.802e+01 10975 
3.802e+01 3.981e+01 12314 
3.981e+01 4.169e+01 13031 
4.169e+01 4.365e+01 14428 
4.365e+01 4.571e+01 15620 
4.571e+01 4.786e+01 17243 
4.786e+01 5.012e+01 18409 
5.012e+01 5.248e+01 20146 
5.248e+01 5.495e+01 22109 
5.495e+01 5.754e+01 24379 
5.754e+01 6.026e+01 26691 
6.026e+01 6.310e+01 29118 
6.310e+01 6.607e+01 31856 
6.607e+01 6.918e+01 34668 
6.918e+01 7.244e+01 37576 
7.244e+01 7.586e+01 41071 
7.586e+01 7.943e+01 44741 
7.943e+01 8.318e+01 48920 
8.318e+01 8.710e+01 53170 
8.710e+01 9.120e+01 58007 
9.120e+01 9.550e+01 63334 
9.550e+01 1.000e+02 69344 
1.000e+02 1.047e+02 75778 
1.047e+02 1.096e+02 82683 
1.096e+02 1.148e+02 89968 
1.148e+02 1.202e+02 98024 
1.202e+02 1.259e+02 106937 
1.259e+02 1.318e+02 115769 
1.318e+02 1.380e+02 127104 
1.380e+02 1.445e+02 138166 
1.445e+02 1.514e+02 150093 
1.514e+02 1.585e+02 164350 
1.585e+02 1.660e+02 179449 
1.660e+02 1.738e+02 195866 
1.738e+02 1.820e+02 212617 
1.820e+02 1.905e+02 231159 
1.905e+02 1.995e+02 252369 
1.995e+02 2.089e+02 274974 
2.089e+02 2.188e+02 299690 
2.188e+02 2.291e+02 325803 
2.291e+02 2.399e+02 354744 
2.399e+02 2.512e+02 387496 
2.512e+02 2.630e+02 422224 
2.630e+02 2.754e+02 459051 
2.754e+02 2.884e+02 500889 
2.884e+02 3.020e+02 546325 
3.020e+02 3.162e+02 596424 
3.162e+02 3.311e+02 650473 
3.311e+02 3.467e+02 708887 
3.467e+02 3.631e+02 771601 
3.631e+02 3.802e+02 842267 
3.802e+02 3.981e+02 916410 
3.981e+02 4.169e+02 999405 
4.169e+02 4.365e+02 1088532 
4.365e+02 4.571e+02 1188020 
4.571e+02 4.786e+02 1296274 
4.786e+02 5.012e+02 1416087 
5.012e+02 5.248e+02 1541006 
5.248e+02 5.495e+02 1674715 
5.495e+02 5.754e+02 1828618 
5.754e+02 6.026e+02 1992806 
6.026e+02 6.310e+02 2165951 
6.310e+02 6.607e+02 2358364 
6.607e+02 6.918e+02 2565821 
6.918e+02 7.244e+02 2792013 
7.244e+02 7.586e+02 3047086 
7.586e+02 7.943e+02 3313679 
7.943e+02 8.318e+02 3601625 
8.318e+02 8.710e+02 3920287 
8.710e+02 9.120e+02 4264037 
9.120e+02 9.550e+02 4638102 
9.550e+02 1.000e+03 5042883 
1.000e+03 1.047e+03 5488186 
1.047e+03 1.096e+03 5968450 
1.096e+03 1.148e+03 6495803 
1.148e+03 1.202e+03 7055553 
1.202e+03 1.259e+03 7676697 
1.259e+03 1.318e+03 8352391 
1.318e+03 1.380e+03 9085317 
1.380e+03 1.445e+03 9887620 
1.445e+03 1.514e+03 10762139 
1.514e+03 1.585e+03 11696721 
1.585e+03 1.660e+03 12719358 
1.660e+03 1.738e+03 13822582 
1.738e+03 1.820e+03 15026523 
1.820e+03 1.905e+03 16337555 
1.905e+03 1.995e+03 17747443 
1.995e+03 2.089e+03 19288812 
2.089e+03 2.188e+03 20962306 
2.188e+03 2.291e+03 22771621 
2.291e+03 2.399e+03 24726784 
2.399e+03 2.512e+03 26852296 
2.512e+03 2.630e+03 29167158 
2.630e+03 2.754e+03 31688944 
2.754e+03 2.884e+03 34438903 
2.884e+03 3.020e+03 37444335 
3.020e+03 3.162e+03 40678559 
3.162e+03 3.311e+03 44197373 
3.311e+03 3.467e+03 47997858 
3.467e+03 3.631e+03 52119742 
3.631e+03 3.802e+03 56576373 
3.802e+03 3.981e+03 61408832 
3.981e+03 4.169e+03 66646557 
4.169e+03 4.365e+03 72345387 
4.365e+03 4.571e+03 78501696 
4.571e+03 4.786e+03 85189885 
4.786e+03 5.012e+03 92433134 
5.012e+03 5.248e+03 100245484 
5.248e+03 5.495e+03 108745159 
5.495e+03 5.754e+03 117934649 
5.754e+03 6.026e+03 127786484 
6.026e+03 6.310e+03 138559925 
6.310e+03 6.607e+03 150195452 
6.607e+03 6.918e+03 162781059 
6.918e+03 7.244e+03 176407809 
7.244e+03 7.586e+03 191103301 
7.586e+03 7.943e+03 207017528 
7.943e+03 8.318e+03 224366059 
8.318e+03 8.710e+03 243005542 
8.710e+03 9.120e+03 263255903 
9.120e+03 9.550e+03 285059375 
9.550e+03 1.000e+04 308325840 
1.000e+04 1.047e+04 333625114 
1.047e+04 1.096e+04 361248727 
1.096e+04 1.148e+04 390950930 
1.148e+04 1.202e+04 422825600 
1.202e+04 1.259e+04 457185298 
1.259e+04 1.318e+04 494180147 
1.318e+04 1.380e+04 534085060 
1.380e+04 1.445e+04 577331399 
1.445e+04 1.514e+04 624215137 
1.514e+04 1.585e+04 674517864 
1.585e+04 1.660e+04 728792029 
1.660e+04 1.738e+04 787062476 
1.738e+04 1.820e+04 849807571 
1.820e+04 1.905e+04 917384038 
1.905e+04 1.995e+04 990010452 
1.995e+04 2.089e+04 1068215247 
2.089e+04 2.188e+04 1152092248 
2.188e+04 2.291e+04 1242231859 
2.291e+04 2.399e+04 1339140086 
2.399e+04 2.512e+04 1443240890 
2.512e+04 2.630e+04 1554969481 
2.630e+04 2.754e+04 1674751051 
2.754e+04 2.884e+04 1803147583 
2.884e+04 3.020e+04 1941047922 
3.020e+04 3.162e+04 2087624730 
3.162e+04 3.311e+04 2244686915 
3.311e+04 3.467e+04 2413070436 
3.467e+04 3.631e+04 2591666098 
3.631e+04 3.802e+04 2783412901 
3.802e+04 3.981e+04 2986937783 
3.981e+04 4.169e+04 3204276044 
4.169e+04 4.365e+04 3437944676 
4.365e+04 4.571e+04 3684235679 
4.571e+04 4.786e+04 3945356825 
4.786e+04 5.012e+04 4220963063 
5.012e+04 5.248e+04 4515838107 
5.248e+04 5.495e+04 4828960685 
5.495e+04 5.754e+04 5158278321 
5.754e+04 6.026e+04 5505082621 
6.026e+04 6.310e+04 5869290295 
6.310e+04 6.607e+04 6255043457 
6.607e+04 6.918e+04 6656109647 
6.918e+04 7.244e+04 7077336085 
7.244e+04 7.586e+04 7517978924 
7.586e+04 7.943e+04 7977096568 
7.943e+04 8.318e+04 8454515729 
8.318e+04 8.710e+04 8951825758 
8.710e+04 9.120e+04 9466145646 
9.120e+04 9.550e+04 9991341745 
9.550e+04 1.000e+05 10525181173 
1.000e+05 1.047e+05 11072502990 
1.047e+05 1.096e+05 11629188944 
1.096e+05 1.148e+05 12192527291 
1.148e+05 1.202e+05 12750145084 
