1.000e+00 1.047e+00 9111645 
1.047e+00 1.096e+00 9909281 
1.096e+00 1.148e+00 10767593 
1.148e+00 1.202e+00 11712959 
1.202e+00 1.259e+00 12742547 
1.259e+00 1.318e+00 13869084 
1.318e+00 1.380e+00 15091902 
1.380e+00 1.445e+00 16420768 
1.445e+00 1.514e+00 17845505 
1.514e+00 1.585e+00 19406579 
1.585e+00 1.660e+00 21119142 
1.660e+00 1.738e+00 22963517 
1.738e+00 1.820e+00 24954902 
1.820e+00 1.905e+00 27116869 
1.905e+00 1.995e+00 29523196 
1.995e+00 2.089e+00 32086908 
2.089e+00 2.188e+00 34881728 
2.188e+00 2.291e+00 37929354 
2.291e+00 2.399e+00 41206177 
2.399e+00 2.512e+00 44775102 
2.512e+00 2.630e+00 48671823 
2.630e+00 2.754e+00 52918574 
2.754e+00 2.884e+00 57500554 
2.884e+00 3.020e+00 62468217 
3.020e+00 3.162e+00 67871972 
3.162e+00 3.311e+00 73753857 
3.311e+00 3.467e+00 80133386 
3.467e+00 3.631e+00 87058478 
3.631e+00 3.802e+00 94615614 
3.802e+00 3.981e+00 102750676 
3.981e+00 4.169e+00 111642996 
4.169e+00 4.365e+00 121234507 
4.365e+00 4.571e+00 131564362 
4.571e+00 4.786e+00 142940199 
4.786e+00 5.012e+00 155117007 
5.012e+00 5.248e+00 168454773 
5.248e+00 5.495e+00 182779629 
5.495e+00 5.754e+00 198283099 
5.754e+00 6.026e+00 215045370 
6.026e+00 6.310e+00 233370864 
6.310e+00 6.607e+00 253193522 
6.607e+00 6.918e+00 274562474 
6.918e+00 7.244e+00 297782739 
7.244e+00 7.586e+00 322847046 
7.586e+00 7.943e+00 349898321 
7.943e+00 8.318e+00 379268856 
8.318e+00 8.710e+00 411161605 
8.710e+00 9.120e+00 445562485 
9.120e+00 9.550e+00 482798131 
9.550e+00 1.000e+01 523195040 
1.000e+01 1.047e+01 566764573 
1.047e+01 1.096e+01 613874709 
1.096e+01 1.148e+01 664755136 
1.148e+01 1.202e+01 719642671 
1.202e+01 1.259e+01 778870607 
1.259e+01 1.318e+01 842561331 
1.318e+01 1.380e+01 911788890 
1.380e+01 1.445e+01 986179278 
1.445e+01 1.514e+01 1066177072 
1.514e+01 1.585e+01 1153144610 
1.585e+01 1.660e+01 1246432399 
1.660e+01 1.738e+01 1347185605 
1.738e+01 1.820e+01 1455207097 
1.820e+01 1.905e+01 1572094562 
1.905e+01 1.995e+01 1698103055 
1.995e+01 2.089e+01 1833791440 
2.089e+01 2.188e+01 1980250490 
2.188e+01 2.291e+01 2138088051 
2.291e+01 2.399e+01 2306895431 
2.399e+01 2.512e+01 2487565225 
2.512e+01 2.630e+01 2682513497 
2.630e+01 2.754e+01 2892045296 
2.754e+01 2.884e+01 3116174943 
2.884e+01 3.020e+01 3357273621 
3.020e+01 3.162e+01 3614431453 
3.162e+01 3.311e+01 3889167750 
3.311e+01 3.467e+01 4183010724 
3.467e+01 3.631e+01 4497840996 
3.631e+01 3.802e+01 4833278226 
3.802e+01 3.981e+01 5188457655 
3.981e+01 4.169e+01 5567322832 
4.169e+01 4.365e+01 5972652098 
4.365e+01 4.571e+01 6401496111 
4.571e+01 4.786e+01 6856042766 
4.786e+01 5.012e+01 7339453871 
5.012e+01 5.248e+01 7847509054 
5.248e+01 5.495e+01 8384431698 
5.495e+01 5.754e+01 8947584508 
5.754e+01 6.026e+01 9544493185 
6.026e+01 6.310e+01 10166707327 
6.310e+01 6.607e+01 10812243524 
6.607e+01 6.918e+01 11483358510 
6.918e+01 7.244e+01 12181110780 
7.244e+01 7.586e+01 12898629587 
7.586e+01 7.943e+01 13636216543 
7.943e+01 8.318e+01 14383760930 
8.318e+01 8.710e+01 15135356799 
8.710e+01 9.120e+01 15881192594 
9.120e+01 9.550e+01 16611849721 
9.550e+01 1.000e+02 17311605258 
1.000e+02 1.047e+02 17966485004 
1.047e+02 1.096e+02 18553389229 
1.096e+02 1.148e+02 19055096360 
1.148e+02 1.202e+02 19439170858 
1.202e+02 1.259e+02 19653076581 
1.259e+02 1.318e+02 19661339572 
1.318e+02 1.380e+02 19387381293 
1.380e+02 1.445e+02 18753608068 
1.445e+02 1.514e+02 17640288555 
1.514e+02 1.585e+02 15872322528 
1.585e+02 1.660e+02 13221609113 
1.660e+02 1.738e+02 9258418462 
1.738e+02 1.820e+02 2866257308 
1.820e+02 1.905e+02 0 
1.905e+02 1.995e+02 0 
1.995e+02 2.089e+02 0 
2.089e+02 2.188e+02 0 
2.188e+02 2.291e+02 0 
2.291e+02 2.399e+02 0 
2.399e+02 2.512e+02 0 
2.512e+02 2.630e+02 0 
2.630e+02 2.754e+02 0 
2.754e+02 2.884e+02 0 
2.884e+02 3.020e+02 0 
3.020e+02 3.162e+02 0 
3.162e+02 3.311e+02 0 
3.311e+02 3.467e+02 0 
3.467e+02 3.631e+02 0 
3.631e+02 3.802e+02 0 
3.802e+02 3.981e+02 0 
3.981e+02 4.169e+02 0 
4.169e+02 4.365e+02 0 
4.365e+02 4.571e+02 0 
4.571e+02 4.786e+02 0 
4.786e+02 5.012e+02 0 
5.012e+02 5.248e+02 0 
5.248e+02 5.495e+02 0 
5.495e+02 5.754e+02 0 
5.754e+02 6.026e+02 0 
6.026e+02 6.310e+02 0 
6.310e+02 6.607e+02 0 
6.607e+02 6.918e+02 0 
6.918e+02 7.244e+02 0 
7.244e+02 7.586e+02 0 
7.586e+02 7.943e+02 0 
7.943e+02 8.318e+02 0 
8.318e+02 8.710e+02 0 
8.710e+02 9.120e+02 0 
9.120e+02 9.550e+02 0 
9.550e+02 1.000e+03 0 
1.000e+03 1.047e+03 0 
1.047e+03 1.096e+03 0 
1.096e+03 1.148e+03 0 
1.148e+03 1.202e+03 0 
1.202e+03 1.259e+03 0 
1.259e+03 1.318e+03 0 
1.318e+03 1.380e+03 0 
1.380e+03 1.445e+03 0 
1.445e+03 1.514e+03 0 
1.514e+03 1.585e+03 0 
1.585e+03 1.660e+03 0 
1.660e+03 1.738e+03 0 
1.738e+03 1.820e+03 0 
1.820e+03 1.905e+03 0 
1.905e+03 1.995e+03 0 
1.995e+03 2.089e+03 0 
2.089e+03 2.188e+03 0 
2.188e+03 2.291e+03 0 
2.291e+03 2.399e+03 0 
2.399e+03 2.512e+03 0 
2.512e+03 2.630e+03 0 
2.630e+03 2.754e+03 0 
2.754e+03 2.884e+03 0 
2.884e+03 3.020e+03 0 
3.020e+03 3.162e+03 0 
3.162e+03 3.311e+03 0 
3.311e+03 3.467e+03 0 
3.467e+03 3.631e+03 0 
3.631e+03 3.802e+03 0 
3.802e+03 3.981e+03 0 
3.981e+03 4.169e+03 0 
4.169e+03 4.365e+03 0 
4.365e+03 4.571e+03 0 
4.571e+03 4.786e+03 0 
4.786e+03 5.012e+03 0 
5.012e+03 5.248e+03 0 
5.248e+03 5.495e+03 0 
5.495e+03 5.754e+03 0 
5.754e+03 6.026e+03 0 
6.026e+03 6.310e+03 0 
6.310e+03 6.607e+03 0 
6.607e+03 6.918e+03 0 
6.918e+03 7.244e+03 0 
7.244e+03 7.586e+03 0 
7.586e+03 7.943e+03 0 
7.943e+03 8.318e+03 0 
8.318e+03 8.710e+03 0 
8.710e+03 9.120e+03 0 
9.120e+03 9.550e+03 0 
9.550e+03 1.000e+04 0 
1.000e+04 1.047e+04 0 
1.047e+04 1.096e+04 0 
1.096e+04 1.148e+04 0 
1.148e+04 1.202e+04 0 
1.202e+04 1.259e+04 0 
1.259e+04 1.318e+04 0 
1.318e+04 1.380e+04 0 
1.380e+04 1.445e+04 0 
1.445e+04 1.514e+04 0 
1.514e+04 1.585e+04 0 
1.585e+04 1.660e+04 0 
1.660e+04 1.738e+04 0 
1.738e+04 1.820e+04 0 
1.820e+04 1.905e+04 0 
1.905e+04 1.995e+04 0 
1.995e+04 2.089e+04 0 
2.089e+04 2.188e+04 0 
2.188e+04 2.291e+04 0 
2.291e+04 2.399e+04 0 
2.399e+04 2.512e+04 0 
2.512e+04 2.630e+04 0 
2.630e+04 2.754e+04 0 
2.754e+04 2.884e+04 0 
2.884e+04 3.020e+04 0 
3.020e+04 3.162e+04 0 
3.162e+04 3.311e+04 0 
3.311e+04 3.467e+04 0 
3.467e+04 3.631e+04 0 
3.631e+04 3.802e+04 0 
3.802e+04 3.981e+04 0 
3.981e+04 4.169e+04 0 
4.169e+04 4.365e+04 0 
4.365e+04 4.571e+04 0 
4.571e+04 4.786e+04 0 
4.786e+04 5.012e+04 0 
5.012e+04 5.248e+04 0 
5.248e+04 5.495e+04 0 
5.495e+04 5.754e+04 0 
5.754e+04 6.026e+04 0 
6.026e+04 6.310e+04 0 
6.310e+04 6.607e+04 0 
6.607e+04 6.918e+04 0 
6.918e+04 7.244e+04 0 
7.244e+04 7.586e+04 0 
7.586e+04 7.943e+04 0 
7.943e+04 8.318e+04 0 
8.318e+04 8.710e+04 0 
8.710e+04 9.120e+04 0 
9.120e+04 9.550e+04 0 
9.550e+04 1.000e+05 0 
1.000e+05 1.047e+05 0 
1.047e+05 1.096e+05 0 
1.096e+05 1.148e+05 0 
1.148e+05 1.202e+05 0 
