1.000e+00 1.047e+00 1 
1.047e+00 1.096e+00 8 
1.096e+00 1.148e+00 6 
1.148e+00 1.202e+00 4 
1.202e+00 1.259e+00 6 
1.259e+00 1.318e+00 7 
1.318e+00 1.380e+00 4 
1.380e+00 1.445e+00 11 
1.445e+00 1.514e+00 12 
1.514e+00 1.585e+00 16 
1.585e+00 1.660e+00 7 
1.660e+00 1.738e+00 1 
1.738e+00 1.820e+00 12 
1.820e+00 1.905e+00 14 
1.905e+00 1.995e+00 7 
1.995e+00 2.089e+00 11 
2.089e+00 2.188e+00 14 
2.188e+00 2.291e+00 24 
2.291e+00 2.399e+00 17 
2.399e+00 2.512e+00 20 
2.512e+00 2.630e+00 30 
2.630e+00 2.754e+00 20 
2.754e+00 2.884e+00 22 
2.884e+00 3.020e+00 23 
3.020e+00 3.162e+00 16 
3.162e+00 3.311e+00 38 
3.311e+00 3.467e+00 30 
3.467e+00 3.631e+00 39 
3.631e+00 3.802e+00 36 
3.802e+00 3.981e+00 29 
3.981e+00 4.169e+00 45 
4.169e+00 4.365e+00 41 
4.365e+00 4.571e+00 56 
4.571e+00 4.786e+00 71 
4.786e+00 5.012e+00 58 
5.012e+00 5.248e+00 68 
5.248e+00 5.495e+00 75 
5.495e+00 5.754e+00 76 
5.754e+00 6.026e+00 70 
6.026e+00 6.310e+00 83 
6.310e+00 6.607e+00 107 
6.607e+00 6.918e+00 111 
6.918e+00 7.244e+00 121 
7.244e+00 7.586e+00 134 
7.586e+00 7.943e+00 149 
7.943e+00 8.318e+00 188 
8.318e+00 8.710e+00 179 
8.710e+00 9.120e+00 203 
9.120e+00 9.550e+00 199 
9.550e+00 1.000e+01 243 
1.000e+01 1.047e+01 273 
1.047e+01 1.096e+01 283 
1.096e+01 1.148e+01 306 
1.148e+01 1.202e+01 366 
1.202e+01 1.259e+01 326 
1.259e+01 1.318e+01 439 
1.318e+01 1.380e+01 417 
1.380e+01 1.445e+01 468 
1.445e+01 1.514e+01 523 
1.514e+01 1.585e+01 599 
1.585e+01 1.660e+01 598 
1.660e+01 1.738e+01 697 
1.738e+01 1.820e+01 718 
1.820e+01 1.905e+01 793 
1.905e+01 1.995e+01 910 
1.995e+01 2.089e+01 976 
2.089e+01 2.188e+01 997 
2.188e+01 2.291e+01 1134 
2.291e+01 2.399e+01 1240 
2.399e+01 2.512e+01 1379 
2.512e+01 2.630e+01 1464 
2.630e+01 2.754e+01 1606 
2.754e+01 2.884e+01 1722 
2.884e+01 3.020e+01 1841 
3.020e+01 3.162e+01 2048 
3.162e+01 3.311e+01 2251 
3.311e+01 3.467e+01 2521 
3.467e+01 3.631e+01 2624 
3.631e+01 3.802e+01 2980 
3.802e+01 3.981e+01 3160 
3.981e+01 4.169e+01 3380 
4.169e+01 4.365e+01 3744 
4.365e+01 4.571e+01 4100 
4.571e+01 4.786e+01 4469 
4.786e+01 5.012e+01 4892 
5.012e+01 5.248e+01 5249 
5.248e+01 5.495e+01 5865 
5.495e+01 5.754e+01 6241 
5.754e+01 6.026e+01 6988 
6.026e+01 6.310e+01 7522 
6.310e+01 6.607e+01 8296 
6.607e+01 6.918e+01 8949 
6.918e+01 7.244e+01 9713 
7.244e+01 7.586e+01 10500 
7.586e+01 7.943e+01 11505 
7.943e+01 8.318e+01 12594 
8.318e+01 8.710e+01 13761 
8.710e+01 9.120e+01 14972 
9.120e+01 9.550e+01 16129 
9.550e+01 1.000e+02 17416 
1.000e+02 1.047e+02 19258 
1.047e+02 1.096e+02 21388 
1.096e+02 1.148e+02 22982 
1.148e+02 1.202e+02 25068 
1.202e+02 1.259e+02 27236 
1.259e+02 1.318e+02 29761 
1.318e+02 1.380e+02 32436 
1.380e+02 1.445e+02 35065 
1.445e+02 1.514e+02 38348 
1.514e+02 1.585e+02 41912 
1.585e+02 1.660e+02 45405 
1.660e+02 1.738e+02 49317 
1.738e+02 1.820e+02 54159 
1.820e+02 1.905e+02 58853 
1.905e+02 1.995e+02 63972 
1.995e+02 2.089e+02 69548 
2.089e+02 2.188e+02 76169 
2.188e+02 2.291e+02 83305 
2.291e+02 2.399e+02 90679 
2.399e+02 2.512e+02 98540 
2.512e+02 2.630e+02 107753 
2.630e+02 2.754e+02 117685 
2.754e+02 2.884e+02 128421 
2.884e+02 3.020e+02 139724 
3.020e+02 3.162e+02 152785 
3.162e+02 3.311e+02 166111 
3.311e+02 3.467e+02 180518 
3.467e+02 3.631e+02 196392 
3.631e+02 3.802e+02 212993 
3.802e+02 3.981e+02 232118 
3.981e+02 4.169e+02 253703 
4.169e+02 4.365e+02 275863 
4.365e+02 4.571e+02 299901 
4.571e+02 4.786e+02 327300 
4.786e+02 5.012e+02 355700 
5.012e+02 5.248e+02 387174 
5.248e+02 5.495e+02 422222 
5.495e+02 5.754e+02 460846 
5.754e+02 6.026e+02 498423 
6.026e+02 6.310e+02 543828 
6.310e+02 6.607e+02 591677 
6.607e+02 6.918e+02 643670 
6.918e+02 7.244e+02 699506 
7.244e+02 7.586e+02 761312 
7.586e+02 7.943e+02 829080 
7.943e+02 8.318e+02 903042 
8.318e+02 8.710e+02 980992 
8.710e+02 9.120e+02 1070731 
9.120e+02 9.550e+02 1162114 
9.550e+02 1.000e+03 1265056 
1.000e+03 1.047e+03 1378599 
1.047e+03 1.096e+03 1495833 
1.096e+03 1.148e+03 1629227 
1.148e+03 1.202e+03 1771639 
1.202e+03 1.259e+03 1927968 
1.259e+03 1.318e+03 2095112 
1.318e+03 1.380e+03 2279859 
1.380e+03 1.445e+03 2477663 
1.445e+03 1.514e+03 2695422 
1.514e+03 1.585e+03 2924101 
1.585e+03 1.660e+03 3180091 
1.660e+03 1.738e+03 3453211 
1.738e+03 1.820e+03 3755495 
1.820e+03 1.905e+03 4077520 
1.905e+03 1.995e+03 4431974 
1.995e+03 2.089e+03 4813797 
2.089e+03 2.188e+03 5233204 
2.188e+03 2.291e+03 5685113 
2.291e+03 2.399e+03 6179708 
2.399e+03 2.512e+03 6714169 
2.512e+03 2.630e+03 7288824 
2.630e+03 2.754e+03 7919055 
2.754e+03 2.884e+03 8601409 
2.884e+03 3.020e+03 9332015 
3.020e+03 3.162e+03 10132540 
3.162e+03 3.311e+03 11013721 
3.311e+03 3.467e+03 11955503 
3.467e+03 3.631e+03 12977289 
3.631e+03 3.802e+03 14094066 
3.802e+03 3.981e+03 15296367 
3.981e+03 4.169e+03 16590298 
4.169e+03 4.365e+03 18004674 
4.365e+03 4.571e+03 19524198 
4.571e+03 4.786e+03 21209464 
4.786e+03 5.012e+03 23009540 
5.012e+03 5.248e+03 24978531 
5.248e+03 5.495e+03 27118401 
5.495e+03 5.754e+03 29431408 
5.754e+03 6.026e+03 31929732 
6.026e+03 6.310e+03 34589910 
6.310e+03 6.607e+03 37507669 
6.607e+03 6.918e+03 40656715 
6.918e+03 7.244e+03 44055214 
7.244e+03 7.586e+03 47736471 
7.586e+03 7.943e+03 51734499 
7.943e+03 8.318e+03 56067528 
8.318e+03 8.710e+03 60750093 
8.710e+03 9.120e+03 65784477 
9.120e+03 9.550e+03 71176138 
9.550e+03 1.000e+04 77036989 
1.000e+04 1.047e+04 83419213 
1.047e+04 1.096e+04 90261508 
1.096e+04 1.148e+04 97641595 
1.148e+04 1.202e+04 105627683 
1.202e+04 1.259e+04 114263352 
1.259e+04 1.318e+04 123617108 
1.318e+04 1.380e+04 133619099 
1.380e+04 1.445e+04 144336571 
1.445e+04 1.514e+04 155965973 
1.514e+04 1.585e+04 168614252 
1.585e+04 1.660e+04 182118513 
1.660e+04 1.738e+04 196776705 
1.738e+04 1.820e+04 212410598 
1.820e+04 1.905e+04 229309719 
1.905e+04 1.995e+04 247517394 
1.995e+04 2.089e+04 267122634 
2.089e+04 2.188e+04 288192799 
2.188e+04 2.291e+04 310673664 
2.291e+04 2.399e+04 334885857 
2.399e+04 2.512e+04 361005945 
2.512e+04 2.630e+04 388851695 
2.630e+04 2.754e+04 418857530 
2.754e+04 2.884e+04 451092612 
2.884e+04 3.020e+04 485666302 
3.020e+04 3.162e+04 522551398 
3.162e+04 3.311e+04 562213051 
3.311e+04 3.467e+04 604389783 
3.467e+04 3.631e+04 649412128 
3.631e+04 3.802e+04 697486698 
3.802e+04 3.981e+04 748368010 
3.981e+04 4.169e+04 803026706 
4.169e+04 4.365e+04 861391388 
4.365e+04 4.571e+04 923286385 
4.571e+04 4.786e+04 988638323 
4.786e+04 5.012e+04 1058133140 
5.012e+04 5.248e+04 1131677085 
5.248e+04 5.495e+04 1209207582 
5.495e+04 5.754e+04 1291759926 
5.754e+04 6.026e+04 1378843788 
6.026e+04 6.310e+04 1470117159 
6.310e+04 6.607e+04 1565842626 
6.607e+04 6.918e+04 1666405671 
6.918e+04 7.244e+04 1771207609 
7.244e+04 7.586e+04 1880925101 
7.586e+04 7.943e+04 1997034692 
7.943e+04 8.318e+04 2117249469 
8.318e+04 8.710e+04 2240531921 
8.710e+04 9.120e+04 2368772037 
9.120e+04 9.550e+04 2501650800 
9.550e+04 1.000e+05 2637410398 
1.000e+05 1.047e+05 2772983538 
1.047e+05 1.096e+05 2911465435 
1.096e+05 1.148e+05 3050205574 
1.148e+05 1.202e+05 3187511763 
