1.000e+00 1.047e+00 953 
1.047e+00 1.096e+00 981 
1.096e+00 1.148e+00 1045 
1.148e+00 1.202e+00 1119 
1.202e+00 1.259e+00 1159 
1.259e+00 1.318e+00 1178 
1.318e+00 1.380e+00 1200 
1.380e+00 1.445e+00 1331 
1.445e+00 1.514e+00 1405 
1.514e+00 1.585e+00 1417 
1.585e+00 1.660e+00 1444 
1.660e+00 1.738e+00 1480 
1.738e+00 1.820e+00 1643 
1.820e+00 1.905e+00 1679 
1.905e+00 1.995e+00 1789 
1.995e+00 2.089e+00 1819 
2.089e+00 2.188e+00 1963 
2.188e+00 2.291e+00 1944 
2.291e+00 2.399e+00 2157 
2.399e+00 2.512e+00 2198 
2.512e+00 2.630e+00 2158 
2.630e+00 2.754e+00 2350 
2.754e+00 2.884e+00 2421 
2.884e+00 3.020e+00 2481 
3.020e+00 3.162e+00 2616 
3.162e+00 3.311e+00 2828 
3.311e+00 3.467e+00 2847 
3.467e+00 3.631e+00 2903 
3.631e+00 3.802e+00 3091 
3.802e+00 3.981e+00 3163 
3.981e+00 4.169e+00 3349 
4.169e+00 4.365e+00 3466 
4.365e+00 4.571e+00 3715 
4.571e+00 4.786e+00 3700 
4.786e+00 5.012e+00 3873 
5.012e+00 5.248e+00 4143 
5.248e+00 5.495e+00 4284 
5.495e+00 5.754e+00 4422 
5.754e+00 6.026e+00 4672 
6.026e+00 6.310e+00 4755 
6.310e+00 6.607e+00 4902 
6.607e+00 6.918e+00 5113 
6.918e+00 7.244e+00 5447 
7.244e+00 7.586e+00 5677 
7.586e+00 7.943e+00 5947 
7.943e+00 8.318e+00 6280 
8.318e+00 8.710e+00 6447 
8.710e+00 9.120e+00 6659 
9.120e+00 9.550e+00 7204 
9.550e+00 1.000e+01 7432 
1.000e+01 1.047e+01 7815 
1.047e+01 1.096e+01 8076 
1.096e+01 1.148e+01 8445 
1.148e+01 1.202e+01 8994 
1.202e+01 1.259e+01 9239 
1.259e+01 1.318e+01 9579 
1.318e+01 1.380e+01 10176 
1.380e+01 1.445e+01 10765 
1.445e+01 1.514e+01 11038 
1.514e+01 1.585e+01 11646 
1.585e+01 1.660e+01 12310 
1.660e+01 1.738e+01 13024 
1.738e+01 1.820e+01 13786 
1.820e+01 1.905e+01 14345 
1.905e+01 1.995e+01 15174 
1.995e+01 2.089e+01 16233 
2.089e+01 2.188e+01 16813 
2.188e+01 2.291e+01 17895 
2.291e+01 2.399e+01 19061 
2.399e+01 2.512e+01 20333 
2.512e+01 2.630e+01 21395 
2.630e+01 2.754e+01 22377 
2.754e+01 2.884e+01 24007 
2.884e+01 3.020e+01 25364 
3.020e+01 3.162e+01 26718 
3.162e+01 3.311e+01 28482 
3.311e+01 3.467e+01 30853 
3.467e+01 3.631e+01 32654 
3.631e+01 3.802e+01 35209 
3.802e+01 3.981e+01 37745 
3.981e+01 4.169e+01 39824 
4.169e+01 4.365e+01 42561 
4.365e+01 4.571e+01 45861 
4.571e+01 4.786e+01 48891 
4.786e+01 5.012e+01 51597 
5.012e+01 5.248e+01 56945 
5.248e+01 5.495e+01 60673 
5.495e+01 5.754e+01 65085 
5.754e+01 6.026e+01 69222 
6.026e+01 6.310e+01 75350 
6.310e+01 6.607e+01 80748 
6.607e+01 6.918e+01 86688 
6.918e+01 7.244e+01 91805 
7.244e+01 7.586e+01 99962 
7.586e+01 7.943e+01 106684 
7.943e+01 8.318e+01 114124 
8.318e+01 8.710e+01 122129 
8.710e+01 9.120e+01 132021 
9.120e+01 9.550e+01 141128 
9.550e+01 1.000e+02 151394 
1.000e+02 1.047e+02 162097 
1.047e+02 1.096e+02 173355 
1.096e+02 1.148e+02 186274 
1.148e+02 1.202e+02 200415 
1.202e+02 1.259e+02 213849 
1.259e+02 1.318e+02 229412 
1.318e+02 1.380e+02 246136 
1.380e+02 1.445e+02 264017 
1.445e+02 1.514e+02 281607 
1.514e+02 1.585e+02 303303 
1.585e+02 1.660e+02 325305 
1.660e+02 1.738e+02 347858 
1.738e+02 1.820e+02 373580 
1.820e+02 1.905e+02 400067 
1.905e+02 1.995e+02 428758 
1.995e+02 2.089e+02 461951 
2.089e+02 2.188e+02 495394 
2.188e+02 2.291e+02 530624 
2.291e+02 2.399e+02 569902 
2.399e+02 2.512e+02 611161 
2.512e+02 2.630e+02 656147 
2.630e+02 2.754e+02 705949 
2.754e+02 2.884e+02 758677 
2.884e+02 3.020e+02 816394 
3.020e+02 3.162e+02 877301 
3.162e+02 3.311e+02 942249 
3.311e+02 3.467e+02 1016707 
3.467e+02 3.631e+02 1094604 
3.631e+02 3.802e+02 1178031 
3.802e+02 3.981e+02 1268572 
3.981e+02 4.169e+02 1366160 
4.169e+02 4.365e+02 1473489 
4.365e+02 4.571e+02 1588454 
4.571e+02 4.786e+02 1712250 
4.786e+02 5.012e+02 1843315 
5.012e+02 5.248e+02 1985767 
5.248e+02 5.495e+02 2143881 
5.495e+02 5.754e+02 2310888 
5.754e+02 6.026e+02 2491701 
6.026e+02 6.310e+02 2689348 
6.310e+02 6.607e+02 2907036 
6.607e+02 6.918e+02 3132096 
6.918e+02 7.244e+02 3385279 
7.244e+02 7.586e+02 3660393 
7.586e+02 7.943e+02 3946769 
7.943e+02 8.318e+02 4263473 
8.318e+02 8.710e+02 4604307 
8.710e+02 9.120e+02 4970902 
9.120e+02 9.550e+02 5380160 
9.550e+02 1.000e+03 5824209 
1.000e+03 1.047e+03 6299896 
1.047e+03 1.096e+03 6819008 
1.096e+03 1.148e+03 7378017 
1.148e+03 1.202e+03 7982075 
1.202e+03 1.259e+03 8640510 
1.259e+03 1.318e+03 9348532 
1.318e+03 1.380e+03 10134248 
1.380e+03 1.445e+03 10981712 
1.445e+03 1.514e+03 11893215 
1.514e+03 1.585e+03 12890415 
1.585e+03 1.660e+03 13974961 
1.660e+03 1.738e+03 15142494 
1.738e+03 1.820e+03 16424976 
1.820e+03 1.905e+03 17817797 
1.905e+03 1.995e+03 19330741 
1.995e+03 2.089e+03 20990605 
2.089e+03 2.188e+03 22825224 
2.188e+03 2.291e+03 24830218 
2.291e+03 2.399e+03 27008336 
2.399e+03 2.512e+03 29374172 
2.512e+03 2.630e+03 31974980 
2.630e+03 2.754e+03 34794363 
2.754e+03 2.884e+03 37856306 
2.884e+03 3.020e+03 41188108 
3.020e+03 3.162e+03 44858202 
3.162e+03 3.311e+03 48851827 
3.311e+03 3.467e+03 53257738 
3.467e+03 3.631e+03 58076189 
3.631e+03 3.802e+03 63394269 
3.802e+03 3.981e+03 69196835 
3.981e+03 4.169e+03 75510480 
4.169e+03 4.365e+03 82360671 
4.365e+03 4.571e+03 89941611 
4.571e+03 4.786e+03 98301070 
4.786e+03 5.012e+03 107416985 
5.012e+03 5.248e+03 117397105 
5.248e+03 5.495e+03 128333467 
5.495e+03 5.754e+03 140262635 
5.754e+03 6.026e+03 153270280 
6.026e+03 6.310e+03 167490290 
6.310e+03 6.607e+03 183207968 
6.607e+03 6.918e+03 200349311 
6.918e+03 7.244e+03 219037968 
7.244e+03 7.586e+03 239237814 
7.586e+03 7.943e+03 261629294 
7.943e+03 8.318e+03 286216508 
8.318e+03 8.710e+03 312672300 
8.710e+03 9.120e+03 341847051 
9.120e+03 9.550e+03 373584392 
9.550e+03 1.000e+04 408021819 
1.000e+04 1.047e+04 446403583 
1.047e+04 1.096e+04 487987953 
1.096e+04 1.148e+04 533380207 
1.148e+04 1.202e+04 583283269 
1.202e+04 1.259e+04 638069554 
1.259e+04 1.318e+04 698153291 
1.318e+04 1.380e+04 763131474 
1.380e+04 1.445e+04 833464464 
1.445e+04 1.514e+04 909641385 
1.514e+04 1.585e+04 992245964 
1.585e+04 1.660e+04 1084037852 
1.660e+04 1.738e+04 1185712015 
1.738e+04 1.820e+04 1294951355 
1.820e+04 1.905e+04 1413926850 
1.905e+04 1.995e+04 1543610799 
1.995e+04 2.089e+04 1685175118 
2.089e+04 2.188e+04 1837147154 
2.188e+04 2.291e+04 2002999397 
2.291e+04 2.399e+04 2183656775 
2.399e+04 2.512e+04 2378237952 
2.512e+04 2.630e+04 2590133671 
2.630e+04 2.754e+04 2823106838 
2.754e+04 2.884e+04 3069493741 
2.884e+04 3.020e+04 3342315996 
3.020e+04 3.162e+04 3638029838 
3.162e+04 3.311e+04 3958455982 
3.311e+04 3.467e+04 4301482611 
3.467e+04 3.631e+04 4677231075 
3.631e+04 3.802e+04 5082381475 
3.802e+04 3.981e+04 5522434369 
3.981e+04 4.169e+04 5989415555 
4.169e+04 4.365e+04 6499224331 
4.365e+04 4.571e+04 7044272299 
4.571e+04 4.786e+04 7637923883 
4.786e+04 5.012e+04 8275293246 
5.012e+04 5.248e+04 8952431974 
5.248e+04 5.495e+04 9669702012 
5.495e+04 5.754e+04 10450261556 
5.754e+04 6.026e+04 11280479859 
6.026e+04 6.310e+04 12154463121 
6.310e+04 6.607e+04 13098009959 
6.607e+04 6.918e+04 14083018807 
6.918e+04 7.244e+04 15101341668 
7.244e+04 7.586e+04 16223428798 
7.586e+04 7.943e+04 17373336175 
7.943e+04 8.318e+04 18598282486 
8.318e+04 8.710e+04 19879004440 
8.710e+04 9.120e+04 21177591978 
9.120e+04 9.550e+04 22509066078 
9.550e+04 1.000e+05 23906706848 
1.000e+05 1.047e+05 25332829175 
1.047e+05 1.096e+05 26711855708 
1.096e+05 1.148e+05 28062706753 
1.148e+05 1.202e+05 29445183675 
