1.000e+00 1.047e+00 9089142 
1.047e+00 1.096e+00 9878517 
1.096e+00 1.148e+00 10762600 
1.148e+00 1.202e+00 11706094 
1.202e+00 1.259e+00 12722812 
1.259e+00 1.318e+00 13829057 
1.318e+00 1.380e+00 15036206 
1.380e+00 1.445e+00 16366327 
1.445e+00 1.514e+00 17804981 
1.514e+00 1.585e+00 19359156 
1.585e+00 1.660e+00 21068856 
1.660e+00 1.738e+00 22918566 
1.738e+00 1.820e+00 24918680 
1.820e+00 1.905e+00 27084799 
1.905e+00 1.995e+00 29461368 
1.995e+00 2.089e+00 32027521 
2.089e+00 2.188e+00 34819634 
2.188e+00 2.291e+00 37853170 
2.291e+00 2.399e+00 41146501 
2.399e+00 2.512e+00 44703488 
2.512e+00 2.630e+00 48596793 
2.630e+00 2.754e+00 52778552 
2.754e+00 2.884e+00 57359256 
2.884e+00 3.020e+00 62270001 
3.020e+00 3.162e+00 67631466 
3.162e+00 3.311e+00 73441704 
3.311e+00 3.467e+00 79810181 
3.467e+00 3.631e+00 86677780 
3.631e+00 3.802e+00 94159355 
3.802e+00 3.981e+00 102257804 
3.981e+00 4.169e+00 111044886 
4.169e+00 4.365e+00 120613268 
4.365e+00 4.571e+00 130913460 
4.571e+00 4.786e+00 142052377 
4.786e+00 5.012e+00 154088046 
5.012e+00 5.248e+00 167171720 
5.248e+00 5.495e+00 181410496 
5.495e+00 5.754e+00 196957528 
5.754e+00 6.026e+00 213754014 
6.026e+00 6.310e+00 231845980 
6.310e+00 6.607e+00 251560928 
6.607e+00 6.918e+00 272934681 
6.918e+00 7.244e+00 295960294 
7.244e+00 7.586e+00 320903531 
7.586e+00 7.943e+00 347926831 
7.943e+00 8.318e+00 377263840 
8.318e+00 8.710e+00 409076580 
8.710e+00 9.120e+00 443394742 
9.120e+00 9.550e+00 480271466 
9.550e+00 1.000e+01 520398542 
1.000e+01 1.047e+01 563804341 
1.047e+01 1.096e+01 610385199 
1.096e+01 1.148e+01 661398669 
1.148e+01 1.202e+01 716321402 
1.202e+01 1.259e+01 775578390 
1.259e+01 1.318e+01 839261703 
1.318e+01 1.380e+01 908128966 
1.380e+01 1.445e+01 982759513 
1.445e+01 1.514e+01 1063078163 
1.514e+01 1.585e+01 1150418198 
1.585e+01 1.660e+01 1243856863 
1.660e+01 1.738e+01 1344035810 
1.738e+01 1.820e+01 1451897663 
1.820e+01 1.905e+01 1568804290 
1.905e+01 1.995e+01 1694603146 
1.995e+01 2.089e+01 1830656737 
2.089e+01 2.188e+01 1976428860 
2.188e+01 2.291e+01 2133480986 
2.291e+01 2.399e+01 2301582598 
2.399e+01 2.512e+01 2482993095 
2.512e+01 2.630e+01 2677603806 
2.630e+01 2.754e+01 2886459783 
2.754e+01 2.884e+01 3110345146 
2.884e+01 3.020e+01 3350162081 
3.020e+01 3.162e+01 3607647633 
3.162e+01 3.311e+01 3882971555 
3.311e+01 3.467e+01 4177809171 
3.467e+01 3.631e+01 4493756164 
3.631e+01 3.802e+01 4830268818 
3.802e+01 3.981e+01 5189241356 
3.981e+01 4.169e+01 5569698416 
4.169e+01 4.365e+01 5974556421 
4.365e+01 4.571e+01 6404454719 
4.571e+01 4.786e+01 6862247363 
4.786e+01 5.012e+01 7344992491 
5.012e+01 5.248e+01 7854344469 
5.248e+01 5.495e+01 8390902532 
5.495e+01 5.754e+01 8957654855 
5.754e+01 6.026e+01 9553328896 
6.026e+01 6.310e+01 10172874753 
6.310e+01 6.607e+01 10820790167 
6.607e+01 6.918e+01 11493760896 
6.918e+01 7.244e+01 12192905994 
7.244e+01 7.586e+01 12912199202 
7.586e+01 7.943e+01 13652286332 
7.943e+01 8.318e+01 14396350421 
8.318e+01 8.710e+01 15150677546 
8.710e+01 9.120e+01 15898718302 
9.120e+01 9.550e+01 16628941996 
9.550e+01 1.000e+02 17326377846 
1.000e+02 1.047e+02 17985870526 
1.047e+02 1.096e+02 18570963530 
1.096e+02 1.148e+02 19071268510 
1.148e+02 1.202e+02 19452724284 
1.202e+02 1.259e+02 19671520747 
1.259e+02 1.318e+02 19676924499 
1.318e+02 1.380e+02 19399688532 
1.380e+02 1.445e+02 18752598082 
1.445e+02 1.514e+02 17610501700 
1.514e+02 1.585e+02 15840422445 
1.585e+02 1.660e+02 13191277921 
1.660e+02 1.738e+02 9210914682 
1.738e+02 1.820e+02 2851706071 
1.820e+02 1.905e+02 0 
1.905e+02 1.995e+02 0 
1.995e+02 2.089e+02 0 
2.089e+02 2.188e+02 0 
2.188e+02 2.291e+02 0 
2.291e+02 2.399e+02 0 
2.399e+02 2.512e+02 0 
2.512e+02 2.630e+02 0 
2.630e+02 2.754e+02 0 
2.754e+02 2.884e+02 0 
2.884e+02 3.020e+02 0 
3.020e+02 3.162e+02 0 
3.162e+02 3.311e+02 0 
3.311e+02 3.467e+02 0 
3.467e+02 3.631e+02 0 
3.631e+02 3.802e+02 0 
3.802e+02 3.981e+02 0 
3.981e+02 4.169e+02 0 
4.169e+02 4.365e+02 0 
4.365e+02 4.571e+02 0 
4.571e+02 4.786e+02 0 
4.786e+02 5.012e+02 0 
5.012e+02 5.248e+02 0 
5.248e+02 5.495e+02 0 
5.495e+02 5.754e+02 0 
5.754e+02 6.026e+02 0 
6.026e+02 6.310e+02 0 
6.310e+02 6.607e+02 0 
6.607e+02 6.918e+02 0 
6.918e+02 7.244e+02 0 
7.244e+02 7.586e+02 0 
7.586e+02 7.943e+02 0 
7.943e+02 8.318e+02 0 
8.318e+02 8.710e+02 0 
8.710e+02 9.120e+02 0 
9.120e+02 9.550e+02 0 
9.550e+02 1.000e+03 0 
1.000e+03 1.047e+03 0 
1.047e+03 1.096e+03 0 
1.096e+03 1.148e+03 0 
1.148e+03 1.202e+03 0 
1.202e+03 1.259e+03 0 
1.259e+03 1.318e+03 0 
1.318e+03 1.380e+03 0 
1.380e+03 1.445e+03 0 
1.445e+03 1.514e+03 0 
1.514e+03 1.585e+03 0 
1.585e+03 1.660e+03 0 
1.660e+03 1.738e+03 0 
1.738e+03 1.820e+03 0 
1.820e+03 1.905e+03 0 
1.905e+03 1.995e+03 0 
1.995e+03 2.089e+03 0 
2.089e+03 2.188e+03 0 
2.188e+03 2.291e+03 0 
2.291e+03 2.399e+03 0 
2.399e+03 2.512e+03 0 
2.512e+03 2.630e+03 0 
2.630e+03 2.754e+03 0 
2.754e+03 2.884e+03 0 
2.884e+03 3.020e+03 0 
3.020e+03 3.162e+03 0 
3.162e+03 3.311e+03 0 
3.311e+03 3.467e+03 0 
3.467e+03 3.631e+03 0 
3.631e+03 3.802e+03 0 
3.802e+03 3.981e+03 0 
3.981e+03 4.169e+03 0 
4.169e+03 4.365e+03 0 
4.365e+03 4.571e+03 0 
4.571e+03 4.786e+03 0 
4.786e+03 5.012e+03 0 
5.012e+03 5.248e+03 0 
5.248e+03 5.495e+03 0 
5.495e+03 5.754e+03 0 
5.754e+03 6.026e+03 0 
6.026e+03 6.310e+03 0 
6.310e+03 6.607e+03 0 
6.607e+03 6.918e+03 0 
6.918e+03 7.244e+03 0 
7.244e+03 7.586e+03 0 
7.586e+03 7.943e+03 0 
7.943e+03 8.318e+03 0 
8.318e+03 8.710e+03 0 
8.710e+03 9.120e+03 0 
9.120e+03 9.550e+03 0 
9.550e+03 1.000e+04 0 
1.000e+04 1.047e+04 0 
1.047e+04 1.096e+04 0 
1.096e+04 1.148e+04 0 
1.148e+04 1.202e+04 0 
1.202e+04 1.259e+04 0 
1.259e+04 1.318e+04 0 
1.318e+04 1.380e+04 0 
1.380e+04 1.445e+04 0 
1.445e+04 1.514e+04 0 
1.514e+04 1.585e+04 0 
1.585e+04 1.660e+04 0 
1.660e+04 1.738e+04 0 
1.738e+04 1.820e+04 0 
1.820e+04 1.905e+04 0 
1.905e+04 1.995e+04 0 
1.995e+04 2.089e+04 0 
2.089e+04 2.188e+04 0 
2.188e+04 2.291e+04 0 
2.291e+04 2.399e+04 0 
2.399e+04 2.512e+04 0 
2.512e+04 2.630e+04 0 
2.630e+04 2.754e+04 0 
2.754e+04 2.884e+04 0 
2.884e+04 3.020e+04 0 
3.020e+04 3.162e+04 0 
3.162e+04 3.311e+04 0 
3.311e+04 3.467e+04 0 
3.467e+04 3.631e+04 0 
3.631e+04 3.802e+04 0 
3.802e+04 3.981e+04 0 
3.981e+04 4.169e+04 0 
4.169e+04 4.365e+04 0 
4.365e+04 4.571e+04 0 
4.571e+04 4.786e+04 0 
4.786e+04 5.012e+04 0 
5.012e+04 5.248e+04 0 
5.248e+04 5.495e+04 0 
5.495e+04 5.754e+04 0 
5.754e+04 6.026e+04 0 
6.026e+04 6.310e+04 0 
6.310e+04 6.607e+04 0 
6.607e+04 6.918e+04 0 
6.918e+04 7.244e+04 0 
7.244e+04 7.586e+04 0 
7.586e+04 7.943e+04 0 
7.943e+04 8.318e+04 0 
8.318e+04 8.710e+04 0 
8.710e+04 9.120e+04 0 
9.120e+04 9.550e+04 0 
9.550e+04 1.000e+05 0 
1.000e+05 1.047e+05 0 
1.047e+05 1.096e+05 0 
1.096e+05 1.148e+05 0 
1.148e+05 1.202e+05 0 
