1.000e+00 1.047e+00 10665779 
1.047e+00 1.096e+00 11604094 
1.096e+00 1.148e+00 12619602 
1.148e+00 1.202e+00 13737915 
1.202e+00 1.259e+00 14936692 
1.259e+00 1.318e+00 16242275 
1.318e+00 1.380e+00 17661989 
1.380e+00 1.445e+00 19205187 
1.445e+00 1.514e+00 20897021 
1.514e+00 1.585e+00 22726951 
1.585e+00 1.660e+00 24702183 
1.660e+00 1.738e+00 26871623 
1.738e+00 1.820e+00 29218783 
1.820e+00 1.905e+00 31758986 
1.905e+00 1.995e+00 34541298 
1.995e+00 2.089e+00 37529032 
2.089e+00 2.188e+00 40799444 
2.188e+00 2.291e+00 44347700 
2.291e+00 2.399e+00 48194397 
2.399e+00 2.512e+00 52386803 
2.512e+00 2.630e+00 56966763 
2.630e+00 2.754e+00 61896759 
2.754e+00 2.884e+00 67284073 
2.884e+00 3.020e+00 73129268 
3.020e+00 3.162e+00 79441549 
3.162e+00 3.311e+00 86253174 
3.311e+00 3.467e+00 93695681 
3.467e+00 3.631e+00 101733605 
3.631e+00 3.802e+00 110456506 
3.802e+00 3.981e+00 119921937 
3.981e+00 4.169e+00 130223258 
4.169e+00 4.365e+00 141364579 
4.365e+00 4.571e+00 153433169 
4.571e+00 4.786e+00 166571456 
4.786e+00 5.012e+00 180724706 
5.012e+00 5.248e+00 196126772 
5.248e+00 5.495e+00 212761419 
5.495e+00 5.754e+00 230908308 
5.754e+00 6.026e+00 250506477 
6.026e+00 6.310e+00 271779884 
6.310e+00 6.607e+00 294738241 
6.607e+00 6.918e+00 319666186 
6.918e+00 7.244e+00 346679489 
7.244e+00 7.586e+00 375853193 
7.586e+00 7.943e+00 407418648 
7.943e+00 8.318e+00 441698392 
8.318e+00 8.710e+00 478543825 
8.710e+00 9.120e+00 518249344 
9.120e+00 9.550e+00 561101703 
9.550e+00 1.000e+01 607930721 
1.000e+01 1.047e+01 658402758 
1.047e+01 1.096e+01 712916163 
1.096e+01 1.148e+01 771744148 
1.148e+01 1.202e+01 835359068 
1.202e+01 1.259e+01 903611000 
1.259e+01 1.318e+01 977760390 
1.318e+01 1.380e+01 1058072733 
1.380e+01 1.445e+01 1144441997 
1.445e+01 1.514e+01 1237873876 
1.514e+01 1.585e+01 1338596397 
1.585e+01 1.660e+01 1446307232 
1.660e+01 1.738e+01 1562843719 
1.738e+01 1.820e+01 1688075666 
1.820e+01 1.905e+01 1822953876 
1.905e+01 1.995e+01 1968128227 
1.995e+01 2.089e+01 2124242458 
2.089e+01 2.188e+01 2292985596 
2.188e+01 2.291e+01 2474040405 
2.291e+01 2.399e+01 2669437450 
2.399e+01 2.512e+01 2878960660 
2.512e+01 2.630e+01 3104416737 
2.630e+01 2.754e+01 3343984394 
2.754e+01 2.884e+01 3601611820 
2.884e+01 3.020e+01 3878678800 
3.020e+01 3.162e+01 4176651278 
3.162e+01 3.311e+01 4494903856 
3.311e+01 3.467e+01 4835908416 
3.467e+01 3.631e+01 5201742479 
3.631e+01 3.802e+01 5594280808 
3.802e+01 3.981e+01 6010221506 
3.981e+01 4.169e+01 6453047936 
4.169e+01 4.365e+01 6925716829 
4.365e+01 4.571e+01 7428384151 
4.571e+01 4.786e+01 7957851373 
4.786e+01 5.012e+01 8520558917 
5.012e+01 5.248e+01 9112341400 
5.248e+01 5.495e+01 9735790342 
5.495e+01 5.754e+01 10396846994 
5.754e+01 6.026e+01 11094724313 
6.026e+01 6.310e+01 11820218389 
6.310e+01 6.607e+01 12577277795 
6.607e+01 6.918e+01 13364406267 
6.918e+01 7.244e+01 14174821229 
7.244e+01 7.586e+01 15011490214 
7.586e+01 7.943e+01 15857658516 
7.943e+01 8.318e+01 16715218679 
8.318e+01 8.710e+01 17584034583 
8.710e+01 9.120e+01 18452147635 
9.120e+01 9.550e+01 19303242076 
9.550e+01 1.000e+02 20126177009 
1.000e+02 1.047e+02 20906179043 
1.047e+02 1.096e+02 21608017901 
1.096e+02 1.148e+02 22194781244 
1.148e+02 1.202e+02 22629248123 
1.202e+02 1.259e+02 22864050386 
1.259e+02 1.318e+02 22856873051 
1.318e+02 1.380e+02 22526702096 
1.380e+02 1.445e+02 21753109225 
1.445e+02 1.514e+02 20419238077 
1.514e+02 1.585e+02 18391529618 
1.585e+02 1.660e+02 15359864351 
1.660e+02 1.738e+02 10776906351 
1.738e+02 1.820e+02 3352238110 
1.820e+02 1.905e+02 0 
1.905e+02 1.995e+02 0 
1.995e+02 2.089e+02 0 
2.089e+02 2.188e+02 0 
2.188e+02 2.291e+02 0 
2.291e+02 2.399e+02 0 
2.399e+02 2.512e+02 0 
2.512e+02 2.630e+02 0 
2.630e+02 2.754e+02 0 
2.754e+02 2.884e+02 0 
2.884e+02 3.020e+02 0 
3.020e+02 3.162e+02 0 
3.162e+02 3.311e+02 0 
3.311e+02 3.467e+02 0 
3.467e+02 3.631e+02 0 
3.631e+02 3.802e+02 0 
3.802e+02 3.981e+02 0 
3.981e+02 4.169e+02 0 
4.169e+02 4.365e+02 0 
4.365e+02 4.571e+02 0 
4.571e+02 4.786e+02 0 
4.786e+02 5.012e+02 0 
5.012e+02 5.248e+02 0 
5.248e+02 5.495e+02 0 
5.495e+02 5.754e+02 0 
5.754e+02 6.026e+02 0 
6.026e+02 6.310e+02 0 
6.310e+02 6.607e+02 0 
6.607e+02 6.918e+02 0 
6.918e+02 7.244e+02 0 
7.244e+02 7.586e+02 0 
7.586e+02 7.943e+02 0 
7.943e+02 8.318e+02 0 
8.318e+02 8.710e+02 0 
8.710e+02 9.120e+02 0 
9.120e+02 9.550e+02 0 
9.550e+02 1.000e+03 0 
1.000e+03 1.047e+03 0 
1.047e+03 1.096e+03 0 
1.096e+03 1.148e+03 0 
1.148e+03 1.202e+03 0 
1.202e+03 1.259e+03 0 
1.259e+03 1.318e+03 0 
1.318e+03 1.380e+03 0 
1.380e+03 1.445e+03 0 
1.445e+03 1.514e+03 0 
1.514e+03 1.585e+03 0 
1.585e+03 1.660e+03 0 
1.660e+03 1.738e+03 0 
1.738e+03 1.820e+03 0 
1.820e+03 1.905e+03 0 
1.905e+03 1.995e+03 0 
1.995e+03 2.089e+03 0 
2.089e+03 2.188e+03 0 
2.188e+03 2.291e+03 0 
2.291e+03 2.399e+03 0 
2.399e+03 2.512e+03 0 
2.512e+03 2.630e+03 0 
2.630e+03 2.754e+03 0 
2.754e+03 2.884e+03 0 
2.884e+03 3.020e+03 0 
3.020e+03 3.162e+03 0 
3.162e+03 3.311e+03 0 
3.311e+03 3.467e+03 0 
3.467e+03 3.631e+03 0 
3.631e+03 3.802e+03 0 
3.802e+03 3.981e+03 0 
3.981e+03 4.169e+03 0 
4.169e+03 4.365e+03 0 
4.365e+03 4.571e+03 0 
4.571e+03 4.786e+03 0 
4.786e+03 5.012e+03 0 
5.012e+03 5.248e+03 0 
5.248e+03 5.495e+03 0 
5.495e+03 5.754e+03 0 
5.754e+03 6.026e+03 0 
6.026e+03 6.310e+03 0 
6.310e+03 6.607e+03 0 
6.607e+03 6.918e+03 0 
6.918e+03 7.244e+03 0 
7.244e+03 7.586e+03 0 
7.586e+03 7.943e+03 0 
7.943e+03 8.318e+03 0 
8.318e+03 8.710e+03 0 
8.710e+03 9.120e+03 0 
9.120e+03 9.550e+03 0 
9.550e+03 1.000e+04 0 
1.000e+04 1.047e+04 0 
1.047e+04 1.096e+04 0 
1.096e+04 1.148e+04 0 
1.148e+04 1.202e+04 0 
1.202e+04 1.259e+04 0 
1.259e+04 1.318e+04 0 
1.318e+04 1.380e+04 0 
1.380e+04 1.445e+04 0 
1.445e+04 1.514e+04 0 
1.514e+04 1.585e+04 0 
1.585e+04 1.660e+04 0 
1.660e+04 1.738e+04 0 
1.738e+04 1.820e+04 0 
1.820e+04 1.905e+04 0 
1.905e+04 1.995e+04 0 
1.995e+04 2.089e+04 0 
2.089e+04 2.188e+04 0 
2.188e+04 2.291e+04 0 
2.291e+04 2.399e+04 0 
2.399e+04 2.512e+04 0 
2.512e+04 2.630e+04 0 
2.630e+04 2.754e+04 0 
2.754e+04 2.884e+04 0 
2.884e+04 3.020e+04 0 
3.020e+04 3.162e+04 0 
3.162e+04 3.311e+04 0 
3.311e+04 3.467e+04 0 
3.467e+04 3.631e+04 0 
3.631e+04 3.802e+04 0 
3.802e+04 3.981e+04 0 
3.981e+04 4.169e+04 0 
4.169e+04 4.365e+04 0 
4.365e+04 4.571e+04 0 
4.571e+04 4.786e+04 0 
4.786e+04 5.012e+04 0 
5.012e+04 5.248e+04 0 
5.248e+04 5.495e+04 0 
5.495e+04 5.754e+04 0 
5.754e+04 6.026e+04 0 
6.026e+04 6.310e+04 0 
6.310e+04 6.607e+04 0 
6.607e+04 6.918e+04 0 
6.918e+04 7.244e+04 0 
7.244e+04 7.586e+04 0 
7.586e+04 7.943e+04 0 
7.943e+04 8.318e+04 0 
8.318e+04 8.710e+04 0 
8.710e+04 9.120e+04 0 
9.120e+04 9.550e+04 0 
9.550e+04 1.000e+05 0 
1.000e+05 1.047e+05 0 
1.047e+05 1.096e+05 0 
1.096e+05 1.148e+05 0 
1.148e+05 1.202e+05 0 
