1.000e+00 1.047e+00 7 
1.047e+00 1.096e+00 11 
1.096e+00 1.148e+00 11 
1.148e+00 1.202e+00 3 
1.202e+00 1.259e+00 5 
1.259e+00 1.318e+00 5 
1.318e+00 1.380e+00 6 
1.380e+00 1.445e+00 7 
1.445e+00 1.514e+00 21 
1.514e+00 1.585e+00 15 
1.585e+00 1.660e+00 14 
1.660e+00 1.738e+00 8 
1.738e+00 1.820e+00 18 
1.820e+00 1.905e+00 17 
1.905e+00 1.995e+00 18 
1.995e+00 2.089e+00 31 
2.089e+00 2.188e+00 22 
2.188e+00 2.291e+00 27 
2.291e+00 2.399e+00 23 
2.399e+00 2.512e+00 29 
2.512e+00 2.630e+00 43 
2.630e+00 2.754e+00 35 
2.754e+00 2.884e+00 45 
2.884e+00 3.020e+00 39 
3.020e+00 3.162e+00 41 
3.162e+00 3.311e+00 55 
3.311e+00 3.467e+00 47 
3.467e+00 3.631e+00 54 
3.631e+00 3.802e+00 59 
3.802e+00 3.981e+00 62 
3.981e+00 4.169e+00 72 
4.169e+00 4.365e+00 97 
4.365e+00 4.571e+00 90 
4.571e+00 4.786e+00 119 
4.786e+00 5.012e+00 102 
5.012e+00 5.248e+00 124 
5.248e+00 5.495e+00 159 
5.495e+00 5.754e+00 165 
5.754e+00 6.026e+00 181 
6.026e+00 6.310e+00 200 
6.310e+00 6.607e+00 207 
6.607e+00 6.918e+00 211 
6.918e+00 7.244e+00 246 
7.244e+00 7.586e+00 262 
7.586e+00 7.943e+00 310 
7.943e+00 8.318e+00 361 
8.318e+00 8.710e+00 362 
8.710e+00 9.120e+00 357 
9.120e+00 9.550e+00 424 
9.550e+00 1.000e+01 429 
1.000e+01 1.047e+01 548 
1.047e+01 1.096e+01 524 
1.096e+01 1.148e+01 583 
1.148e+01 1.202e+01 658 
1.202e+01 1.259e+01 710 
1.259e+01 1.318e+01 817 
1.318e+01 1.380e+01 939 
1.380e+01 1.445e+01 978 
1.445e+01 1.514e+01 1034 
1.514e+01 1.585e+01 1141 
1.585e+01 1.660e+01 1293 
1.660e+01 1.738e+01 1396 
1.738e+01 1.820e+01 1530 
1.820e+01 1.905e+01 1637 
1.905e+01 1.995e+01 1921 
1.995e+01 2.089e+01 2047 
2.089e+01 2.188e+01 2304 
2.188e+01 2.291e+01 2373 
2.291e+01 2.399e+01 2684 
2.399e+01 2.512e+01 2986 
2.512e+01 2.630e+01 3254 
2.630e+01 2.754e+01 3526 
2.754e+01 2.884e+01 3931 
2.884e+01 3.020e+01 4310 
3.020e+01 3.162e+01 4734 
3.162e+01 3.311e+01 5046 
3.311e+01 3.467e+01 5645 
3.467e+01 3.631e+01 6072 
3.631e+01 3.802e+01 6817 
3.802e+01 3.981e+01 7407 
3.981e+01 4.169e+01 7915 
4.169e+01 4.365e+01 8983 
4.365e+01 4.571e+01 9754 
4.571e+01 4.786e+01 10636 
4.786e+01 5.012e+01 11793 
5.012e+01 5.248e+01 12714 
5.248e+01 5.495e+01 14210 
5.495e+01 5.754e+01 15280 
5.754e+01 6.026e+01 16852 
6.026e+01 6.310e+01 18567 
6.310e+01 6.607e+01 20394 
6.607e+01 6.918e+01 22399 
6.918e+01 7.244e+01 24263 
7.244e+01 7.586e+01 26814 
7.586e+01 7.943e+01 29249 
7.943e+01 8.318e+01 32262 
8.318e+01 8.710e+01 35125 
8.710e+01 9.120e+01 38593 
9.120e+01 9.550e+01 42342 
9.550e+01 1.000e+02 46539 
1.000e+02 1.047e+02 51066 
1.047e+02 1.096e+02 55737 
1.096e+02 1.148e+02 61040 
1.148e+02 1.202e+02 66694 
1.202e+02 1.259e+02 73693 
1.259e+02 1.318e+02 80597 
1.318e+02 1.380e+02 88440 
1.380e+02 1.445e+02 97115 
1.445e+02 1.514e+02 106572 
1.514e+02 1.585e+02 116535 
1.585e+02 1.660e+02 127991 
1.660e+02 1.738e+02 140297 
1.738e+02 1.820e+02 153668 
1.820e+02 1.905e+02 169244 
1.905e+02 1.995e+02 185191 
1.995e+02 2.089e+02 203542 
2.089e+02 2.188e+02 222688 
2.188e+02 2.291e+02 243130 
2.291e+02 2.399e+02 266953 
2.399e+02 2.512e+02 293789 
2.512e+02 2.630e+02 322148 
2.630e+02 2.754e+02 353250 
2.754e+02 2.884e+02 386363 
2.884e+02 3.020e+02 423922 
3.020e+02 3.162e+02 464723 
3.162e+02 3.311e+02 509904 
3.311e+02 3.467e+02 558543 
3.467e+02 3.631e+02 611838 
3.631e+02 3.802e+02 670966 
3.802e+02 3.981e+02 736071 
3.981e+02 4.169e+02 805935 
4.169e+02 4.365e+02 882833 
4.365e+02 4.571e+02 968888 
4.571e+02 4.786e+02 1063497 
4.786e+02 5.012e+02 1166780 
5.012e+02 5.248e+02 1278916 
5.248e+02 5.495e+02 1402142 
5.495e+02 5.754e+02 1537937 
5.754e+02 6.026e+02 1686420 
6.026e+02 6.310e+02 1846174 
6.310e+02 6.607e+02 2023740 
6.607e+02 6.918e+02 2219794 
6.918e+02 7.244e+02 2434451 
7.244e+02 7.586e+02 2666918 
7.586e+02 7.943e+02 2926583 
7.943e+02 8.318e+02 3208273 
8.318e+02 8.710e+02 3517877 
8.710e+02 9.120e+02 3854527 
9.120e+02 9.550e+02 4225516 
9.550e+02 1.000e+03 4628269 
1.000e+03 1.047e+03 5073135 
1.047e+03 1.096e+03 5564554 
1.096e+03 1.148e+03 6100576 
1.148e+03 1.202e+03 6682815 
1.202e+03 1.259e+03 7326805 
1.259e+03 1.318e+03 8026871 
1.318e+03 1.380e+03 8807205 
1.380e+03 1.445e+03 9660062 
1.445e+03 1.514e+03 10587757 
1.514e+03 1.585e+03 11597471 
1.585e+03 1.660e+03 12714569 
1.660e+03 1.738e+03 13929704 
1.738e+03 1.820e+03 15266025 
1.820e+03 1.905e+03 16730086 
1.905e+03 1.995e+03 18337237 
1.995e+03 2.089e+03 20104108 
2.089e+03 2.188e+03 22035278 
2.188e+03 2.291e+03 24147577 
2.291e+03 2.399e+03 26472805 
2.399e+03 2.512e+03 29023165 
2.512e+03 2.630e+03 31801751 
2.630e+03 2.754e+03 34861197 
2.754e+03 2.884e+03 38191503 
2.884e+03 3.020e+03 41849407 
3.020e+03 3.162e+03 45869227 
3.162e+03 3.311e+03 50250965 
3.311e+03 3.467e+03 55089519 
3.467e+03 3.631e+03 60356006 
3.631e+03 3.802e+03 66123126 
3.802e+03 3.981e+03 72442653 
3.981e+03 4.169e+03 79348924 
4.169e+03 4.365e+03 86942910 
4.365e+03 4.571e+03 95251828 
4.571e+03 4.786e+03 104359526 
4.786e+03 5.012e+03 114322440 
5.012e+03 5.248e+03 125229255 
5.248e+03 5.495e+03 137144010 
5.495e+03 5.754e+03 150169491 
5.754e+03 6.026e+03 164397176 
6.026e+03 6.310e+03 180054142 
6.310e+03 6.607e+03 197188787 
6.607e+03 6.918e+03 215910362 
6.918e+03 7.244e+03 236383507 
7.244e+03 7.586e+03 258753814 
7.586e+03 7.943e+03 283295143 
7.943e+03 8.318e+03 310040606 
8.318e+03 8.710e+03 339394278 
8.710e+03 9.120e+03 371499013 
9.120e+03 9.550e+03 406520445 
9.550e+03 1.000e+04 444717856 
1.000e+04 1.047e+04 486650749 
1.047e+04 1.096e+04 532383512 
1.096e+04 1.148e+04 582408792 
1.148e+04 1.202e+04 636995973 
1.202e+04 1.259e+04 696638827 
1.259e+04 1.318e+04 761640393 
1.318e+04 1.380e+04 832545685 
1.380e+04 1.445e+04 910305099 
1.445e+04 1.514e+04 994912533 
1.514e+04 1.585e+04 1087226661 
1.585e+04 1.660e+04 1187934624 
1.660e+04 1.738e+04 1297714655 
1.738e+04 1.820e+04 1417471981 
1.820e+04 1.905e+04 1547746843 
1.905e+04 1.995e+04 1689838394 
1.995e+04 2.089e+04 1844637265 
2.089e+04 2.188e+04 2013094464 
2.188e+04 2.291e+04 2196382990 
2.291e+04 2.399e+04 2396263938 
2.399e+04 2.512e+04 2613827184 
2.512e+04 2.630e+04 2850186780 
2.630e+04 2.754e+04 3106867789 
2.754e+04 2.884e+04 3385959300 
2.884e+04 3.020e+04 3687583930 
3.020e+04 3.162e+04 4014354905 
3.162e+04 3.311e+04 4369399769 
3.311e+04 3.467e+04 4753431152 
3.467e+04 3.631e+04 5168800212 
3.631e+04 3.802e+04 5618243981 
3.802e+04 3.981e+04 6103968169 
3.981e+04 4.169e+04 6626005926 
4.169e+04 4.365e+04 7190357431 
4.365e+04 4.571e+04 7796311579 
4.571e+04 4.786e+04 8446728216 
4.786e+04 5.012e+04 9145420859 
5.012e+04 5.248e+04 9891996310 
5.248e+04 5.495e+04 10691497312 
5.495e+04 5.754e+04 11544739041 
5.754e+04 6.026e+04 12453671550 
6.026e+04 6.310e+04 13415412855 
6.310e+04 6.607e+04 14433929248 
6.607e+04 6.918e+04 15504360607 
6.918e+04 7.244e+04 16636016664 
7.244e+04 7.586e+04 17826273820 
7.586e+04 7.943e+04 19072468915 
7.943e+04 8.318e+04 20372535352 
8.318e+04 8.710e+04 21728793587 
8.710e+04 9.120e+04 23139582397 
9.120e+04 9.550e+04 24598721717 
9.550e+04 1.000e+05 26097554710 
1.000e+05 1.047e+05 27625309683 
1.047e+05 1.096e+05 29163192689 
1.096e+05 1.148e+05 30707514734 
1.148e+05 1.202e+05 32231715526 
