1.000e+00 1.047e+00 1 
1.047e+00 1.096e+00 2 
1.096e+00 1.148e+00 6 
1.148e+00 1.202e+00 6 
1.202e+00 1.259e+00 0 
1.259e+00 1.318e+00 10 
1.318e+00 1.380e+00 3 
1.380e+00 1.445e+00 6 
1.445e+00 1.514e+00 11 
1.514e+00 1.585e+00 4 
1.585e+00 1.660e+00 3 
1.660e+00 1.738e+00 8 
1.738e+00 1.820e+00 12 
1.820e+00 1.905e+00 11 
1.905e+00 1.995e+00 18 
1.995e+00 2.089e+00 17 
2.089e+00 2.188e+00 17 
2.188e+00 2.291e+00 21 
2.291e+00 2.399e+00 7 
2.399e+00 2.512e+00 12 
2.512e+00 2.630e+00 23 
2.630e+00 2.754e+00 13 
2.754e+00 2.884e+00 18 
2.884e+00 3.020e+00 39 
3.020e+00 3.162e+00 22 
3.162e+00 3.311e+00 36 
3.311e+00 3.467e+00 27 
3.467e+00 3.631e+00 35 
3.631e+00 3.802e+00 38 
3.802e+00 3.981e+00 44 
3.981e+00 4.169e+00 53 
4.169e+00 4.365e+00 45 
4.365e+00 4.571e+00 56 
4.571e+00 4.786e+00 62 
4.786e+00 5.012e+00 75 
5.012e+00 5.248e+00 73 
5.248e+00 5.495e+00 80 
5.495e+00 5.754e+00 82 
5.754e+00 6.026e+00 95 
6.026e+00 6.310e+00 116 
6.310e+00 6.607e+00 111 
6.607e+00 6.918e+00 125 
6.918e+00 7.244e+00 128 
7.244e+00 7.586e+00 154 
7.586e+00 7.943e+00 153 
7.943e+00 8.318e+00 162 
8.318e+00 8.710e+00 194 
8.710e+00 9.120e+00 201 
9.120e+00 9.550e+00 210 
9.550e+00 1.000e+01 240 
1.000e+01 1.047e+01 268 
1.047e+01 1.096e+01 293 
1.096e+01 1.148e+01 281 
1.148e+01 1.202e+01 338 
1.202e+01 1.259e+01 389 
1.259e+01 1.318e+01 413 
1.318e+01 1.380e+01 445 
1.380e+01 1.445e+01 496 
1.445e+01 1.514e+01 519 
1.514e+01 1.585e+01 561 
1.585e+01 1.660e+01 658 
1.660e+01 1.738e+01 658 
1.738e+01 1.820e+01 720 
1.820e+01 1.905e+01 811 
1.905e+01 1.995e+01 911 
1.995e+01 2.089e+01 992 
2.089e+01 2.188e+01 1047 
2.188e+01 2.291e+01 1164 
2.291e+01 2.399e+01 1157 
2.399e+01 2.512e+01 1409 
2.512e+01 2.630e+01 1437 
2.630e+01 2.754e+01 1571 
2.754e+01 2.884e+01 1781 
2.884e+01 3.020e+01 1852 
3.020e+01 3.162e+01 2123 
3.162e+01 3.311e+01 2262 
3.311e+01 3.467e+01 2577 
3.467e+01 3.631e+01 2723 
3.631e+01 3.802e+01 3030 
3.802e+01 3.981e+01 3361 
3.981e+01 4.169e+01 3582 
4.169e+01 4.365e+01 3862 
4.365e+01 4.571e+01 4153 
4.571e+01 4.786e+01 4578 
4.786e+01 5.012e+01 4906 
5.012e+01 5.248e+01 5464 
5.248e+01 5.495e+01 5940 
5.495e+01 5.754e+01 6471 
5.754e+01 6.026e+01 6969 
6.026e+01 6.310e+01 7761 
6.310e+01 6.607e+01 8464 
6.607e+01 6.918e+01 8887 
6.918e+01 7.244e+01 9930 
7.244e+01 7.586e+01 10686 
7.586e+01 7.943e+01 11877 
7.943e+01 8.318e+01 12847 
8.318e+01 8.710e+01 13804 
8.710e+01 9.120e+01 15114 
9.120e+01 9.550e+01 16615 
9.550e+01 1.000e+02 17984 
1.000e+02 1.047e+02 19818 
1.047e+02 1.096e+02 21134 
1.096e+02 1.148e+02 23207 
1.148e+02 1.202e+02 25348 
1.202e+02 1.259e+02 27785 
1.259e+02 1.318e+02 30050 
1.318e+02 1.380e+02 32739 
1.380e+02 1.445e+02 35604 
1.445e+02 1.514e+02 38888 
1.514e+02 1.585e+02 42126 
1.585e+02 1.660e+02 46130 
1.660e+02 1.738e+02 50506 
1.738e+02 1.820e+02 54385 
1.820e+02 1.905e+02 59544 
1.905e+02 1.995e+02 64874 
1.995e+02 2.089e+02 70513 
2.089e+02 2.188e+02 76210 
2.188e+02 2.291e+02 83550 
2.291e+02 2.399e+02 90739 
2.399e+02 2.512e+02 99068 
2.512e+02 2.630e+02 107783 
2.630e+02 2.754e+02 117719 
2.754e+02 2.884e+02 127872 
2.884e+02 3.020e+02 138855 
3.020e+02 3.162e+02 152183 
3.162e+02 3.311e+02 165374 
3.311e+02 3.467e+02 180934 
3.467e+02 3.631e+02 196194 
3.631e+02 3.802e+02 213476 
3.802e+02 3.981e+02 231759 
3.981e+02 4.169e+02 253626 
4.169e+02 4.365e+02 276272 
4.365e+02 4.571e+02 299544 
4.571e+02 4.786e+02 326694 
4.786e+02 5.012e+02 355009 
5.012e+02 5.248e+02 386788 
5.248e+02 5.495e+02 421260 
5.495e+02 5.754e+02 457903 
5.754e+02 6.026e+02 498753 
6.026e+02 6.310e+02 543674 
6.310e+02 6.607e+02 590930 
6.607e+02 6.918e+02 642861 
6.918e+02 7.244e+02 700887 
7.244e+02 7.586e+02 761831 
7.586e+02 7.943e+02 830303 
7.943e+02 8.318e+02 905246 
8.318e+02 8.710e+02 984230 
8.710e+02 9.120e+02 1073707 
9.120e+02 9.550e+02 1166608 
9.550e+02 1.000e+03 1267387 
1.000e+03 1.047e+03 1380962 
1.047e+03 1.096e+03 1500767 
1.096e+03 1.148e+03 1634390 
1.148e+03 1.202e+03 1777317 
1.202e+03 1.259e+03 1934968 
1.259e+03 1.318e+03 2103675 
1.318e+03 1.380e+03 2286828 
1.380e+03 1.445e+03 2485846 
1.445e+03 1.514e+03 2703009 
1.514e+03 1.585e+03 2934963 
1.585e+03 1.660e+03 3193297 
1.660e+03 1.738e+03 3470019 
1.738e+03 1.820e+03 3766873 
1.820e+03 1.905e+03 4090550 
1.905e+03 1.995e+03 4447516 
1.995e+03 2.089e+03 4833980 
2.089e+03 2.188e+03 5246510 
2.188e+03 2.291e+03 5707212 
2.291e+03 2.399e+03 6199327 
2.399e+03 2.512e+03 6739157 
2.512e+03 2.630e+03 7310595 
2.630e+03 2.754e+03 7931332 
2.754e+03 2.884e+03 8626605 
2.884e+03 3.020e+03 9366493 
3.020e+03 3.162e+03 10170501 
3.162e+03 3.311e+03 11039310 
3.311e+03 3.467e+03 11999431 
3.467e+03 3.631e+03 13028102 
3.631e+03 3.802e+03 14149327 
3.802e+03 3.981e+03 15352473 
3.981e+03 4.169e+03 16659820 
4.169e+03 4.365e+03 18079782 
4.365e+03 4.571e+03 19624506 
4.571e+03 4.786e+03 21282748 
4.786e+03 5.012e+03 23080442 
5.012e+03 5.248e+03 25040712 
5.248e+03 5.495e+03 27176602 
5.495e+03 5.754e+03 29479529 
5.754e+03 6.026e+03 31973918 
6.026e+03 6.310e+03 34633843 
6.310e+03 6.607e+03 37549916 
6.607e+03 6.918e+03 40685917 
6.918e+03 7.244e+03 44103584 
7.244e+03 7.586e+03 47771460 
7.586e+03 7.943e+03 51744734 
7.943e+03 8.318e+03 56030891 
8.318e+03 8.710e+03 60730072 
8.710e+03 9.120e+03 65786179 
9.120e+03 9.550e+03 71265491 
9.550e+03 1.000e+04 77134115 
1.000e+04 1.047e+04 83504289 
1.047e+04 1.096e+04 90388198 
1.096e+04 1.148e+04 97784303 
1.148e+04 1.202e+04 105819498 
1.202e+04 1.259e+04 114431929 
1.259e+04 1.318e+04 123689321 
1.318e+04 1.380e+04 133737670 
1.380e+04 1.445e+04 144584055 
1.445e+04 1.514e+04 156267891 
1.514e+04 1.585e+04 168853981 
1.585e+04 1.660e+04 182385575 
1.660e+04 1.738e+04 196974268 
1.738e+04 1.820e+04 212669878 
1.820e+04 1.905e+04 229564496 
1.905e+04 1.995e+04 247836395 
1.995e+04 2.089e+04 267316251 
2.089e+04 2.188e+04 288373127 
2.188e+04 2.291e+04 311010588 
2.291e+04 2.399e+04 335222399 
2.399e+04 2.512e+04 361170157 
2.512e+04 2.630e+04 389072970 
2.630e+04 2.754e+04 418967131 
2.754e+04 2.884e+04 450876974 
2.884e+04 3.020e+04 484882942 
3.020e+04 3.162e+04 521755736 
3.162e+04 3.311e+04 560997371 
3.311e+04 3.467e+04 603340531 
3.467e+04 3.631e+04 648174424 
3.631e+04 3.802e+04 695994064 
3.802e+04 3.981e+04 747118758 
3.981e+04 4.169e+04 801314422 
4.169e+04 4.365e+04 859262528 
4.365e+04 4.571e+04 921092665 
4.571e+04 4.786e+04 986947758 
4.786e+04 5.012e+04 1056801365 
5.012e+04 5.248e+04 1130355867 
5.248e+04 5.495e+04 1208058924 
5.495e+04 5.754e+04 1290268561 
5.754e+04 6.026e+04 1377404153 
6.026e+04 6.310e+04 1468558747 
6.310e+04 6.607e+04 1565474958 
6.607e+04 6.918e+04 1667559977 
6.918e+04 7.244e+04 1774098636 
7.244e+04 7.586e+04 1884832664 
7.586e+04 7.943e+04 1998351820 
7.943e+04 8.318e+04 2117372885 
8.318e+04 8.710e+04 2240613249 
8.710e+04 9.120e+04 2369215417 
9.120e+04 9.550e+04 2499692772 
9.550e+04 1.000e+05 2633595713 
1.000e+05 1.047e+05 2771942363 
1.047e+05 1.096e+05 2911753283 
1.096e+05 1.148e+05 3052345532 
1.148e+05 1.202e+05 3191555826 
