1.000e+00 1.047e+00 32 
1.047e+00 1.096e+00 41 
1.096e+00 1.148e+00 55 
1.148e+00 1.202e+00 58 
1.202e+00 1.259e+00 40 
1.259e+00 1.318e+00 59 
1.318e+00 1.380e+00 58 
1.380e+00 1.445e+00 58 
1.445e+00 1.514e+00 74 
1.514e+00 1.585e+00 69 
1.585e+00 1.660e+00 78 
1.660e+00 1.738e+00 71 
1.738e+00 1.820e+00 84 
1.820e+00 1.905e+00 95 
1.905e+00 1.995e+00 92 
1.995e+00 2.089e+00 96 
2.089e+00 2.188e+00 95 
2.188e+00 2.291e+00 124 
2.291e+00 2.399e+00 105 
2.399e+00 2.512e+00 103 
2.512e+00 2.630e+00 122 
2.630e+00 2.754e+00 109 
2.754e+00 2.884e+00 128 
2.884e+00 3.020e+00 151 
3.020e+00 3.162e+00 153 
3.162e+00 3.311e+00 152 
3.311e+00 3.467e+00 160 
3.467e+00 3.631e+00 185 
3.631e+00 3.802e+00 164 
3.802e+00 3.981e+00 188 
3.981e+00 4.169e+00 213 
4.169e+00 4.365e+00 227 
4.365e+00 4.571e+00 210 
4.571e+00 4.786e+00 215 
4.786e+00 5.012e+00 232 
5.012e+00 5.248e+00 234 
5.248e+00 5.495e+00 264 
5.495e+00 5.754e+00 254 
5.754e+00 6.026e+00 276 
6.026e+00 6.310e+00 251 
6.310e+00 6.607e+00 290 
6.607e+00 6.918e+00 319 
6.918e+00 7.244e+00 318 
7.244e+00 7.586e+00 376 
7.586e+00 7.943e+00 384 
7.943e+00 8.318e+00 371 
8.318e+00 8.710e+00 400 
8.710e+00 9.120e+00 430 
9.120e+00 9.550e+00 443 
9.550e+00 1.000e+01 475 
1.000e+01 1.047e+01 469 
1.047e+01 1.096e+01 422 
1.096e+01 1.148e+01 482 
1.148e+01 1.202e+01 477 
1.202e+01 1.259e+01 530 
1.259e+01 1.318e+01 523 
1.318e+01 1.380e+01 589 
1.380e+01 1.445e+01 628 
1.445e+01 1.514e+01 670 
1.514e+01 1.585e+01 664 
1.585e+01 1.660e+01 731 
1.660e+01 1.738e+01 774 
1.738e+01 1.820e+01 770 
1.820e+01 1.905e+01 805 
1.905e+01 1.995e+01 871 
1.995e+01 2.089e+01 882 
2.089e+01 2.188e+01 975 
2.188e+01 2.291e+01 995 
2.291e+01 2.399e+01 1079 
2.399e+01 2.512e+01 1106 
2.512e+01 2.630e+01 1112 
2.630e+01 2.754e+01 1170 
2.754e+01 2.884e+01 1136 
2.884e+01 3.020e+01 1343 
3.020e+01 3.162e+01 1311 
3.162e+01 3.311e+01 1433 
3.311e+01 3.467e+01 1523 
3.467e+01 3.631e+01 1601 
3.631e+01 3.802e+01 1709 
3.802e+01 3.981e+01 1713 
3.981e+01 4.169e+01 1838 
4.169e+01 4.365e+01 1950 
4.365e+01 4.571e+01 2075 
4.571e+01 4.786e+01 2157 
4.786e+01 5.012e+01 2302 
5.012e+01 5.248e+01 2414 
5.248e+01 5.495e+01 2489 
5.495e+01 5.754e+01 2669 
5.754e+01 6.026e+01 2906 
6.026e+01 6.310e+01 2974 
6.310e+01 6.607e+01 3187 
6.607e+01 6.918e+01 3459 
6.918e+01 7.244e+01 3594 
7.244e+01 7.586e+01 3791 
7.586e+01 7.943e+01 4025 
7.943e+01 8.318e+01 4288 
8.318e+01 8.710e+01 4487 
8.710e+01 9.120e+01 4922 
9.120e+01 9.550e+01 5000 
9.550e+01 1.000e+02 5379 
1.000e+02 1.047e+02 5665 
1.047e+02 1.096e+02 6053 
1.096e+02 1.148e+02 6484 
1.148e+02 1.202e+02 6846 
1.202e+02 1.259e+02 7271 
1.259e+02 1.318e+02 7898 
1.318e+02 1.380e+02 8209 
1.380e+02 1.445e+02 8670 
1.445e+02 1.514e+02 9449 
1.514e+02 1.585e+02 10066 
1.585e+02 1.660e+02 10651 
1.660e+02 1.738e+02 11257 
1.738e+02 1.820e+02 12195 
1.820e+02 1.905e+02 13204 
1.905e+02 1.995e+02 14006 
1.995e+02 2.089e+02 15071 
2.089e+02 2.188e+02 16258 
2.188e+02 2.291e+02 17199 
2.291e+02 2.399e+02 18082 
2.399e+02 2.512e+02 19736 
2.512e+02 2.630e+02 20925 
2.630e+02 2.754e+02 22793 
2.754e+02 2.884e+02 23930 
2.884e+02 3.020e+02 25987 
3.020e+02 3.162e+02 27531 
3.162e+02 3.311e+02 29226 
3.311e+02 3.467e+02 31664 
3.467e+02 3.631e+02 34008 
3.631e+02 3.802e+02 35844 
3.802e+02 3.981e+02 38760 
3.981e+02 4.169e+02 41624 
4.169e+02 4.365e+02 43816 
4.365e+02 4.571e+02 47724 
4.571e+02 4.786e+02 50676 
4.786e+02 5.012e+02 54500 
5.012e+02 5.248e+02 58042 
5.248e+02 5.495e+02 62098 
5.495e+02 5.754e+02 66327 
5.754e+02 6.026e+02 70835 
6.026e+02 6.310e+02 76071 
6.310e+02 6.607e+02 80840 
6.607e+02 6.918e+02 87852 
6.918e+02 7.244e+02 92808 
7.244e+02 7.586e+02 99253 
7.586e+02 7.943e+02 106628 
7.943e+02 8.318e+02 113913 
8.318e+02 8.710e+02 122065 
8.710e+02 9.120e+02 131039 
9.120e+02 9.550e+02 140690 
9.550e+02 1.000e+03 150980 
1.000e+03 1.047e+03 162312 
1.047e+03 1.096e+03 173783 
1.096e+03 1.148e+03 185716 
1.148e+03 1.202e+03 200684 
1.202e+03 1.259e+03 216078 
1.259e+03 1.318e+03 230486 
1.318e+03 1.380e+03 248811 
1.380e+03 1.445e+03 268813 
1.445e+03 1.514e+03 289951 
1.514e+03 1.585e+03 313233 
1.585e+03 1.660e+03 337046 
1.660e+03 1.738e+03 362007 
1.738e+03 1.820e+03 390781 
1.820e+03 1.905e+03 420892 
1.905e+03 1.995e+03 457184 
1.995e+03 2.089e+03 492470 
2.089e+03 2.188e+03 529059 
2.188e+03 2.291e+03 567777 
2.291e+03 2.399e+03 612724 
2.399e+03 2.512e+03 662146 
2.512e+03 2.630e+03 714421 
2.630e+03 2.754e+03 772915 
2.754e+03 2.884e+03 837799 
2.884e+03 3.020e+03 908632 
3.020e+03 3.162e+03 981531 
3.162e+03 3.311e+03 1062574 
3.311e+03 3.467e+03 1142974 
3.467e+03 3.631e+03 1233476 
3.631e+03 3.802e+03 1332233 
3.802e+03 3.981e+03 1436676 
3.981e+03 4.169e+03 1556610 
4.169e+03 4.365e+03 1688218 
4.365e+03 4.571e+03 1830433 
4.571e+03 4.786e+03 1989812 
4.786e+03 5.012e+03 2158129 
5.012e+03 5.248e+03 2349368 
5.248e+03 5.495e+03 2549463 
5.495e+03 5.754e+03 2762341 
5.754e+03 6.026e+03 3003721 
6.026e+03 6.310e+03 3261617 
6.310e+03 6.607e+03 3543788 
6.607e+03 6.918e+03 3848259 
6.918e+03 7.244e+03 4186593 
7.244e+03 7.586e+03 4548037 
7.586e+03 7.943e+03 4922006 
7.943e+03 8.318e+03 5354174 
8.318e+03 8.710e+03 5804338 
8.710e+03 9.120e+03 6295694 
9.120e+03 9.550e+03 6839274 
9.550e+03 1.000e+04 7437058 
1.000e+04 1.047e+04 8044923 
1.047e+04 1.096e+04 8760013 
1.096e+04 1.148e+04 9549927 
1.148e+04 1.202e+04 10368949 
1.202e+04 1.259e+04 11295882 
1.259e+04 1.318e+04 12302412 
1.318e+04 1.380e+04 13336861 
1.380e+04 1.445e+04 14471952 
1.445e+04 1.514e+04 15709611 
1.514e+04 1.585e+04 17101054 
1.585e+04 1.660e+04 18633743 
1.660e+04 1.738e+04 20357448 
1.738e+04 1.820e+04 22204946 
1.820e+04 1.905e+04 24239523 
1.905e+04 1.995e+04 26415931 
1.995e+04 2.089e+04 28792886 
2.089e+04 2.188e+04 31431950 
2.188e+04 2.291e+04 34394383 
2.291e+04 2.399e+04 37544921 
2.399e+04 2.512e+04 40987591 
2.512e+04 2.630e+04 44813027 
2.630e+04 2.754e+04 49002723 
2.754e+04 2.884e+04 53725858 
2.884e+04 3.020e+04 58715116 
3.020e+04 3.162e+04 64255281 
3.162e+04 3.311e+04 69793109 
3.311e+04 3.467e+04 75779431 
3.467e+04 3.631e+04 82308770 
3.631e+04 3.802e+04 89077743 
3.802e+04 3.981e+04 96458441 
3.981e+04 4.169e+04 104698126 
4.169e+04 4.365e+04 114097728 
4.365e+04 4.571e+04 123463118 
4.571e+04 4.786e+04 133784881 
4.786e+04 5.012e+04 145200378 
5.012e+04 5.248e+04 156828347 
5.248e+04 5.495e+04 169790591 
5.495e+04 5.754e+04 183587278 
5.754e+04 6.026e+04 199229060 
6.026e+04 6.310e+04 215046211 
6.310e+04 6.607e+04 231143552 
6.607e+04 6.918e+04 248261770 
6.918e+04 7.244e+04 265140343 
7.244e+04 7.586e+04 284799055 
7.586e+04 7.943e+04 304478248 
7.943e+04 8.318e+04 325437352 
8.318e+04 8.710e+04 345732975 
8.710e+04 9.120e+04 368091750 
9.120e+04 9.550e+04 390848307 
9.550e+04 1.000e+05 412824862 
1.000e+05 1.047e+05 433835128 
1.047e+05 1.096e+05 458904453 
1.096e+05 1.148e+05 483587300 
1.148e+05 1.202e+05 508471833 
