1.000e+00 1.047e+00 9168103 
1.047e+00 1.096e+00 9978123 
1.096e+00 1.148e+00 10835128 
1.148e+00 1.202e+00 11790272 
1.202e+00 1.259e+00 12833136 
1.259e+00 1.318e+00 13946973 
1.318e+00 1.380e+00 15173795 
1.380e+00 1.445e+00 16490486 
1.445e+00 1.514e+00 17918837 
1.514e+00 1.585e+00 19481316 
1.585e+00 1.660e+00 21169109 
1.660e+00 1.738e+00 23009053 
1.738e+00 1.820e+00 25006650 
1.820e+00 1.905e+00 27189715 
1.905e+00 1.995e+00 29560497 
1.995e+00 2.089e+00 32131521 
2.089e+00 2.188e+00 34950823 
2.188e+00 2.291e+00 37974539 
2.291e+00 2.399e+00 41264104 
2.399e+00 2.512e+00 44801718 
2.512e+00 2.630e+00 48644569 
2.630e+00 2.754e+00 52835958 
2.754e+00 2.884e+00 57438342 
2.884e+00 3.020e+00 62401677 
3.020e+00 3.162e+00 67833730 
3.162e+00 3.311e+00 73748292 
3.311e+00 3.467e+00 80104052 
3.467e+00 3.631e+00 87054557 
3.631e+00 3.802e+00 94557497 
3.802e+00 3.981e+00 102708728 
3.981e+00 4.169e+00 111554534 
4.169e+00 4.365e+00 121071927 
4.365e+00 4.571e+00 131398638 
4.571e+00 4.786e+00 142657054 
4.786e+00 5.012e+00 154876545 
5.012e+00 5.248e+00 167972152 
5.248e+00 5.495e+00 182161546 
5.495e+00 5.754e+00 197777459 
5.754e+00 6.026e+00 214538015 
6.026e+00 6.310e+00 232614926 
6.310e+00 6.607e+00 252421370 
6.607e+00 6.918e+00 273842193 
6.918e+00 7.244e+00 297010829 
7.244e+00 7.586e+00 322055180 
7.586e+00 7.943e+00 349109514 
7.943e+00 8.318e+00 378416013 
8.318e+00 8.710e+00 410064979 
8.710e+00 9.120e+00 444227947 
9.120e+00 9.550e+00 481401316 
9.550e+00 1.000e+01 521499273 
1.000e+01 1.047e+01 565056201 
1.047e+01 1.096e+01 611918753 
1.096e+01 1.148e+01 662627523 
1.148e+01 1.202e+01 717599368 
1.202e+01 1.259e+01 777057096 
1.259e+01 1.318e+01 840703404 
1.318e+01 1.380e+01 909925580 
1.380e+01 1.445e+01 984745086 
1.445e+01 1.514e+01 1065088832 
1.514e+01 1.585e+01 1151723727 
1.585e+01 1.660e+01 1245296332 
1.660e+01 1.738e+01 1346531402 
1.738e+01 1.820e+01 1455818449 
1.820e+01 1.905e+01 1572943284 
1.905e+01 1.995e+01 1698188521 
1.995e+01 2.089e+01 1832993340 
2.089e+01 2.188e+01 1978642964 
2.188e+01 2.291e+01 2135693391 
2.291e+01 2.399e+01 2304711456 
2.399e+01 2.512e+01 2484399160 
2.512e+01 2.630e+01 2678586980 
2.630e+01 2.754e+01 2887780895 
2.754e+01 2.884e+01 3112196035 
2.884e+01 3.020e+01 3352149540 
3.020e+01 3.162e+01 3609314831 
3.162e+01 3.311e+01 3885966982 
3.311e+01 3.467e+01 4180223624 
3.467e+01 3.631e+01 4493978730 
3.631e+01 3.802e+01 4829361802 
3.802e+01 3.981e+01 5185861377 
3.981e+01 4.169e+01 5567209892 
4.169e+01 4.365e+01 5971294829 
4.365e+01 4.571e+01 6402584184 
4.571e+01 4.786e+01 6858447822 
4.786e+01 5.012e+01 7340166627 
5.012e+01 5.248e+01 7849803150 
5.248e+01 5.495e+01 8385115422 
5.495e+01 5.754e+01 8952843372 
5.754e+01 6.026e+01 9548629837 
6.026e+01 6.310e+01 10169868186 
6.310e+01 6.607e+01 10823452039 
6.607e+01 6.918e+01 11502501908 
6.918e+01 7.244e+01 12200072916 
7.244e+01 7.586e+01 12914194143 
7.586e+01 7.943e+01 13647322751 
7.943e+01 8.318e+01 14388510437 
8.318e+01 8.710e+01 15133971065 
8.710e+01 9.120e+01 15877118454 
9.120e+01 9.550e+01 16606345993 
9.550e+01 1.000e+02 17314498405 
1.000e+02 1.047e+02 17979035788 
1.047e+02 1.096e+02 18576780740 
1.096e+02 1.148e+02 19083145207 
1.148e+02 1.202e+02 19448592571 
1.202e+02 1.259e+02 19660098072 
1.259e+02 1.318e+02 19661711132 
1.318e+02 1.380e+02 19387177897 
1.380e+02 1.445e+02 18742042406 
1.445e+02 1.514e+02 17618799463 
1.514e+02 1.585e+02 15850081069 
1.585e+02 1.660e+02 13213440604 
1.660e+02 1.738e+02 9232478613 
1.738e+02 1.820e+02 2863305079 
1.820e+02 1.905e+02 0 
1.905e+02 1.995e+02 0 
1.995e+02 2.089e+02 0 
2.089e+02 2.188e+02 0 
2.188e+02 2.291e+02 0 
2.291e+02 2.399e+02 0 
2.399e+02 2.512e+02 0 
2.512e+02 2.630e+02 0 
2.630e+02 2.754e+02 0 
2.754e+02 2.884e+02 0 
2.884e+02 3.020e+02 0 
3.020e+02 3.162e+02 0 
3.162e+02 3.311e+02 0 
3.311e+02 3.467e+02 0 
3.467e+02 3.631e+02 0 
3.631e+02 3.802e+02 0 
3.802e+02 3.981e+02 0 
3.981e+02 4.169e+02 0 
4.169e+02 4.365e+02 0 
4.365e+02 4.571e+02 0 
4.571e+02 4.786e+02 0 
4.786e+02 5.012e+02 0 
5.012e+02 5.248e+02 0 
5.248e+02 5.495e+02 0 
5.495e+02 5.754e+02 0 
5.754e+02 6.026e+02 0 
6.026e+02 6.310e+02 0 
6.310e+02 6.607e+02 0 
6.607e+02 6.918e+02 0 
6.918e+02 7.244e+02 0 
7.244e+02 7.586e+02 0 
7.586e+02 7.943e+02 0 
7.943e+02 8.318e+02 0 
8.318e+02 8.710e+02 0 
8.710e+02 9.120e+02 0 
9.120e+02 9.550e+02 0 
9.550e+02 1.000e+03 0 
1.000e+03 1.047e+03 0 
1.047e+03 1.096e+03 0 
1.096e+03 1.148e+03 0 
1.148e+03 1.202e+03 0 
1.202e+03 1.259e+03 0 
1.259e+03 1.318e+03 0 
1.318e+03 1.380e+03 0 
1.380e+03 1.445e+03 0 
1.445e+03 1.514e+03 0 
1.514e+03 1.585e+03 0 
1.585e+03 1.660e+03 0 
1.660e+03 1.738e+03 0 
1.738e+03 1.820e+03 0 
1.820e+03 1.905e+03 0 
1.905e+03 1.995e+03 0 
1.995e+03 2.089e+03 0 
2.089e+03 2.188e+03 0 
2.188e+03 2.291e+03 0 
2.291e+03 2.399e+03 0 
2.399e+03 2.512e+03 0 
2.512e+03 2.630e+03 0 
2.630e+03 2.754e+03 0 
2.754e+03 2.884e+03 0 
2.884e+03 3.020e+03 0 
3.020e+03 3.162e+03 0 
3.162e+03 3.311e+03 0 
3.311e+03 3.467e+03 0 
3.467e+03 3.631e+03 0 
3.631e+03 3.802e+03 0 
3.802e+03 3.981e+03 0 
3.981e+03 4.169e+03 0 
4.169e+03 4.365e+03 0 
4.365e+03 4.571e+03 0 
4.571e+03 4.786e+03 0 
4.786e+03 5.012e+03 0 
5.012e+03 5.248e+03 0 
5.248e+03 5.495e+03 0 
5.495e+03 5.754e+03 0 
5.754e+03 6.026e+03 0 
6.026e+03 6.310e+03 0 
6.310e+03 6.607e+03 0 
6.607e+03 6.918e+03 0 
6.918e+03 7.244e+03 0 
7.244e+03 7.586e+03 0 
7.586e+03 7.943e+03 0 
7.943e+03 8.318e+03 0 
8.318e+03 8.710e+03 0 
8.710e+03 9.120e+03 0 
9.120e+03 9.550e+03 0 
9.550e+03 1.000e+04 0 
1.000e+04 1.047e+04 0 
1.047e+04 1.096e+04 0 
1.096e+04 1.148e+04 0 
1.148e+04 1.202e+04 0 
1.202e+04 1.259e+04 0 
1.259e+04 1.318e+04 0 
1.318e+04 1.380e+04 0 
1.380e+04 1.445e+04 0 
1.445e+04 1.514e+04 0 
1.514e+04 1.585e+04 0 
1.585e+04 1.660e+04 0 
1.660e+04 1.738e+04 0 
1.738e+04 1.820e+04 0 
1.820e+04 1.905e+04 0 
1.905e+04 1.995e+04 0 
1.995e+04 2.089e+04 0 
2.089e+04 2.188e+04 0 
2.188e+04 2.291e+04 0 
2.291e+04 2.399e+04 0 
2.399e+04 2.512e+04 0 
2.512e+04 2.630e+04 0 
2.630e+04 2.754e+04 0 
2.754e+04 2.884e+04 0 
2.884e+04 3.020e+04 0 
3.020e+04 3.162e+04 0 
3.162e+04 3.311e+04 0 
3.311e+04 3.467e+04 0 
3.467e+04 3.631e+04 0 
3.631e+04 3.802e+04 0 
3.802e+04 3.981e+04 0 
3.981e+04 4.169e+04 0 
4.169e+04 4.365e+04 0 
4.365e+04 4.571e+04 0 
4.571e+04 4.786e+04 0 
4.786e+04 5.012e+04 0 
5.012e+04 5.248e+04 0 
5.248e+04 5.495e+04 0 
5.495e+04 5.754e+04 0 
5.754e+04 6.026e+04 0 
6.026e+04 6.310e+04 0 
6.310e+04 6.607e+04 0 
6.607e+04 6.918e+04 0 
6.918e+04 7.244e+04 0 
7.244e+04 7.586e+04 0 
7.586e+04 7.943e+04 0 
7.943e+04 8.318e+04 0 
8.318e+04 8.710e+04 0 
8.710e+04 9.120e+04 0 
9.120e+04 9.550e+04 0 
9.550e+04 1.000e+05 0 
1.000e+05 1.047e+05 0 
1.047e+05 1.096e+05 0 
1.096e+05 1.148e+05 0 
1.148e+05 1.202e+05 0 
