1.000e+00 1.047e+00 570 
1.047e+00 1.096e+00 570 
1.096e+00 1.148e+00 557 
1.148e+00 1.202e+00 622 
1.202e+00 1.259e+00 692 
1.259e+00 1.318e+00 672 
1.318e+00 1.380e+00 662 
1.380e+00 1.445e+00 762 
1.445e+00 1.514e+00 776 
1.514e+00 1.585e+00 776 
1.585e+00 1.660e+00 891 
1.660e+00 1.738e+00 924 
1.738e+00 1.820e+00 882 
1.820e+00 1.905e+00 974 
1.905e+00 1.995e+00 1015 
1.995e+00 2.089e+00 996 
2.089e+00 2.188e+00 1073 
2.188e+00 2.291e+00 1085 
2.291e+00 2.399e+00 1224 
2.399e+00 2.512e+00 1235 
2.512e+00 2.630e+00 1239 
2.630e+00 2.754e+00 1341 
2.754e+00 2.884e+00 1395 
2.884e+00 3.020e+00 1501 
3.020e+00 3.162e+00 1590 
3.162e+00 3.311e+00 1588 
3.311e+00 3.467e+00 1626 
3.467e+00 3.631e+00 1746 
3.631e+00 3.802e+00 1786 
3.802e+00 3.981e+00 1834 
3.981e+00 4.169e+00 1953 
4.169e+00 4.365e+00 2051 
4.365e+00 4.571e+00 2089 
4.571e+00 4.786e+00 2168 
4.786e+00 5.012e+00 2375 
5.012e+00 5.248e+00 2406 
5.248e+00 5.495e+00 2607 
5.495e+00 5.754e+00 2578 
5.754e+00 6.026e+00 2692 
6.026e+00 6.310e+00 2854 
6.310e+00 6.607e+00 2965 
6.607e+00 6.918e+00 2930 
6.918e+00 7.244e+00 3100 
7.244e+00 7.586e+00 3319 
7.586e+00 7.943e+00 3454 
7.943e+00 8.318e+00 3655 
8.318e+00 8.710e+00 3703 
8.710e+00 9.120e+00 3926 
9.120e+00 9.550e+00 4064 
9.550e+00 1.000e+01 4299 
1.000e+01 1.047e+01 4370 
1.047e+01 1.096e+01 4568 
1.096e+01 1.148e+01 4890 
1.148e+01 1.202e+01 5019 
1.202e+01 1.259e+01 5230 
1.259e+01 1.318e+01 5601 
1.318e+01 1.380e+01 5825 
1.380e+01 1.445e+01 6007 
1.445e+01 1.514e+01 6303 
1.514e+01 1.585e+01 6657 
1.585e+01 1.660e+01 6972 
1.660e+01 1.738e+01 7293 
1.738e+01 1.820e+01 7775 
1.820e+01 1.905e+01 8221 
1.905e+01 1.995e+01 8693 
1.995e+01 2.089e+01 9172 
2.089e+01 2.188e+01 9526 
2.188e+01 2.291e+01 9939 
2.291e+01 2.399e+01 10712 
2.399e+01 2.512e+01 11083 
2.512e+01 2.630e+01 11833 
2.630e+01 2.754e+01 12434 
2.754e+01 2.884e+01 13133 
2.884e+01 3.020e+01 13955 
3.020e+01 3.162e+01 14730 
3.162e+01 3.311e+01 15793 
3.311e+01 3.467e+01 16470 
3.467e+01 3.631e+01 17449 
3.631e+01 3.802e+01 18779 
3.802e+01 3.981e+01 19805 
3.981e+01 4.169e+01 21049 
4.169e+01 4.365e+01 22291 
4.365e+01 4.571e+01 24028 
4.571e+01 4.786e+01 25316 
4.786e+01 5.012e+01 26852 
5.012e+01 5.248e+01 28936 
5.248e+01 5.495e+01 30648 
5.495e+01 5.754e+01 33127 
5.754e+01 6.026e+01 35242 
6.026e+01 6.310e+01 37899 
6.310e+01 6.607e+01 40464 
6.607e+01 6.918e+01 44094 
6.918e+01 7.244e+01 46882 
7.244e+01 7.586e+01 50486 
7.586e+01 7.943e+01 53438 
7.943e+01 8.318e+01 57811 
8.318e+01 8.710e+01 61588 
8.710e+01 9.120e+01 66918 
9.120e+01 9.550e+01 70895 
9.550e+01 1.000e+02 76133 
1.000e+02 1.047e+02 81968 
1.047e+02 1.096e+02 87636 
1.096e+02 1.148e+02 94255 
1.148e+02 1.202e+02 101124 
1.202e+02 1.259e+02 107307 
1.259e+02 1.318e+02 115551 
1.318e+02 1.380e+02 123615 
1.380e+02 1.445e+02 132824 
1.445e+02 1.514e+02 143463 
1.514e+02 1.585e+02 153235 
1.585e+02 1.660e+02 164238 
1.660e+02 1.738e+02 176253 
1.738e+02 1.820e+02 188671 
1.820e+02 1.905e+02 202927 
1.905e+02 1.995e+02 216336 
1.995e+02 2.089e+02 232429 
2.089e+02 2.188e+02 249288 
2.188e+02 2.291e+02 266055 
2.291e+02 2.399e+02 286125 
2.399e+02 2.512e+02 305592 
2.512e+02 2.630e+02 329271 
2.630e+02 2.754e+02 354601 
2.754e+02 2.884e+02 379692 
2.884e+02 3.020e+02 407490 
3.020e+02 3.162e+02 436180 
3.162e+02 3.311e+02 467006 
3.311e+02 3.467e+02 504162 
3.467e+02 3.631e+02 539492 
3.631e+02 3.802e+02 578878 
3.802e+02 3.981e+02 624377 
3.981e+02 4.169e+02 670773 
4.169e+02 4.365e+02 722019 
4.365e+02 4.571e+02 775970 
4.571e+02 4.786e+02 835670 
4.786e+02 5.012e+02 899747 
5.012e+02 5.248e+02 967574 
5.248e+02 5.495e+02 1041375 
5.495e+02 5.754e+02 1124952 
5.754e+02 6.026e+02 1214315 
6.026e+02 6.310e+02 1308536 
6.310e+02 6.607e+02 1409763 
6.607e+02 6.918e+02 1519309 
6.918e+02 7.244e+02 1639107 
7.244e+02 7.586e+02 1768296 
7.586e+02 7.943e+02 1908278 
7.943e+02 8.318e+02 2053509 
8.318e+02 8.710e+02 2219490 
8.710e+02 9.120e+02 2396631 
9.120e+02 9.550e+02 2587414 
9.550e+02 1.000e+03 2788428 
1.000e+03 1.047e+03 3015041 
1.047e+03 1.096e+03 3250460 
1.096e+03 1.148e+03 3512935 
1.148e+03 1.202e+03 3799852 
1.202e+03 1.259e+03 4113260 
1.259e+03 1.318e+03 4450453 
1.318e+03 1.380e+03 4817422 
1.380e+03 1.445e+03 5221749 
1.445e+03 1.514e+03 5651668 
1.514e+03 1.585e+03 6110473 
1.585e+03 1.660e+03 6620049 
1.660e+03 1.738e+03 7170908 
1.738e+03 1.820e+03 7767320 
1.820e+03 1.905e+03 8412659 
1.905e+03 1.995e+03 9121204 
1.995e+03 2.089e+03 9883150 
2.089e+03 2.188e+03 10718604 
2.188e+03 2.291e+03 11614176 
2.291e+03 2.399e+03 12603100 
2.399e+03 2.512e+03 13679753 
2.512e+03 2.630e+03 14841066 
2.630e+03 2.754e+03 16130914 
2.754e+03 2.884e+03 17512311 
2.884e+03 3.020e+03 19049100 
3.020e+03 3.162e+03 20748376 
3.162e+03 3.311e+03 22563826 
3.311e+03 3.467e+03 24564938 
3.467e+03 3.631e+03 26735018 
3.631e+03 3.802e+03 29110192 
3.802e+03 3.981e+03 31765574 
3.981e+03 4.169e+03 34604575 
4.169e+03 4.365e+03 37672417 
4.365e+03 4.571e+03 41000337 
4.571e+03 4.786e+03 44641299 
4.786e+03 5.012e+03 48788580 
5.012e+03 5.248e+03 53262551 
5.248e+03 5.495e+03 58146802 
5.495e+03 5.754e+03 63480956 
5.754e+03 6.026e+03 69303206 
6.026e+03 6.310e+03 75816513 
6.310e+03 6.607e+03 82896780 
6.607e+03 6.918e+03 90501054 
6.918e+03 7.244e+03 98944049 
7.244e+03 7.586e+03 108293503 
7.586e+03 7.943e+03 118377017 
7.943e+03 8.318e+03 129321544 
8.318e+03 8.710e+03 141385782 
8.710e+03 9.120e+03 154634658 
9.120e+03 9.550e+03 168876645 
9.550e+03 1.000e+04 184472380 
1.000e+04 1.047e+04 201577139 
1.047e+04 1.096e+04 220102243 
1.096e+04 1.148e+04 240503979 
1.148e+04 1.202e+04 262686158 
1.202e+04 1.259e+04 286550303 
1.259e+04 1.318e+04 312946391 
1.318e+04 1.380e+04 341703412 
1.380e+04 1.445e+04 373112679 
1.445e+04 1.514e+04 407223657 
1.514e+04 1.585e+04 444451501 
1.585e+04 1.660e+04 485651579 
1.660e+04 1.738e+04 529698577 
1.738e+04 1.820e+04 577798458 
1.820e+04 1.905e+04 630460364 
1.905e+04 1.995e+04 686560975 
1.995e+04 2.089e+04 749047801 
2.089e+04 2.188e+04 817776779 
2.188e+04 2.291e+04 893558532 
2.291e+04 2.399e+04 973931140 
2.399e+04 2.512e+04 1061509020 
2.512e+04 2.630e+04 1156497283 
2.630e+04 2.754e+04 1259377710 
2.754e+04 2.884e+04 1372076615 
2.884e+04 3.020e+04 1496830895 
3.020e+04 3.162e+04 1632336249 
3.162e+04 3.311e+04 1775436182 
3.311e+04 3.467e+04 1929407747 
3.467e+04 3.631e+04 2095682020 
3.631e+04 3.802e+04 2282337014 
3.802e+04 3.981e+04 2480389509 
3.981e+04 4.169e+04 2690948102 
4.169e+04 4.365e+04 2919254021 
4.365e+04 4.571e+04 3165142106 
4.571e+04 4.786e+04 3429207319 
4.786e+04 5.012e+04 3706470190 
5.012e+04 5.248e+04 4012165870 
5.248e+04 5.495e+04 4339856977 
5.495e+04 5.754e+04 4690999525 
5.754e+04 6.026e+04 5070748782 
6.026e+04 6.310e+04 5453623840 
6.310e+04 6.607e+04 5862127522 
6.607e+04 6.918e+04 6307224904 
6.918e+04 7.244e+04 6786434886 
7.244e+04 7.586e+04 7280194841 
7.586e+04 7.943e+04 7785288958 
7.943e+04 8.318e+04 8336049537 
8.318e+04 8.710e+04 8893519951 
8.710e+04 9.120e+04 9467525724 
9.120e+04 9.550e+04 10087026489 
9.550e+04 1.000e+05 10694447316 
1.000e+05 1.047e+05 11282007449 
1.047e+05 1.096e+05 11903344055 
1.096e+05 1.148e+05 12556686976 
1.148e+05 1.202e+05 13177091712 
