1.000e+00 1.047e+00 1 
1.047e+00 1.096e+00 9 
1.096e+00 1.148e+00 10 
1.148e+00 1.202e+00 2 
1.202e+00 1.259e+00 4 
1.259e+00 1.318e+00 2 
1.318e+00 1.380e+00 5 
1.380e+00 1.445e+00 5 
1.445e+00 1.514e+00 16 
1.514e+00 1.585e+00 10 
1.585e+00 1.660e+00 9 
1.660e+00 1.738e+00 7 
1.738e+00 1.820e+00 6 
1.820e+00 1.905e+00 14 
1.905e+00 1.995e+00 13 
1.995e+00 2.089e+00 10 
2.089e+00 2.188e+00 17 
2.188e+00 2.291e+00 17 
2.291e+00 2.399e+00 8 
2.399e+00 2.512e+00 17 
2.512e+00 2.630e+00 26 
2.630e+00 2.754e+00 24 
2.754e+00 2.884e+00 22 
2.884e+00 3.020e+00 32 
3.020e+00 3.162e+00 28 
3.162e+00 3.311e+00 56 
3.311e+00 3.467e+00 52 
3.467e+00 3.631e+00 49 
3.631e+00 3.802e+00 67 
3.802e+00 3.981e+00 49 
3.981e+00 4.169e+00 60 
4.169e+00 4.365e+00 67 
4.365e+00 4.571e+00 71 
4.571e+00 4.786e+00 76 
4.786e+00 5.012e+00 70 
5.012e+00 5.248e+00 99 
5.248e+00 5.495e+00 102 
5.495e+00 5.754e+00 104 
5.754e+00 6.026e+00 134 
6.026e+00 6.310e+00 141 
6.310e+00 6.607e+00 145 
6.607e+00 6.918e+00 171 
6.918e+00 7.244e+00 167 
7.244e+00 7.586e+00 173 
7.586e+00 7.943e+00 193 
7.943e+00 8.318e+00 224 
8.318e+00 8.710e+00 238 
8.710e+00 9.120e+00 293 
9.120e+00 9.550e+00 307 
9.550e+00 1.000e+01 346 
1.000e+01 1.047e+01 402 
1.047e+01 1.096e+01 419 
1.096e+01 1.148e+01 389 
1.148e+01 1.202e+01 460 
1.202e+01 1.259e+01 554 
1.259e+01 1.318e+01 564 
1.318e+01 1.380e+01 612 
1.380e+01 1.445e+01 699 
1.445e+01 1.514e+01 808 
1.514e+01 1.585e+01 814 
1.585e+01 1.660e+01 863 
1.660e+01 1.738e+01 1022 
1.738e+01 1.820e+01 1067 
1.820e+01 1.905e+01 1177 
1.905e+01 1.995e+01 1304 
1.995e+01 2.089e+01 1458 
2.089e+01 2.188e+01 1591 
2.188e+01 2.291e+01 1755 
2.291e+01 2.399e+01 1947 
2.399e+01 2.512e+01 2114 
2.512e+01 2.630e+01 2299 
2.630e+01 2.754e+01 2448 
2.754e+01 2.884e+01 2777 
2.884e+01 3.020e+01 2997 
3.020e+01 3.162e+01 3347 
3.162e+01 3.311e+01 3770 
3.311e+01 3.467e+01 3996 
3.467e+01 3.631e+01 4418 
3.631e+01 3.802e+01 4878 
3.802e+01 3.981e+01 5265 
3.981e+01 4.169e+01 5879 
4.169e+01 4.365e+01 6195 
4.365e+01 4.571e+01 6772 
4.571e+01 4.786e+01 7514 
4.786e+01 5.012e+01 8247 
5.012e+01 5.248e+01 9304 
5.248e+01 5.495e+01 10227 
5.495e+01 5.754e+01 10929 
5.754e+01 6.026e+01 12035 
6.026e+01 6.310e+01 13257 
6.310e+01 6.607e+01 14395 
6.607e+01 6.918e+01 15923 
6.918e+01 7.244e+01 17245 
7.244e+01 7.586e+01 18996 
7.586e+01 7.943e+01 20927 
7.943e+01 8.318e+01 22519 
8.318e+01 8.710e+01 25232 
8.710e+01 9.120e+01 27424 
9.120e+01 9.550e+01 29914 
9.550e+01 1.000e+02 33111 
1.000e+02 1.047e+02 36262 
1.047e+02 1.096e+02 39895 
1.096e+02 1.148e+02 43630 
1.148e+02 1.202e+02 47639 
1.202e+02 1.259e+02 52247 
1.259e+02 1.318e+02 57766 
1.318e+02 1.380e+02 63293 
1.380e+02 1.445e+02 68931 
1.445e+02 1.514e+02 75306 
1.514e+02 1.585e+02 83476 
1.585e+02 1.660e+02 90999 
1.660e+02 1.738e+02 100079 
1.738e+02 1.820e+02 109365 
1.820e+02 1.905e+02 120312 
1.905e+02 1.995e+02 130640 
1.995e+02 2.089e+02 144670 
2.089e+02 2.188e+02 158213 
2.188e+02 2.291e+02 173677 
2.291e+02 2.399e+02 190518 
2.399e+02 2.512e+02 208607 
2.512e+02 2.630e+02 228281 
2.630e+02 2.754e+02 250724 
2.754e+02 2.884e+02 275753 
2.884e+02 3.020e+02 300445 
3.020e+02 3.162e+02 331093 
3.162e+02 3.311e+02 363471 
3.311e+02 3.467e+02 398313 
3.467e+02 3.631e+02 436822 
3.631e+02 3.802e+02 477506 
3.802e+02 3.981e+02 524863 
3.981e+02 4.169e+02 574768 
4.169e+02 4.365e+02 630272 
4.365e+02 4.571e+02 690968 
4.571e+02 4.786e+02 755757 
4.786e+02 5.012e+02 829770 
5.012e+02 5.248e+02 910152 
5.248e+02 5.495e+02 998081 
5.495e+02 5.754e+02 1093192 
5.754e+02 6.026e+02 1199816 
6.026e+02 6.310e+02 1314829 
6.310e+02 6.607e+02 1442301 
6.607e+02 6.918e+02 1581676 
6.918e+02 7.244e+02 1735899 
7.244e+02 7.586e+02 1901957 
7.586e+02 7.943e+02 2085987 
7.943e+02 8.318e+02 2287524 
8.318e+02 8.710e+02 2508864 
8.710e+02 9.120e+02 2747921 
9.120e+02 9.550e+02 3009206 
9.550e+02 1.000e+03 3302321 
1.000e+03 1.047e+03 3617367 
1.047e+03 1.096e+03 3968712 
1.096e+03 1.148e+03 4354710 
1.148e+03 1.202e+03 4770834 
1.202e+03 1.259e+03 5225007 
1.259e+03 1.318e+03 5729381 
1.318e+03 1.380e+03 6283023 
1.380e+03 1.445e+03 6882501 
1.445e+03 1.514e+03 7544383 
1.514e+03 1.585e+03 8274825 
1.585e+03 1.660e+03 9064920 
1.660e+03 1.738e+03 9929609 
1.738e+03 1.820e+03 10893838 
1.820e+03 1.905e+03 11940665 
1.905e+03 1.995e+03 13089877 
1.995e+03 2.089e+03 14338376 
2.089e+03 2.188e+03 15725492 
2.188e+03 2.291e+03 17241202 
2.291e+03 2.399e+03 18885222 
2.399e+03 2.512e+03 20711399 
2.512e+03 2.630e+03 22692345 
2.630e+03 2.754e+03 24869964 
2.754e+03 2.884e+03 27258645 
2.884e+03 3.020e+03 29857510 
3.020e+03 3.162e+03 32715357 
3.162e+03 3.311e+03 35843399 
3.311e+03 3.467e+03 39269114 
3.467e+03 3.631e+03 43040875 
3.631e+03 3.802e+03 47159287 
3.802e+03 3.981e+03 51679596 
3.981e+03 4.169e+03 56608945 
4.169e+03 4.365e+03 62019698 
4.365e+03 4.571e+03 67944073 
4.571e+03 4.786e+03 74434514 
4.786e+03 5.012e+03 81566888 
5.012e+03 5.248e+03 89336802 
5.248e+03 5.495e+03 97857514 
5.495e+03 5.754e+03 107166081 
5.754e+03 6.026e+03 117369384 
6.026e+03 6.310e+03 128542254 
6.310e+03 6.607e+03 140778229 
6.607e+03 6.918e+03 154202428 
6.918e+03 7.244e+03 168825522 
7.244e+03 7.586e+03 184817593 
7.586e+03 7.943e+03 202415579 
7.943e+03 8.318e+03 221562766 
8.318e+03 8.710e+03 242554019 
8.710e+03 9.120e+03 265457275 
9.120e+03 9.550e+03 290471582 
9.550e+03 1.000e+04 317917187 
1.000e+04 1.047e+04 347857906 
1.047e+04 1.096e+04 380616021 
1.096e+04 1.148e+04 416258276 
1.148e+04 1.202e+04 455251982 
1.202e+04 1.259e+04 497963511 
1.259e+04 1.318e+04 544681339 
1.318e+04 1.380e+04 595452825 
1.380e+04 1.445e+04 651040378 
1.445e+04 1.514e+04 711513341 
1.514e+04 1.585e+04 777635291 
1.585e+04 1.660e+04 849631783 
1.660e+04 1.738e+04 928133469 
1.738e+04 1.820e+04 1013624405 
1.820e+04 1.905e+04 1106615021 
1.905e+04 1.995e+04 1207743822 
1.995e+04 2.089e+04 1318284337 
2.089e+04 2.188e+04 1438472145 
2.188e+04 2.291e+04 1569225567 
2.291e+04 2.399e+04 1711410283 
2.399e+04 2.512e+04 1866190223 
2.512e+04 2.630e+04 2034185123 
2.630e+04 2.754e+04 2216633177 
2.754e+04 2.884e+04 2415007418 
2.884e+04 3.020e+04 2629690142 
3.020e+04 3.162e+04 2862545204 
3.162e+04 3.311e+04 3115116433 
3.311e+04 3.467e+04 3388715646 
3.467e+04 3.631e+04 3684214133 
3.631e+04 3.802e+04 4004640783 
3.802e+04 3.981e+04 4350854536 
3.981e+04 4.169e+04 4725230652 
4.169e+04 4.365e+04 5128913273 
4.365e+04 4.571e+04 5562082402 
4.571e+04 4.786e+04 6028393756 
4.786e+04 5.012e+04 6527389844 
5.012e+04 5.248e+04 7061066291 
5.248e+04 5.495e+04 7633017760 
5.495e+04 5.754e+04 8242423265 
5.754e+04 6.026e+04 8891132273 
6.026e+04 6.310e+04 9578164403 
6.310e+04 6.607e+04 10304565098 
6.607e+04 6.918e+04 11070160291 
6.918e+04 7.244e+04 11875713080 
7.244e+04 7.586e+04 12723455270 
7.586e+04 7.943e+04 13617056366 
7.943e+04 8.318e+04 14554083429 
8.318e+04 8.710e+04 15531619463 
8.710e+04 9.120e+04 16544813180 
9.120e+04 9.550e+04 17583829608 
9.550e+04 1.000e+05 18655362816 
1.000e+05 1.047e+05 19754021233 
1.047e+05 1.096e+05 20858789423 
1.096e+05 1.148e+05 21942235928 
1.148e+05 1.202e+05 22980826097 
