1.000e+00 1.047e+00 1948339 
1.047e+00 1.096e+00 2117879 
1.096e+00 1.148e+00 2305362 
1.148e+00 1.202e+00 2510567 
1.202e+00 1.259e+00 2732781 
1.259e+00 1.318e+00 2974470 
1.318e+00 1.380e+00 3232434 
1.380e+00 1.445e+00 3512729 
1.445e+00 1.514e+00 3820459 
1.514e+00 1.585e+00 4150841 
1.585e+00 1.660e+00 4516457 
1.660e+00 1.738e+00 4902953 
1.738e+00 1.820e+00 5329738 
1.820e+00 1.905e+00 5797526 
1.905e+00 1.995e+00 6294724 
1.995e+00 2.089e+00 6846063 
2.089e+00 2.188e+00 7439306 
2.188e+00 2.291e+00 8080095 
2.291e+00 2.399e+00 8778547 
2.399e+00 2.512e+00 9538572 
2.512e+00 2.630e+00 10361372 
2.630e+00 2.754e+00 11250985 
2.754e+00 2.884e+00 12234768 
2.884e+00 3.020e+00 13300879 
3.020e+00 3.162e+00 14455572 
3.162e+00 3.311e+00 15716774 
3.311e+00 3.467e+00 17066350 
3.467e+00 3.631e+00 18528837 
3.631e+00 3.802e+00 20132214 
3.802e+00 3.981e+00 21871030 
3.981e+00 4.169e+00 23723620 
4.169e+00 4.365e+00 25750888 
4.365e+00 4.571e+00 27942985 
4.571e+00 4.786e+00 30289934 
4.786e+00 5.012e+00 32881876 
5.012e+00 5.248e+00 35695998 
5.248e+00 5.495e+00 38747890 
5.495e+00 5.754e+00 42056377 
5.754e+00 6.026e+00 45612467 
6.026e+00 6.310e+00 49461878 
6.310e+00 6.607e+00 53651728 
6.607e+00 6.918e+00 58212577 
6.918e+00 7.244e+00 63073147 
7.244e+00 7.586e+00 68332428 
7.586e+00 7.943e+00 74012893 
7.943e+00 8.318e+00 80227836 
8.318e+00 8.710e+00 86946315 
8.710e+00 9.120e+00 94197503 
9.120e+00 9.550e+00 101967093 
9.550e+00 1.000e+01 110552824 
1.000e+01 1.047e+01 119745871 
1.047e+01 1.096e+01 129527148 
1.096e+01 1.148e+01 140210104 
1.148e+01 1.202e+01 151843074 
1.202e+01 1.259e+01 164261570 
1.259e+01 1.318e+01 177836096 
1.318e+01 1.380e+01 192414672 
1.380e+01 1.445e+01 207994148 
1.445e+01 1.514e+01 224783166 
1.514e+01 1.585e+01 243060943 
1.585e+01 1.660e+01 262834792 
1.660e+01 1.738e+01 284135018 
1.738e+01 1.820e+01 307009840 
1.820e+01 1.905e+01 331570382 
1.905e+01 1.995e+01 358049788 
1.995e+01 2.089e+01 386768651 
2.089e+01 2.188e+01 417752233 
2.188e+01 2.291e+01 450854051 
2.291e+01 2.399e+01 486582815 
2.399e+01 2.512e+01 525217927 
2.512e+01 2.630e+01 566716391 
2.630e+01 2.754e+01 610710366 
2.754e+01 2.884e+01 657674997 
2.884e+01 3.020e+01 708143925 
3.020e+01 3.162e+01 762505030 
3.162e+01 3.311e+01 820889573 
3.311e+01 3.467e+01 882947845 
3.467e+01 3.631e+01 949080635 
3.631e+01 3.802e+01 1019803344 
3.802e+01 3.981e+01 1095137415 
3.981e+01 4.169e+01 1176228747 
4.169e+01 4.365e+01 1262250437 
4.365e+01 4.571e+01 1353581632 
4.571e+01 4.786e+01 1449778219 
4.786e+01 5.012e+01 1550692769 
5.012e+01 5.248e+01 1657483504 
5.248e+01 5.495e+01 1771195019 
5.495e+01 5.754e+01 1891927263 
5.754e+01 6.026e+01 2018844213 
6.026e+01 6.310e+01 2151456509 
6.310e+01 6.607e+01 2288475253 
6.607e+01 6.918e+01 2430407255 
6.918e+01 7.244e+01 2577628012 
7.244e+01 7.586e+01 2730824527 
7.586e+01 7.943e+01 2887758297 
7.943e+01 8.318e+01 3049379314 
8.318e+01 8.710e+01 3209652501 
8.710e+01 9.120e+01 3367255873 
9.120e+01 9.550e+01 3522660825 
9.550e+01 1.000e+02 3672195273 
1.000e+02 1.047e+02 3807147432 
1.047e+02 1.096e+02 3930127068 
1.096e+02 1.148e+02 4035410721 
1.148e+02 1.202e+02 4117679137 
1.202e+02 1.259e+02 4159585185 
1.259e+02 1.318e+02 4157379020 
1.318e+02 1.380e+02 4103293555 
1.380e+02 1.445e+02 3963691249 
1.445e+02 1.514e+02 3726677326 
1.514e+02 1.585e+02 3353177864 
1.585e+02 1.660e+02 2789493399 
1.660e+02 1.738e+02 1955708526 
1.738e+02 1.820e+02 608685601 
1.820e+02 1.905e+02 0 
1.905e+02 1.995e+02 0 
1.995e+02 2.089e+02 0 
2.089e+02 2.188e+02 0 
2.188e+02 2.291e+02 0 
2.291e+02 2.399e+02 0 
2.399e+02 2.512e+02 0 
2.512e+02 2.630e+02 0 
2.630e+02 2.754e+02 0 
2.754e+02 2.884e+02 0 
2.884e+02 3.020e+02 0 
3.020e+02 3.162e+02 0 
3.162e+02 3.311e+02 0 
3.311e+02 3.467e+02 0 
3.467e+02 3.631e+02 0 
3.631e+02 3.802e+02 0 
3.802e+02 3.981e+02 0 
3.981e+02 4.169e+02 0 
4.169e+02 4.365e+02 0 
4.365e+02 4.571e+02 0 
4.571e+02 4.786e+02 0 
4.786e+02 5.012e+02 0 
5.012e+02 5.248e+02 0 
5.248e+02 5.495e+02 0 
5.495e+02 5.754e+02 0 
5.754e+02 6.026e+02 0 
6.026e+02 6.310e+02 0 
6.310e+02 6.607e+02 0 
6.607e+02 6.918e+02 0 
6.918e+02 7.244e+02 0 
7.244e+02 7.586e+02 0 
7.586e+02 7.943e+02 0 
7.943e+02 8.318e+02 0 
8.318e+02 8.710e+02 0 
8.710e+02 9.120e+02 0 
9.120e+02 9.550e+02 0 
9.550e+02 1.000e+03 0 
1.000e+03 1.047e+03 0 
1.047e+03 1.096e+03 0 
1.096e+03 1.148e+03 0 
1.148e+03 1.202e+03 0 
1.202e+03 1.259e+03 0 
1.259e+03 1.318e+03 0 
1.318e+03 1.380e+03 0 
1.380e+03 1.445e+03 0 
1.445e+03 1.514e+03 0 
1.514e+03 1.585e+03 0 
1.585e+03 1.660e+03 0 
1.660e+03 1.738e+03 0 
1.738e+03 1.820e+03 0 
1.820e+03 1.905e+03 0 
1.905e+03 1.995e+03 0 
1.995e+03 2.089e+03 0 
2.089e+03 2.188e+03 0 
2.188e+03 2.291e+03 0 
2.291e+03 2.399e+03 0 
2.399e+03 2.512e+03 0 
2.512e+03 2.630e+03 0 
2.630e+03 2.754e+03 0 
2.754e+03 2.884e+03 0 
2.884e+03 3.020e+03 0 
3.020e+03 3.162e+03 0 
3.162e+03 3.311e+03 0 
3.311e+03 3.467e+03 0 
3.467e+03 3.631e+03 0 
3.631e+03 3.802e+03 0 
3.802e+03 3.981e+03 0 
3.981e+03 4.169e+03 0 
4.169e+03 4.365e+03 0 
4.365e+03 4.571e+03 0 
4.571e+03 4.786e+03 0 
4.786e+03 5.012e+03 0 
5.012e+03 5.248e+03 0 
5.248e+03 5.495e+03 0 
5.495e+03 5.754e+03 0 
5.754e+03 6.026e+03 0 
6.026e+03 6.310e+03 0 
6.310e+03 6.607e+03 0 
6.607e+03 6.918e+03 0 
6.918e+03 7.244e+03 0 
7.244e+03 7.586e+03 0 
7.586e+03 7.943e+03 0 
7.943e+03 8.318e+03 0 
8.318e+03 8.710e+03 0 
8.710e+03 9.120e+03 0 
9.120e+03 9.550e+03 0 
9.550e+03 1.000e+04 0 
1.000e+04 1.047e+04 0 
1.047e+04 1.096e+04 0 
1.096e+04 1.148e+04 0 
1.148e+04 1.202e+04 0 
1.202e+04 1.259e+04 0 
1.259e+04 1.318e+04 0 
1.318e+04 1.380e+04 0 
1.380e+04 1.445e+04 0 
1.445e+04 1.514e+04 0 
1.514e+04 1.585e+04 0 
1.585e+04 1.660e+04 0 
1.660e+04 1.738e+04 0 
1.738e+04 1.820e+04 0 
1.820e+04 1.905e+04 0 
1.905e+04 1.995e+04 0 
1.995e+04 2.089e+04 0 
2.089e+04 2.188e+04 0 
2.188e+04 2.291e+04 0 
2.291e+04 2.399e+04 0 
2.399e+04 2.512e+04 0 
2.512e+04 2.630e+04 0 
2.630e+04 2.754e+04 0 
2.754e+04 2.884e+04 0 
2.884e+04 3.020e+04 0 
3.020e+04 3.162e+04 0 
3.162e+04 3.311e+04 0 
3.311e+04 3.467e+04 0 
3.467e+04 3.631e+04 0 
3.631e+04 3.802e+04 0 
3.802e+04 3.981e+04 0 
3.981e+04 4.169e+04 0 
4.169e+04 4.365e+04 0 
4.365e+04 4.571e+04 0 
4.571e+04 4.786e+04 0 
4.786e+04 5.012e+04 0 
5.012e+04 5.248e+04 0 
5.248e+04 5.495e+04 0 
5.495e+04 5.754e+04 0 
5.754e+04 6.026e+04 0 
6.026e+04 6.310e+04 0 
6.310e+04 6.607e+04 0 
6.607e+04 6.918e+04 0 
6.918e+04 7.244e+04 0 
7.244e+04 7.586e+04 0 
7.586e+04 7.943e+04 0 
7.943e+04 8.318e+04 0 
8.318e+04 8.710e+04 0 
8.710e+04 9.120e+04 0 
9.120e+04 9.550e+04 0 
9.550e+04 1.000e+05 0 
1.000e+05 1.047e+05 0 
1.047e+05 1.096e+05 0 
1.096e+05 1.148e+05 0 
1.148e+05 1.202e+05 0 
