1.000e+00 1.047e+00 9381547 
1.047e+00 1.096e+00 10203130 
1.096e+00 1.148e+00 11114805 
1.148e+00 1.202e+00 12085908 
1.202e+00 1.259e+00 13149860 
1.259e+00 1.318e+00 14308460 
1.318e+00 1.380e+00 15564087 
1.380e+00 1.445e+00 16931571 
1.445e+00 1.514e+00 18411928 
1.514e+00 1.585e+00 20011829 
1.585e+00 1.660e+00 21754261 
1.660e+00 1.738e+00 23642887 
1.738e+00 1.820e+00 25683350 
1.820e+00 1.905e+00 27939755 
1.905e+00 1.995e+00 30386194 
1.995e+00 2.089e+00 33038057 
2.089e+00 2.188e+00 35902813 
2.188e+00 2.291e+00 39021872 
2.291e+00 2.399e+00 42376133 
2.399e+00 2.512e+00 46074162 
2.512e+00 2.630e+00 50079955 
2.630e+00 2.754e+00 54431427 
2.754e+00 2.884e+00 59164247 
2.884e+00 3.020e+00 64274611 
3.020e+00 3.162e+00 69889363 
3.162e+00 3.311e+00 75900575 
3.311e+00 3.467e+00 82415954 
3.467e+00 3.631e+00 89524135 
3.631e+00 3.802e+00 97185654 
3.802e+00 3.981e+00 105497440 
3.981e+00 4.169e+00 114500447 
4.169e+00 4.365e+00 124286471 
4.365e+00 4.571e+00 134901095 
4.571e+00 4.786e+00 146380938 
4.786e+00 5.012e+00 158893708 
5.012e+00 5.248e+00 172513119 
5.248e+00 5.495e+00 187260463 
5.495e+00 5.754e+00 203201926 
5.754e+00 6.026e+00 220462840 
6.026e+00 6.310e+00 239228037 
6.310e+00 6.607e+00 259448070 
6.607e+00 6.918e+00 281367838 
6.918e+00 7.244e+00 305145847 
7.244e+00 7.586e+00 330860498 
7.586e+00 7.943e+00 358675032 
7.943e+00 8.318e+00 388835652 
8.318e+00 8.710e+00 421401598 
8.710e+00 9.120e+00 456449357 
9.120e+00 9.550e+00 494107734 
9.550e+00 1.000e+01 535291714 
1.000e+01 1.047e+01 579757637 
1.047e+01 1.096e+01 627764249 
1.096e+01 1.148e+01 679643149 
1.148e+01 1.202e+01 735855932 
1.202e+01 1.259e+01 796071181 
1.259e+01 1.318e+01 861893406 
1.318e+01 1.380e+01 932823412 
1.380e+01 1.445e+01 1008900969 
1.445e+01 1.514e+01 1090952583 
1.514e+01 1.585e+01 1180045438 
1.585e+01 1.660e+01 1275948829 
1.660e+01 1.738e+01 1379592450 
1.738e+01 1.820e+01 1490823237 
1.820e+01 1.905e+01 1610942102 
1.905e+01 1.995e+01 1739745600 
1.995e+01 2.089e+01 1879188645 
2.089e+01 2.188e+01 2029354823 
2.188e+01 2.291e+01 2190539660 
2.291e+01 2.399e+01 2363810167 
2.399e+01 2.512e+01 2550411539 
2.512e+01 2.630e+01 2751944886 
2.630e+01 2.754e+01 2967080608 
2.754e+01 2.884e+01 3196730845 
2.884e+01 3.020e+01 3444450004 
3.020e+01 3.162e+01 3709452501 
3.162e+01 3.311e+01 3993048139 
3.311e+01 3.467e+01 4296165496 
3.467e+01 3.631e+01 4619925691 
3.631e+01 3.802e+01 4968175896 
3.802e+01 3.981e+01 5337293121 
3.981e+01 4.169e+01 5729947657 
4.169e+01 4.365e+01 6149588959 
4.365e+01 4.571e+01 6595970924 
4.571e+01 4.786e+01 7066847726 
4.786e+01 5.012e+01 7571105622 
5.012e+01 5.248e+01 8097949103 
5.248e+01 5.495e+01 8656706597 
5.495e+01 5.754e+01 9246392633 
5.754e+01 6.026e+01 9866301137 
6.026e+01 6.310e+01 10510471117 
6.310e+01 6.607e+01 11181900359 
6.607e+01 6.918e+01 11876910873 
6.918e+01 7.244e+01 12600524959 
7.244e+01 7.586e+01 13348199140 
7.586e+01 7.943e+01 14108654324 
7.943e+01 8.318e+01 14882291934 
8.318e+01 8.710e+01 15669567514 
8.710e+01 9.120e+01 16446014518 
9.120e+01 9.550e+01 17203604759 
9.550e+01 1.000e+02 17924610221 
1.000e+02 1.047e+02 18601615355 
1.047e+02 1.096e+02 19213248609 
1.096e+02 1.148e+02 19727832174 
1.148e+02 1.202e+02 20122547636 
1.202e+02 1.259e+02 20336163186 
1.259e+02 1.318e+02 20317446642 
1.318e+02 1.380e+02 20008331927 
1.380e+02 1.445e+02 19320908716 
1.445e+02 1.514e+02 18141419261 
1.514e+02 1.585e+02 16305955100 
1.585e+02 1.660e+02 13569446256 
1.660e+02 1.738e+02 9494308583 
1.738e+02 1.820e+02 2949585615 
1.820e+02 1.905e+02 0 
1.905e+02 1.995e+02 0 
1.995e+02 2.089e+02 0 
2.089e+02 2.188e+02 0 
2.188e+02 2.291e+02 0 
2.291e+02 2.399e+02 0 
2.399e+02 2.512e+02 0 
2.512e+02 2.630e+02 0 
2.630e+02 2.754e+02 0 
2.754e+02 2.884e+02 0 
2.884e+02 3.020e+02 0 
3.020e+02 3.162e+02 0 
3.162e+02 3.311e+02 0 
3.311e+02 3.467e+02 0 
3.467e+02 3.631e+02 0 
3.631e+02 3.802e+02 0 
3.802e+02 3.981e+02 0 
3.981e+02 4.169e+02 0 
4.169e+02 4.365e+02 0 
4.365e+02 4.571e+02 0 
4.571e+02 4.786e+02 0 
4.786e+02 5.012e+02 0 
5.012e+02 5.248e+02 0 
5.248e+02 5.495e+02 0 
5.495e+02 5.754e+02 0 
5.754e+02 6.026e+02 0 
6.026e+02 6.310e+02 0 
6.310e+02 6.607e+02 0 
6.607e+02 6.918e+02 0 
6.918e+02 7.244e+02 0 
7.244e+02 7.586e+02 0 
7.586e+02 7.943e+02 0 
7.943e+02 8.318e+02 0 
8.318e+02 8.710e+02 0 
8.710e+02 9.120e+02 0 
9.120e+02 9.550e+02 0 
9.550e+02 1.000e+03 0 
1.000e+03 1.047e+03 0 
1.047e+03 1.096e+03 0 
1.096e+03 1.148e+03 0 
1.148e+03 1.202e+03 0 
1.202e+03 1.259e+03 0 
1.259e+03 1.318e+03 0 
1.318e+03 1.380e+03 0 
1.380e+03 1.445e+03 0 
1.445e+03 1.514e+03 0 
1.514e+03 1.585e+03 0 
1.585e+03 1.660e+03 0 
1.660e+03 1.738e+03 0 
1.738e+03 1.820e+03 0 
1.820e+03 1.905e+03 0 
1.905e+03 1.995e+03 0 
1.995e+03 2.089e+03 0 
2.089e+03 2.188e+03 0 
2.188e+03 2.291e+03 0 
2.291e+03 2.399e+03 0 
2.399e+03 2.512e+03 0 
2.512e+03 2.630e+03 0 
2.630e+03 2.754e+03 0 
2.754e+03 2.884e+03 0 
2.884e+03 3.020e+03 0 
3.020e+03 3.162e+03 0 
3.162e+03 3.311e+03 0 
3.311e+03 3.467e+03 0 
3.467e+03 3.631e+03 0 
3.631e+03 3.802e+03 0 
3.802e+03 3.981e+03 0 
3.981e+03 4.169e+03 0 
4.169e+03 4.365e+03 0 
4.365e+03 4.571e+03 0 
4.571e+03 4.786e+03 0 
4.786e+03 5.012e+03 0 
5.012e+03 5.248e+03 0 
5.248e+03 5.495e+03 0 
5.495e+03 5.754e+03 0 
5.754e+03 6.026e+03 0 
6.026e+03 6.310e+03 0 
6.310e+03 6.607e+03 0 
6.607e+03 6.918e+03 0 
6.918e+03 7.244e+03 0 
7.244e+03 7.586e+03 0 
7.586e+03 7.943e+03 0 
7.943e+03 8.318e+03 0 
8.318e+03 8.710e+03 0 
8.710e+03 9.120e+03 0 
9.120e+03 9.550e+03 0 
9.550e+03 1.000e+04 0 
1.000e+04 1.047e+04 0 
1.047e+04 1.096e+04 0 
1.096e+04 1.148e+04 0 
1.148e+04 1.202e+04 0 
1.202e+04 1.259e+04 0 
1.259e+04 1.318e+04 0 
1.318e+04 1.380e+04 0 
1.380e+04 1.445e+04 0 
1.445e+04 1.514e+04 0 
1.514e+04 1.585e+04 0 
1.585e+04 1.660e+04 0 
1.660e+04 1.738e+04 0 
1.738e+04 1.820e+04 0 
1.820e+04 1.905e+04 0 
1.905e+04 1.995e+04 0 
1.995e+04 2.089e+04 0 
2.089e+04 2.188e+04 0 
2.188e+04 2.291e+04 0 
2.291e+04 2.399e+04 0 
2.399e+04 2.512e+04 0 
2.512e+04 2.630e+04 0 
2.630e+04 2.754e+04 0 
2.754e+04 2.884e+04 0 
2.884e+04 3.020e+04 0 
3.020e+04 3.162e+04 0 
3.162e+04 3.311e+04 0 
3.311e+04 3.467e+04 0 
3.467e+04 3.631e+04 0 
3.631e+04 3.802e+04 0 
3.802e+04 3.981e+04 0 
3.981e+04 4.169e+04 0 
4.169e+04 4.365e+04 0 
4.365e+04 4.571e+04 0 
4.571e+04 4.786e+04 0 
4.786e+04 5.012e+04 0 
5.012e+04 5.248e+04 0 
5.248e+04 5.495e+04 0 
5.495e+04 5.754e+04 0 
5.754e+04 6.026e+04 0 
6.026e+04 6.310e+04 0 
6.310e+04 6.607e+04 0 
6.607e+04 6.918e+04 0 
6.918e+04 7.244e+04 0 
7.244e+04 7.586e+04 0 
7.586e+04 7.943e+04 0 
7.943e+04 8.318e+04 0 
8.318e+04 8.710e+04 0 
8.710e+04 9.120e+04 0 
9.120e+04 9.550e+04 0 
9.550e+04 1.000e+05 0 
1.000e+05 1.047e+05 0 
1.047e+05 1.096e+05 0 
1.096e+05 1.148e+05 0 
1.148e+05 1.202e+05 0 
