1.000e+00 1.047e+00 4458514 
1.047e+00 1.096e+00 4851000 
1.096e+00 1.148e+00 5279084 
1.148e+00 1.202e+00 5738520 
1.202e+00 1.259e+00 6242866 
1.259e+00 1.318e+00 6796533 
1.318e+00 1.380e+00 7394577 
1.380e+00 1.445e+00 8045722 
1.445e+00 1.514e+00 8751298 
1.514e+00 1.585e+00 9522701 
1.585e+00 1.660e+00 10363240 
1.660e+00 1.738e+00 11272721 
1.738e+00 1.820e+00 12259126 
1.820e+00 1.905e+00 13343261 
1.905e+00 1.995e+00 14494072 
1.995e+00 2.089e+00 15758428 
2.089e+00 2.188e+00 17108275 
2.188e+00 2.291e+00 18589606 
2.291e+00 2.399e+00 20202535 
2.399e+00 2.512e+00 21964005 
2.512e+00 2.630e+00 23876428 
2.630e+00 2.754e+00 25962921 
2.754e+00 2.884e+00 28227407 
2.884e+00 3.020e+00 30668257 
3.020e+00 3.162e+00 33346083 
3.162e+00 3.311e+00 36233206 
3.311e+00 3.467e+00 39398242 
3.467e+00 3.631e+00 42788790 
3.631e+00 3.802e+00 46415312 
3.802e+00 3.981e+00 50376927 
3.981e+00 4.169e+00 54701261 
4.169e+00 4.365e+00 59401031 
4.365e+00 4.571e+00 64472890 
4.571e+00 4.786e+00 69967486 
4.786e+00 5.012e+00 75946489 
5.012e+00 5.248e+00 82415017 
5.248e+00 5.495e+00 89416582 
5.495e+00 5.754e+00 96982549 
5.754e+00 6.026e+00 105105912 
6.026e+00 6.310e+00 113985988 
6.310e+00 6.607e+00 123575329 
6.607e+00 6.918e+00 134016300 
6.918e+00 7.244e+00 145364845 
7.244e+00 7.586e+00 157606455 
7.586e+00 7.943e+00 170894164 
7.943e+00 8.318e+00 185263438 
8.318e+00 8.710e+00 200813759 
8.710e+00 9.120e+00 217590047 
9.120e+00 9.550e+00 235728728 
9.550e+00 1.000e+01 255424983 
1.000e+01 1.047e+01 276722329 
1.047e+01 1.096e+01 299708889 
1.096e+01 1.148e+01 324415888 
1.148e+01 1.202e+01 351133450 
1.202e+01 1.259e+01 380094304 
1.259e+01 1.318e+01 411425148 
1.318e+01 1.380e+01 445004798 
1.380e+01 1.445e+01 481553695 
1.445e+01 1.514e+01 521064158 
1.514e+01 1.585e+01 563601734 
1.585e+01 1.660e+01 609429578 
1.660e+01 1.738e+01 658939594 
1.738e+01 1.820e+01 712265845 
1.820e+01 1.905e+01 769468478 
1.905e+01 1.995e+01 831098218 
1.995e+01 2.089e+01 898126595 
2.089e+01 2.188e+01 970282483 
2.188e+01 2.291e+01 1046707940 
2.291e+01 2.399e+01 1129389732 
2.399e+01 2.512e+01 1218683752 
2.512e+01 2.630e+01 1314083409 
2.630e+01 2.754e+01 1416178087 
2.754e+01 2.884e+01 1526222470 
2.884e+01 3.020e+01 1644920137 
3.020e+01 3.162e+01 1771334070 
3.162e+01 3.311e+01 1906734432 
3.311e+01 3.467e+01 2050776038 
3.467e+01 3.631e+01 2204548261 
3.631e+01 3.802e+01 2368841878 
3.802e+01 3.981e+01 2543217297 
3.981e+01 4.169e+01 2729483947 
4.169e+01 4.365e+01 2927143781 
4.365e+01 4.571e+01 3137197951 
4.571e+01 4.786e+01 3360703953 
4.786e+01 5.012e+01 3597272796 
5.012e+01 5.248e+01 3848172644 
5.248e+01 5.495e+01 4112620458 
5.495e+01 5.754e+01 4389835145 
5.754e+01 6.026e+01 4679401267 
6.026e+01 6.310e+01 4978805619 
6.310e+01 6.607e+01 5294214090 
6.607e+01 6.918e+01 5622809070 
6.918e+01 7.244e+01 5964460229 
7.244e+01 7.586e+01 6315630361 
7.586e+01 7.943e+01 6677416065 
7.943e+01 8.318e+01 7043814641 
8.318e+01 8.710e+01 7412100307 
8.710e+01 9.120e+01 7780928135 
9.120e+01 9.550e+01 8135031413 
9.550e+01 1.000e+02 8476528671 
1.000e+02 1.047e+02 8795305116 
1.047e+02 1.096e+02 9081740025 
1.096e+02 1.148e+02 9326007766 
1.148e+02 1.202e+02 9515023795 
1.202e+02 1.259e+02 9633765695 
1.259e+02 1.318e+02 9633687033 
1.318e+02 1.380e+02 9495771109 
1.380e+02 1.445e+02 9186659821 
1.445e+02 1.514e+02 8639632497 
1.514e+02 1.585e+02 7768269057 
1.585e+02 1.660e+02 6464964514 
1.660e+02 1.738e+02 4516212664 
1.738e+02 1.820e+02 1402889700 
1.820e+02 1.905e+02 0 
1.905e+02 1.995e+02 0 
1.995e+02 2.089e+02 0 
2.089e+02 2.188e+02 0 
2.188e+02 2.291e+02 0 
2.291e+02 2.399e+02 0 
2.399e+02 2.512e+02 0 
2.512e+02 2.630e+02 0 
2.630e+02 2.754e+02 0 
2.754e+02 2.884e+02 0 
2.884e+02 3.020e+02 0 
3.020e+02 3.162e+02 0 
3.162e+02 3.311e+02 0 
3.311e+02 3.467e+02 0 
3.467e+02 3.631e+02 0 
3.631e+02 3.802e+02 0 
3.802e+02 3.981e+02 0 
3.981e+02 4.169e+02 0 
4.169e+02 4.365e+02 0 
4.365e+02 4.571e+02 0 
4.571e+02 4.786e+02 0 
4.786e+02 5.012e+02 0 
5.012e+02 5.248e+02 0 
5.248e+02 5.495e+02 0 
5.495e+02 5.754e+02 0 
5.754e+02 6.026e+02 0 
6.026e+02 6.310e+02 0 
6.310e+02 6.607e+02 0 
6.607e+02 6.918e+02 0 
6.918e+02 7.244e+02 0 
7.244e+02 7.586e+02 0 
7.586e+02 7.943e+02 0 
7.943e+02 8.318e+02 0 
8.318e+02 8.710e+02 0 
8.710e+02 9.120e+02 0 
9.120e+02 9.550e+02 0 
9.550e+02 1.000e+03 0 
1.000e+03 1.047e+03 0 
1.047e+03 1.096e+03 0 
1.096e+03 1.148e+03 0 
1.148e+03 1.202e+03 0 
1.202e+03 1.259e+03 0 
1.259e+03 1.318e+03 0 
1.318e+03 1.380e+03 0 
1.380e+03 1.445e+03 0 
1.445e+03 1.514e+03 0 
1.514e+03 1.585e+03 0 
1.585e+03 1.660e+03 0 
1.660e+03 1.738e+03 0 
1.738e+03 1.820e+03 0 
1.820e+03 1.905e+03 0 
1.905e+03 1.995e+03 0 
1.995e+03 2.089e+03 0 
2.089e+03 2.188e+03 0 
2.188e+03 2.291e+03 0 
2.291e+03 2.399e+03 0 
2.399e+03 2.512e+03 0 
2.512e+03 2.630e+03 0 
2.630e+03 2.754e+03 0 
2.754e+03 2.884e+03 0 
2.884e+03 3.020e+03 0 
3.020e+03 3.162e+03 0 
3.162e+03 3.311e+03 0 
3.311e+03 3.467e+03 0 
3.467e+03 3.631e+03 0 
3.631e+03 3.802e+03 0 
3.802e+03 3.981e+03 0 
3.981e+03 4.169e+03 0 
4.169e+03 4.365e+03 0 
4.365e+03 4.571e+03 0 
4.571e+03 4.786e+03 0 
4.786e+03 5.012e+03 0 
5.012e+03 5.248e+03 0 
5.248e+03 5.495e+03 0 
5.495e+03 5.754e+03 0 
5.754e+03 6.026e+03 0 
6.026e+03 6.310e+03 0 
6.310e+03 6.607e+03 0 
6.607e+03 6.918e+03 0 
6.918e+03 7.244e+03 0 
7.244e+03 7.586e+03 0 
7.586e+03 7.943e+03 0 
7.943e+03 8.318e+03 0 
8.318e+03 8.710e+03 0 
8.710e+03 9.120e+03 0 
9.120e+03 9.550e+03 0 
9.550e+03 1.000e+04 0 
1.000e+04 1.047e+04 0 
1.047e+04 1.096e+04 0 
1.096e+04 1.148e+04 0 
1.148e+04 1.202e+04 0 
1.202e+04 1.259e+04 0 
1.259e+04 1.318e+04 0 
1.318e+04 1.380e+04 0 
1.380e+04 1.445e+04 0 
1.445e+04 1.514e+04 0 
1.514e+04 1.585e+04 0 
1.585e+04 1.660e+04 0 
1.660e+04 1.738e+04 0 
1.738e+04 1.820e+04 0 
1.820e+04 1.905e+04 0 
1.905e+04 1.995e+04 0 
1.995e+04 2.089e+04 0 
2.089e+04 2.188e+04 0 
2.188e+04 2.291e+04 0 
2.291e+04 2.399e+04 0 
2.399e+04 2.512e+04 0 
2.512e+04 2.630e+04 0 
2.630e+04 2.754e+04 0 
2.754e+04 2.884e+04 0 
2.884e+04 3.020e+04 0 
3.020e+04 3.162e+04 0 
3.162e+04 3.311e+04 0 
3.311e+04 3.467e+04 0 
3.467e+04 3.631e+04 0 
3.631e+04 3.802e+04 0 
3.802e+04 3.981e+04 0 
3.981e+04 4.169e+04 0 
4.169e+04 4.365e+04 0 
4.365e+04 4.571e+04 0 
4.571e+04 4.786e+04 0 
4.786e+04 5.012e+04 0 
5.012e+04 5.248e+04 0 
5.248e+04 5.495e+04 0 
5.495e+04 5.754e+04 0 
5.754e+04 6.026e+04 0 
6.026e+04 6.310e+04 0 
6.310e+04 6.607e+04 0 
6.607e+04 6.918e+04 0 
6.918e+04 7.244e+04 0 
7.244e+04 7.586e+04 0 
7.586e+04 7.943e+04 0 
7.943e+04 8.318e+04 0 
8.318e+04 8.710e+04 0 
8.710e+04 9.120e+04 0 
9.120e+04 9.550e+04 0 
9.550e+04 1.000e+05 0 
1.000e+05 1.047e+05 0 
1.047e+05 1.096e+05 0 
1.096e+05 1.148e+05 0 
1.148e+05 1.202e+05 0 
