1.000e+00 1.047e+00 17100898 
1.047e+00 1.096e+00 18605175 
1.096e+00 1.148e+00 20238002 
1.148e+00 1.202e+00 22014099 
1.202e+00 1.259e+00 23949884 
1.259e+00 1.318e+00 26067093 
1.318e+00 1.380e+00 28354173 
1.380e+00 1.445e+00 30857292 
1.445e+00 1.514e+00 33564245 
1.514e+00 1.585e+00 36489192 
1.585e+00 1.660e+00 39723811 
1.660e+00 1.738e+00 43241473 
1.738e+00 1.820e+00 47011653 
1.820e+00 1.905e+00 51122975 
1.905e+00 1.995e+00 55583315 
1.995e+00 2.089e+00 60445993 
2.089e+00 2.188e+00 65654436 
2.188e+00 2.291e+00 71407908 
2.291e+00 2.399e+00 77594230 
2.399e+00 2.512e+00 84347951 
2.512e+00 2.630e+00 91653272 
2.630e+00 2.754e+00 99593769 
2.754e+00 2.884e+00 108148861 
2.884e+00 3.020e+00 117497529 
3.020e+00 3.162e+00 127648241 
3.162e+00 3.311e+00 138679990 
3.311e+00 3.467e+00 150669768 
3.467e+00 3.631e+00 163632817 
3.631e+00 3.802e+00 177682011 
3.802e+00 3.981e+00 192933501 
3.981e+00 4.169e+00 209456955 
4.169e+00 4.365e+00 227308446 
4.365e+00 4.571e+00 246817555 
4.571e+00 4.786e+00 267903137 
4.786e+00 5.012e+00 290693768 
5.012e+00 5.248e+00 315503640 
5.248e+00 5.495e+00 342502568 
5.495e+00 5.754e+00 371602628 
5.754e+00 6.026e+00 403002554 
6.026e+00 6.310e+00 437096363 
6.310e+00 6.607e+00 473946731 
6.607e+00 6.918e+00 513929297 
6.918e+00 7.244e+00 557287999 
7.244e+00 7.586e+00 604139142 
7.586e+00 7.943e+00 654994790 
7.943e+00 8.318e+00 709959158 
8.318e+00 8.710e+00 769563952 
8.710e+00 9.120e+00 833825228 
9.120e+00 9.550e+00 903744588 
9.550e+00 1.000e+01 979639324 
1.000e+01 1.047e+01 1061565858 
1.047e+01 1.096e+01 1149825231 
1.096e+01 1.148e+01 1245215091 
1.148e+01 1.202e+01 1348252173 
1.202e+01 1.259e+01 1459813435 
1.259e+01 1.318e+01 1580421229 
1.318e+01 1.380e+01 1710778476 
1.380e+01 1.445e+01 1851059280 
1.445e+01 1.514e+01 2002301051 
1.514e+01 1.585e+01 2166494900 
1.585e+01 1.660e+01 2342311824 
1.660e+01 1.738e+01 2532477500 
1.738e+01 1.820e+01 2737017993 
1.820e+01 1.905e+01 2958291031 
1.905e+01 1.995e+01 3194884923 
1.995e+01 2.089e+01 3449798232 
2.089e+01 2.188e+01 3723599966 
2.188e+01 2.291e+01 4018065700 
2.291e+01 2.399e+01 4336263990 
2.399e+01 2.512e+01 4678766010 
2.512e+01 2.630e+01 5046877439 
2.630e+01 2.754e+01 5442237425 
2.754e+01 2.884e+01 5864277774 
2.884e+01 3.020e+01 6315435529 
3.020e+01 3.162e+01 6798972924 
3.162e+01 3.311e+01 7318480117 
3.311e+01 3.467e+01 7874019055 
3.467e+01 3.631e+01 8471382049 
3.631e+01 3.802e+01 9107872831 
3.802e+01 3.981e+01 9786329101 
3.981e+01 4.169e+01 10509221444 
4.169e+01 4.365e+01 11277518172 
4.365e+01 4.571e+01 12101089121 
4.571e+01 4.786e+01 12975510304 
4.786e+01 5.012e+01 13900890083 
5.012e+01 5.248e+01 14872704595 
5.248e+01 5.495e+01 15899097012 
5.495e+01 5.754e+01 16977196087 
5.754e+01 6.026e+01 18106057056 
6.026e+01 6.310e+01 19285735453 
6.310e+01 6.607e+01 20516557042 
6.607e+01 6.918e+01 21793568042 
6.918e+01 7.244e+01 23115924733 
7.244e+01 7.586e+01 24475964985 
7.586e+01 7.943e+01 25875768345 
7.943e+01 8.318e+01 27294888911 
8.318e+01 8.710e+01 28726000459 
8.710e+01 9.120e+01 30149421702 
9.120e+01 9.550e+01 31536622275 
9.550e+01 1.000e+02 32859964784 
1.000e+02 1.047e+02 34107184547 
1.047e+02 1.096e+02 35227002375 
1.096e+02 1.148e+02 36186640700 
1.148e+02 1.202e+02 36912691186 
1.202e+02 1.259e+02 37322052185 
1.259e+02 1.318e+02 37300613382 
1.318e+02 1.380e+02 36700379661 
1.380e+02 1.445e+02 35413328624 
1.445e+02 1.514e+02 33238443871 
1.514e+02 1.585e+02 29894781059 
1.585e+02 1.660e+02 24894150660 
1.660e+02 1.738e+02 17368226645 
1.738e+02 1.820e+02 5386107952 
1.820e+02 1.905e+02 0 
1.905e+02 1.995e+02 0 
1.995e+02 2.089e+02 0 
2.089e+02 2.188e+02 0 
2.188e+02 2.291e+02 0 
2.291e+02 2.399e+02 0 
2.399e+02 2.512e+02 0 
2.512e+02 2.630e+02 0 
2.630e+02 2.754e+02 0 
2.754e+02 2.884e+02 0 
2.884e+02 3.020e+02 0 
3.020e+02 3.162e+02 0 
3.162e+02 3.311e+02 0 
3.311e+02 3.467e+02 0 
3.467e+02 3.631e+02 0 
3.631e+02 3.802e+02 0 
3.802e+02 3.981e+02 0 
3.981e+02 4.169e+02 0 
4.169e+02 4.365e+02 0 
4.365e+02 4.571e+02 0 
4.571e+02 4.786e+02 0 
4.786e+02 5.012e+02 0 
5.012e+02 5.248e+02 0 
5.248e+02 5.495e+02 0 
5.495e+02 5.754e+02 0 
5.754e+02 6.026e+02 0 
6.026e+02 6.310e+02 0 
6.310e+02 6.607e+02 0 
6.607e+02 6.918e+02 0 
6.918e+02 7.244e+02 0 
7.244e+02 7.586e+02 0 
7.586e+02 7.943e+02 0 
7.943e+02 8.318e+02 0 
8.318e+02 8.710e+02 0 
8.710e+02 9.120e+02 0 
9.120e+02 9.550e+02 0 
9.550e+02 1.000e+03 0 
1.000e+03 1.047e+03 0 
1.047e+03 1.096e+03 0 
1.096e+03 1.148e+03 0 
1.148e+03 1.202e+03 0 
1.202e+03 1.259e+03 0 
1.259e+03 1.318e+03 0 
1.318e+03 1.380e+03 0 
1.380e+03 1.445e+03 0 
1.445e+03 1.514e+03 0 
1.514e+03 1.585e+03 0 
1.585e+03 1.660e+03 0 
1.660e+03 1.738e+03 0 
1.738e+03 1.820e+03 0 
1.820e+03 1.905e+03 0 
1.905e+03 1.995e+03 0 
1.995e+03 2.089e+03 0 
2.089e+03 2.188e+03 0 
2.188e+03 2.291e+03 0 
2.291e+03 2.399e+03 0 
2.399e+03 2.512e+03 0 
2.512e+03 2.630e+03 0 
2.630e+03 2.754e+03 0 
2.754e+03 2.884e+03 0 
2.884e+03 3.020e+03 0 
3.020e+03 3.162e+03 0 
3.162e+03 3.311e+03 0 
3.311e+03 3.467e+03 0 
3.467e+03 3.631e+03 0 
3.631e+03 3.802e+03 0 
3.802e+03 3.981e+03 0 
3.981e+03 4.169e+03 0 
4.169e+03 4.365e+03 0 
4.365e+03 4.571e+03 0 
4.571e+03 4.786e+03 0 
4.786e+03 5.012e+03 0 
5.012e+03 5.248e+03 0 
5.248e+03 5.495e+03 0 
5.495e+03 5.754e+03 0 
5.754e+03 6.026e+03 0 
6.026e+03 6.310e+03 0 
6.310e+03 6.607e+03 0 
6.607e+03 6.918e+03 0 
6.918e+03 7.244e+03 0 
7.244e+03 7.586e+03 0 
7.586e+03 7.943e+03 0 
7.943e+03 8.318e+03 0 
8.318e+03 8.710e+03 0 
8.710e+03 9.120e+03 0 
9.120e+03 9.550e+03 0 
9.550e+03 1.000e+04 0 
1.000e+04 1.047e+04 0 
1.047e+04 1.096e+04 0 
1.096e+04 1.148e+04 0 
1.148e+04 1.202e+04 0 
1.202e+04 1.259e+04 0 
1.259e+04 1.318e+04 0 
1.318e+04 1.380e+04 0 
1.380e+04 1.445e+04 0 
1.445e+04 1.514e+04 0 
1.514e+04 1.585e+04 0 
1.585e+04 1.660e+04 0 
1.660e+04 1.738e+04 0 
1.738e+04 1.820e+04 0 
1.820e+04 1.905e+04 0 
1.905e+04 1.995e+04 0 
1.995e+04 2.089e+04 0 
2.089e+04 2.188e+04 0 
2.188e+04 2.291e+04 0 
2.291e+04 2.399e+04 0 
2.399e+04 2.512e+04 0 
2.512e+04 2.630e+04 0 
2.630e+04 2.754e+04 0 
2.754e+04 2.884e+04 0 
2.884e+04 3.020e+04 0 
3.020e+04 3.162e+04 0 
3.162e+04 3.311e+04 0 
3.311e+04 3.467e+04 0 
3.467e+04 3.631e+04 0 
3.631e+04 3.802e+04 0 
3.802e+04 3.981e+04 0 
3.981e+04 4.169e+04 0 
4.169e+04 4.365e+04 0 
4.365e+04 4.571e+04 0 
4.571e+04 4.786e+04 0 
4.786e+04 5.012e+04 0 
5.012e+04 5.248e+04 0 
5.248e+04 5.495e+04 0 
5.495e+04 5.754e+04 0 
5.754e+04 6.026e+04 0 
6.026e+04 6.310e+04 0 
6.310e+04 6.607e+04 0 
6.607e+04 6.918e+04 0 
6.918e+04 7.244e+04 0 
7.244e+04 7.586e+04 0 
7.586e+04 7.943e+04 0 
7.943e+04 8.318e+04 0 
8.318e+04 8.710e+04 0 
8.710e+04 9.120e+04 0 
9.120e+04 9.550e+04 0 
9.550e+04 1.000e+05 0 
1.000e+05 1.047e+05 0 
1.047e+05 1.096e+05 0 
1.096e+05 1.148e+05 0 
1.148e+05 1.202e+05 0 
