1.000e+00 1.047e+00 4 
1.047e+00 1.096e+00 6 
1.096e+00 1.148e+00 0 
1.148e+00 1.202e+00 2 
1.202e+00 1.259e+00 3 
1.259e+00 1.318e+00 2 
1.318e+00 1.380e+00 6 
1.380e+00 1.445e+00 5 
1.445e+00 1.514e+00 6 
1.514e+00 1.585e+00 7 
1.585e+00 1.660e+00 8 
1.660e+00 1.738e+00 9 
1.738e+00 1.820e+00 7 
1.820e+00 1.905e+00 7 
1.905e+00 1.995e+00 13 
1.995e+00 2.089e+00 12 
2.089e+00 2.188e+00 12 
2.188e+00 2.291e+00 12 
2.291e+00 2.399e+00 20 
2.399e+00 2.512e+00 27 
2.512e+00 2.630e+00 24 
2.630e+00 2.754e+00 31 
2.754e+00 2.884e+00 28 
2.884e+00 3.020e+00 24 
3.020e+00 3.162e+00 32 
3.162e+00 3.311e+00 32 
3.311e+00 3.467e+00 28 
3.467e+00 3.631e+00 43 
3.631e+00 3.802e+00 42 
3.802e+00 3.981e+00 41 
3.981e+00 4.169e+00 42 
4.169e+00 4.365e+00 37 
4.365e+00 4.571e+00 59 
4.571e+00 4.786e+00 59 
4.786e+00 5.012e+00 87 
5.012e+00 5.248e+00 81 
5.248e+00 5.495e+00 86 
5.495e+00 5.754e+00 89 
5.754e+00 6.026e+00 113 
6.026e+00 6.310e+00 117 
6.310e+00 6.607e+00 135 
6.607e+00 6.918e+00 117 
6.918e+00 7.244e+00 154 
7.244e+00 7.586e+00 162 
7.586e+00 7.943e+00 157 
7.943e+00 8.318e+00 209 
8.318e+00 8.710e+00 221 
8.710e+00 9.120e+00 258 
9.120e+00 9.550e+00 271 
9.550e+00 1.000e+01 289 
1.000e+01 1.047e+01 307 
1.047e+01 1.096e+01 339 
1.096e+01 1.148e+01 376 
1.148e+01 1.202e+01 385 
1.202e+01 1.259e+01 460 
1.259e+01 1.318e+01 535 
1.318e+01 1.380e+01 529 
1.380e+01 1.445e+01 566 
1.445e+01 1.514e+01 636 
1.514e+01 1.585e+01 791 
1.585e+01 1.660e+01 798 
1.660e+01 1.738e+01 834 
1.738e+01 1.820e+01 930 
1.820e+01 1.905e+01 1045 
1.905e+01 1.995e+01 1102 
1.995e+01 2.089e+01 1232 
2.089e+01 2.188e+01 1353 
2.188e+01 2.291e+01 1519 
2.291e+01 2.399e+01 1477 
2.399e+01 2.512e+01 1851 
2.512e+01 2.630e+01 1970 
2.630e+01 2.754e+01 2146 
2.754e+01 2.884e+01 2316 
2.884e+01 3.020e+01 2540 
3.020e+01 3.162e+01 2786 
3.162e+01 3.311e+01 3009 
3.311e+01 3.467e+01 3309 
3.467e+01 3.631e+01 3783 
3.631e+01 3.802e+01 4080 
3.802e+01 3.981e+01 4435 
3.981e+01 4.169e+01 4820 
4.169e+01 4.365e+01 5144 
4.365e+01 4.571e+01 5798 
4.571e+01 4.786e+01 6579 
4.786e+01 5.012e+01 7049 
5.012e+01 5.248e+01 7801 
5.248e+01 5.495e+01 8495 
5.495e+01 5.754e+01 9470 
5.754e+01 6.026e+01 10116 
6.026e+01 6.310e+01 11072 
6.310e+01 6.607e+01 12287 
6.607e+01 6.918e+01 13354 
6.918e+01 7.244e+01 14642 
7.244e+01 7.586e+01 16328 
7.586e+01 7.943e+01 17736 
7.943e+01 8.318e+01 19151 
8.318e+01 8.710e+01 21204 
8.710e+01 9.120e+01 23405 
9.120e+01 9.550e+01 25645 
9.550e+01 1.000e+02 27933 
1.000e+02 1.047e+02 30771 
1.047e+02 1.096e+02 33496 
1.096e+02 1.148e+02 36830 
1.148e+02 1.202e+02 40577 
1.202e+02 1.259e+02 44132 
1.259e+02 1.318e+02 48421 
1.318e+02 1.380e+02 53037 
1.380e+02 1.445e+02 58620 
1.445e+02 1.514e+02 64352 
1.514e+02 1.585e+02 70272 
1.585e+02 1.660e+02 77001 
1.660e+02 1.738e+02 84183 
1.738e+02 1.820e+02 92010 
1.820e+02 1.905e+02 101287 
1.905e+02 1.995e+02 111163 
1.995e+02 2.089e+02 121182 
2.089e+02 2.188e+02 133329 
2.188e+02 2.291e+02 146830 
2.291e+02 2.399e+02 160234 
2.399e+02 2.512e+02 175857 
2.512e+02 2.630e+02 192675 
2.630e+02 2.754e+02 211112 
2.754e+02 2.884e+02 231812 
2.884e+02 3.020e+02 253564 
3.020e+02 3.162e+02 279582 
3.162e+02 3.311e+02 304950 
3.311e+02 3.467e+02 334016 
3.467e+02 3.631e+02 367352 
3.631e+02 3.802e+02 401697 
3.802e+02 3.981e+02 439978 
3.981e+02 4.169e+02 482366 
4.169e+02 4.365e+02 529818 
4.365e+02 4.571e+02 581542 
4.571e+02 4.786e+02 636736 
4.786e+02 5.012e+02 696234 
5.012e+02 5.248e+02 767180 
5.248e+02 5.495e+02 839387 
5.495e+02 5.754e+02 920074 
5.754e+02 6.026e+02 1008718 
6.026e+02 6.310e+02 1103458 
6.310e+02 6.607e+02 1211378 
6.607e+02 6.918e+02 1328036 
6.918e+02 7.244e+02 1455317 
7.244e+02 7.586e+02 1595810 
7.586e+02 7.943e+02 1746639 
7.943e+02 8.318e+02 1917306 
8.318e+02 8.710e+02 2102122 
8.710e+02 9.120e+02 2302705 
9.120e+02 9.550e+02 2523066 
9.550e+02 1.000e+03 2764350 
1.000e+03 1.047e+03 3036123 
1.047e+03 1.096e+03 3323792 
1.096e+03 1.148e+03 3640345 
1.148e+03 1.202e+03 3992183 
1.202e+03 1.259e+03 4375984 
1.259e+03 1.318e+03 4795285 
1.318e+03 1.380e+03 5260135 
1.380e+03 1.445e+03 5765395 
1.445e+03 1.514e+03 6314185 
1.514e+03 1.585e+03 6917017 
1.585e+03 1.660e+03 7585487 
1.660e+03 1.738e+03 8315606 
1.738e+03 1.820e+03 9116899 
1.820e+03 1.905e+03 9996406 
1.905e+03 1.995e+03 10948955 
1.995e+03 2.089e+03 11994011 
2.089e+03 2.188e+03 13143418 
2.188e+03 2.291e+03 14404364 
2.291e+03 2.399e+03 15784401 
2.399e+03 2.512e+03 17282734 
2.512e+03 2.630e+03 18922703 
2.630e+03 2.754e+03 20749140 
2.754e+03 2.884e+03 22722986 
2.884e+03 3.020e+03 24908702 
3.020e+03 3.162e+03 27283934 
3.162e+03 3.311e+03 29876254 
3.311e+03 3.467e+03 32717314 
3.467e+03 3.631e+03 35811540 
3.631e+03 3.802e+03 39244024 
3.802e+03 3.981e+03 42958613 
3.981e+03 4.169e+03 47024141 
4.169e+03 4.365e+03 51470344 
4.365e+03 4.571e+03 56357108 
4.571e+03 4.786e+03 61690097 
4.786e+03 5.012e+03 67557716 
5.012e+03 5.248e+03 73941996 
5.248e+03 5.495e+03 80911992 
5.495e+03 5.754e+03 88532506 
5.754e+03 6.026e+03 96856883 
6.026e+03 6.310e+03 105931697 
6.310e+03 6.607e+03 115849086 
6.607e+03 6.918e+03 126736358 
6.918e+03 7.244e+03 138595847 
7.244e+03 7.586e+03 151368441 
7.586e+03 7.943e+03 165403186 
7.943e+03 8.318e+03 180707482 
8.318e+03 8.710e+03 197349439 
8.710e+03 9.120e+03 215390716 
9.120e+03 9.550e+03 235060971 
9.550e+03 1.000e+04 256250259 
1.000e+04 1.047e+04 279426812 
1.047e+04 1.096e+04 304900706 
1.096e+04 1.148e+04 332608603 
1.148e+04 1.202e+04 362997070 
1.202e+04 1.259e+04 396124734 
1.259e+04 1.318e+04 432264450 
1.318e+04 1.380e+04 471728739 
1.380e+04 1.445e+04 514644972 
1.445e+04 1.514e+04 561320259 
1.514e+04 1.585e+04 611987273 
1.585e+04 1.660e+04 667435765 
1.660e+04 1.738e+04 727983638 
1.738e+04 1.820e+04 793549407 
1.820e+04 1.905e+04 865095566 
1.905e+04 1.995e+04 942708673 
1.995e+04 2.089e+04 1027200964 
2.089e+04 2.188e+04 1118499224 
2.188e+04 2.291e+04 1217419729 
2.291e+04 2.399e+04 1324280120 
2.399e+04 2.512e+04 1441489008 
2.512e+04 2.630e+04 1568860684 
2.630e+04 2.754e+04 1706559940 
2.754e+04 2.884e+04 1854945326 
2.884e+04 3.020e+04 2015656411 
3.020e+04 3.162e+04 2189659829 
3.162e+04 3.311e+04 2376946512 
3.311e+04 3.467e+04 2578250483 
3.467e+04 3.631e+04 2796351288 
3.631e+04 3.802e+04 3033059864 
3.802e+04 3.981e+04 3287390864 
3.981e+04 4.169e+04 3561834560 
4.169e+04 4.365e+04 3859583749 
4.365e+04 4.571e+04 4172489631 
4.571e+04 4.786e+04 4509580544 
4.786e+04 5.012e+04 4873908462 
5.012e+04 5.248e+04 5260246468 
5.248e+04 5.495e+04 5677728045 
5.495e+04 5.754e+04 6123915133 
5.754e+04 6.026e+04 6595090262 
6.026e+04 6.310e+04 7113322377 
6.310e+04 6.607e+04 7677241070 
6.607e+04 6.918e+04 8273239037 
6.918e+04 7.244e+04 8880548997 
7.244e+04 7.586e+04 9504490027 
7.586e+04 7.943e+04 10161295213 
7.943e+04 8.318e+04 10873053223 
8.318e+04 8.710e+04 11630628070 
8.710e+04 9.120e+04 12414300404 
9.120e+04 9.550e+04 13199831149 
9.550e+04 1.000e+05 13948706083 
1.000e+05 1.047e+05 14787572014 
1.047e+05 1.096e+05 15695719555 
1.096e+05 1.148e+05 16622133290 
1.148e+05 1.202e+05 17582060549 
