1.000e+00 1.047e+00 8418110 
1.047e+00 1.096e+00 9151775 
1.096e+00 1.148e+00 9954537 
1.148e+00 1.202e+00 10836019 
1.202e+00 1.259e+00 11787371 
1.259e+00 1.318e+00 12835051 
1.318e+00 1.380e+00 13955742 
1.380e+00 1.445e+00 15177499 
1.445e+00 1.514e+00 16492069 
1.514e+00 1.585e+00 17928122 
1.585e+00 1.660e+00 19497894 
1.660e+00 1.738e+00 21185515 
1.738e+00 1.820e+00 23038584 
1.820e+00 1.905e+00 25058075 
1.905e+00 1.995e+00 27238051 
1.995e+00 2.089e+00 29616600 
2.089e+00 2.188e+00 32199784 
2.188e+00 2.291e+00 34981163 
2.291e+00 2.399e+00 38014500 
2.399e+00 2.512e+00 41306146 
2.512e+00 2.630e+00 44850295 
2.630e+00 2.754e+00 48750082 
2.754e+00 2.884e+00 52974772 
2.884e+00 3.020e+00 57558394 
3.020e+00 3.162e+00 62603580 
3.162e+00 3.311e+00 68040766 
3.311e+00 3.467e+00 73934073 
3.467e+00 3.631e+00 80266801 
3.631e+00 3.802e+00 87156787 
3.802e+00 3.981e+00 94677579 
3.981e+00 4.169e+00 102742069 
4.169e+00 4.365e+00 111578528 
4.365e+00 4.571e+00 121071376 
4.571e+00 4.786e+00 131353076 
4.786e+00 5.012e+00 142587913 
5.012e+00 5.248e+00 154768589 
5.248e+00 5.495e+00 167997080 
5.495e+00 5.754e+00 182313359 
5.754e+00 6.026e+00 197765741 
6.026e+00 6.310e+00 214520652 
6.310e+00 6.607e+00 232572284 
6.607e+00 6.918e+00 252299500 
6.918e+00 7.244e+00 273489924 
7.244e+00 7.586e+00 296378512 
7.586e+00 7.943e+00 321201989 
7.943e+00 8.318e+00 348162594 
8.318e+00 8.710e+00 377285130 
8.710e+00 9.120e+00 408827907 
9.120e+00 9.550e+00 442907626 
9.550e+00 1.000e+01 480054054 
1.000e+01 1.047e+01 520029668 
1.047e+01 1.096e+01 562939825 
1.096e+01 1.148e+01 609339679 
1.148e+01 1.202e+01 659774183 
1.202e+01 1.259e+01 714166848 
1.259e+01 1.318e+01 773052440 
1.318e+01 1.380e+01 836528956 
1.380e+01 1.445e+01 904681014 
1.445e+01 1.514e+01 978089480 
1.514e+01 1.585e+01 1057817366 
1.585e+01 1.660e+01 1143853945 
1.660e+01 1.738e+01 1236329798 
1.738e+01 1.820e+01 1335855616 
1.820e+01 1.905e+01 1443388928 
1.905e+01 1.995e+01 1558946479 
1.995e+01 2.089e+01 1683781815 
2.089e+01 2.188e+01 1818466092 
2.188e+01 2.291e+01 1962599243 
2.291e+01 2.399e+01 2117591811 
2.399e+01 2.512e+01 2284759045 
2.512e+01 2.630e+01 2464447099 
2.630e+01 2.754e+01 2656592943 
2.754e+01 2.884e+01 2861997792 
2.884e+01 3.020e+01 3082263029 
3.020e+01 3.162e+01 3318751079 
3.162e+01 3.311e+01 3571518672 
3.311e+01 3.467e+01 3841145407 
3.467e+01 3.631e+01 4129221564 
3.631e+01 3.802e+01 4437352284 
3.802e+01 3.981e+01 4765375047 
3.981e+01 4.169e+01 5116702727 
4.169e+01 4.365e+01 5489028831 
4.365e+01 4.571e+01 5885253865 
4.571e+01 4.786e+01 6303417236 
4.786e+01 5.012e+01 6745543924 
5.012e+01 5.248e+01 7212068654 
5.248e+01 5.495e+01 7707469069 
5.495e+01 5.754e+01 8230275811 
5.754e+01 6.026e+01 8780157710 
6.026e+01 6.310e+01 9355474979 
6.310e+01 6.607e+01 9952781342 
6.607e+01 6.918e+01 10572162370 
6.918e+01 7.244e+01 11212531340 
7.244e+01 7.586e+01 11877280874 
7.586e+01 7.943e+01 12558074163 
7.943e+01 8.318e+01 13253183198 
8.318e+01 8.710e+01 13944378346 
8.710e+01 9.120e+01 14626610287 
9.120e+01 9.550e+01 15302096133 
9.550e+01 1.000e+02 15954178726 
1.000e+02 1.047e+02 16549601179 
1.047e+02 1.096e+02 17086544930 
1.096e+02 1.148e+02 17547247198 
1.148e+02 1.202e+02 17899460384 
1.202e+02 1.259e+02 18087702989 
1.259e+02 1.318e+02 18081756366 
1.318e+02 1.380e+02 17835201905 
1.380e+02 1.445e+02 17239110175 
1.445e+02 1.514e+02 16208729062 
1.514e+02 1.585e+02 14587133660 
1.585e+02 1.660e+02 12143469147 
1.660e+02 1.738e+02 8498858788 
1.738e+02 1.820e+02 2640480211 
1.820e+02 1.905e+02 0 
1.905e+02 1.995e+02 0 
1.995e+02 2.089e+02 0 
2.089e+02 2.188e+02 0 
2.188e+02 2.291e+02 0 
2.291e+02 2.399e+02 0 
2.399e+02 2.512e+02 0 
2.512e+02 2.630e+02 0 
2.630e+02 2.754e+02 0 
2.754e+02 2.884e+02 0 
2.884e+02 3.020e+02 0 
3.020e+02 3.162e+02 0 
3.162e+02 3.311e+02 0 
3.311e+02 3.467e+02 0 
3.467e+02 3.631e+02 0 
3.631e+02 3.802e+02 0 
3.802e+02 3.981e+02 0 
3.981e+02 4.169e+02 0 
4.169e+02 4.365e+02 0 
4.365e+02 4.571e+02 0 
4.571e+02 4.786e+02 0 
4.786e+02 5.012e+02 0 
5.012e+02 5.248e+02 0 
5.248e+02 5.495e+02 0 
5.495e+02 5.754e+02 0 
5.754e+02 6.026e+02 0 
6.026e+02 6.310e+02 0 
6.310e+02 6.607e+02 0 
6.607e+02 6.918e+02 0 
6.918e+02 7.244e+02 0 
7.244e+02 7.586e+02 0 
7.586e+02 7.943e+02 0 
7.943e+02 8.318e+02 0 
8.318e+02 8.710e+02 0 
8.710e+02 9.120e+02 0 
9.120e+02 9.550e+02 0 
9.550e+02 1.000e+03 0 
1.000e+03 1.047e+03 0 
1.047e+03 1.096e+03 0 
1.096e+03 1.148e+03 0 
1.148e+03 1.202e+03 0 
1.202e+03 1.259e+03 0 
1.259e+03 1.318e+03 0 
1.318e+03 1.380e+03 0 
1.380e+03 1.445e+03 0 
1.445e+03 1.514e+03 0 
1.514e+03 1.585e+03 0 
1.585e+03 1.660e+03 0 
1.660e+03 1.738e+03 0 
1.738e+03 1.820e+03 0 
1.820e+03 1.905e+03 0 
1.905e+03 1.995e+03 0 
1.995e+03 2.089e+03 0 
2.089e+03 2.188e+03 0 
2.188e+03 2.291e+03 0 
2.291e+03 2.399e+03 0 
2.399e+03 2.512e+03 0 
2.512e+03 2.630e+03 0 
2.630e+03 2.754e+03 0 
2.754e+03 2.884e+03 0 
2.884e+03 3.020e+03 0 
3.020e+03 3.162e+03 0 
3.162e+03 3.311e+03 0 
3.311e+03 3.467e+03 0 
3.467e+03 3.631e+03 0 
3.631e+03 3.802e+03 0 
3.802e+03 3.981e+03 0 
3.981e+03 4.169e+03 0 
4.169e+03 4.365e+03 0 
4.365e+03 4.571e+03 0 
4.571e+03 4.786e+03 0 
4.786e+03 5.012e+03 0 
5.012e+03 5.248e+03 0 
5.248e+03 5.495e+03 0 
5.495e+03 5.754e+03 0 
5.754e+03 6.026e+03 0 
6.026e+03 6.310e+03 0 
6.310e+03 6.607e+03 0 
6.607e+03 6.918e+03 0 
6.918e+03 7.244e+03 0 
7.244e+03 7.586e+03 0 
7.586e+03 7.943e+03 0 
7.943e+03 8.318e+03 0 
8.318e+03 8.710e+03 0 
8.710e+03 9.120e+03 0 
9.120e+03 9.550e+03 0 
9.550e+03 1.000e+04 0 
1.000e+04 1.047e+04 0 
1.047e+04 1.096e+04 0 
1.096e+04 1.148e+04 0 
1.148e+04 1.202e+04 0 
1.202e+04 1.259e+04 0 
1.259e+04 1.318e+04 0 
1.318e+04 1.380e+04 0 
1.380e+04 1.445e+04 0 
1.445e+04 1.514e+04 0 
1.514e+04 1.585e+04 0 
1.585e+04 1.660e+04 0 
1.660e+04 1.738e+04 0 
1.738e+04 1.820e+04 0 
1.820e+04 1.905e+04 0 
1.905e+04 1.995e+04 0 
1.995e+04 2.089e+04 0 
2.089e+04 2.188e+04 0 
2.188e+04 2.291e+04 0 
2.291e+04 2.399e+04 0 
2.399e+04 2.512e+04 0 
2.512e+04 2.630e+04 0 
2.630e+04 2.754e+04 0 
2.754e+04 2.884e+04 0 
2.884e+04 3.020e+04 0 
3.020e+04 3.162e+04 0 
3.162e+04 3.311e+04 0 
3.311e+04 3.467e+04 0 
3.467e+04 3.631e+04 0 
3.631e+04 3.802e+04 0 
3.802e+04 3.981e+04 0 
3.981e+04 4.169e+04 0 
4.169e+04 4.365e+04 0 
4.365e+04 4.571e+04 0 
4.571e+04 4.786e+04 0 
4.786e+04 5.012e+04 0 
5.012e+04 5.248e+04 0 
5.248e+04 5.495e+04 0 
5.495e+04 5.754e+04 0 
5.754e+04 6.026e+04 0 
6.026e+04 6.310e+04 0 
6.310e+04 6.607e+04 0 
6.607e+04 6.918e+04 0 
6.918e+04 7.244e+04 0 
7.244e+04 7.586e+04 0 
7.586e+04 7.943e+04 0 
7.943e+04 8.318e+04 0 
8.318e+04 8.710e+04 0 
8.710e+04 9.120e+04 0 
9.120e+04 9.550e+04 0 
9.550e+04 1.000e+05 0 
1.000e+05 1.047e+05 0 
1.047e+05 1.096e+05 0 
1.096e+05 1.148e+05 0 
1.148e+05 1.202e+05 0 
