1.000e+00 1.047e+00 7 
1.047e+00 1.096e+00 27 
1.096e+00 1.148e+00 31 
1.148e+00 1.202e+00 12 
1.202e+00 1.259e+00 19 
1.259e+00 1.318e+00 11 
1.318e+00 1.380e+00 20 
1.380e+00 1.445e+00 26 
1.445e+00 1.514e+00 40 
1.514e+00 1.585e+00 38 
1.585e+00 1.660e+00 20 
1.660e+00 1.738e+00 17 
1.738e+00 1.820e+00 51 
1.820e+00 1.905e+00 52 
1.905e+00 1.995e+00 33 
1.995e+00 2.089e+00 47 
2.089e+00 2.188e+00 51 
2.188e+00 2.291e+00 70 
2.291e+00 2.399e+00 61 
2.399e+00 2.512e+00 66 
2.512e+00 2.630e+00 110 
2.630e+00 2.754e+00 73 
2.754e+00 2.884e+00 90 
2.884e+00 3.020e+00 110 
3.020e+00 3.162e+00 85 
3.162e+00 3.311e+00 102 
3.311e+00 3.467e+00 116 
3.467e+00 3.631e+00 143 
3.631e+00 3.802e+00 132 
3.802e+00 3.981e+00 143 
3.981e+00 4.169e+00 191 
4.169e+00 4.365e+00 199 
4.365e+00 4.571e+00 198 
4.571e+00 4.786e+00 238 
4.786e+00 5.012e+00 227 
5.012e+00 5.248e+00 307 
5.248e+00 5.495e+00 295 
5.495e+00 5.754e+00 289 
5.754e+00 6.026e+00 413 
6.026e+00 6.310e+00 386 
6.310e+00 6.607e+00 422 
6.607e+00 6.918e+00 423 
6.918e+00 7.244e+00 477 
7.244e+00 7.586e+00 556 
7.586e+00 7.943e+00 536 
7.943e+00 8.318e+00 646 
8.318e+00 8.710e+00 751 
8.710e+00 9.120e+00 782 
9.120e+00 9.550e+00 892 
9.550e+00 1.000e+01 874 
1.000e+01 1.047e+01 1018 
1.047e+01 1.096e+01 1074 
1.096e+01 1.148e+01 1225 
1.148e+01 1.202e+01 1377 
1.202e+01 1.259e+01 1385 
1.259e+01 1.318e+01 1614 
1.318e+01 1.380e+01 1704 
1.380e+01 1.445e+01 1840 
1.445e+01 1.514e+01 1879 
1.514e+01 1.585e+01 2077 
1.585e+01 1.660e+01 2342 
1.660e+01 1.738e+01 2591 
1.738e+01 1.820e+01 2778 
1.820e+01 1.905e+01 2945 
1.905e+01 1.995e+01 3288 
1.995e+01 2.089e+01 3673 
2.089e+01 2.188e+01 3905 
2.188e+01 2.291e+01 4300 
2.291e+01 2.399e+01 4621 
2.399e+01 2.512e+01 5027 
2.512e+01 2.630e+01 5697 
2.630e+01 2.754e+01 5909 
2.754e+01 2.884e+01 6485 
2.884e+01 3.020e+01 7292 
3.020e+01 3.162e+01 7719 
3.162e+01 3.311e+01 8543 
3.311e+01 3.467e+01 9383 
3.467e+01 3.631e+01 10179 
3.631e+01 3.802e+01 11264 
3.802e+01 3.981e+01 11933 
3.981e+01 4.169e+01 13304 
4.169e+01 4.365e+01 14463 
4.365e+01 4.571e+01 15638 
4.571e+01 4.786e+01 17181 
4.786e+01 5.012e+01 19013 
5.012e+01 5.248e+01 20315 
5.248e+01 5.495e+01 22268 
5.495e+01 5.754e+01 24273 
5.754e+01 6.026e+01 26409 
6.026e+01 6.310e+01 28798 
6.310e+01 6.607e+01 31509 
6.607e+01 6.918e+01 34471 
6.918e+01 7.244e+01 37500 
7.244e+01 7.586e+01 40924 
7.586e+01 7.943e+01 44411 
7.943e+01 8.318e+01 48711 
8.318e+01 8.710e+01 53187 
8.710e+01 9.120e+01 57768 
9.120e+01 9.550e+01 62916 
9.550e+01 1.000e+02 68431 
1.000e+02 1.047e+02 74543 
1.047e+02 1.096e+02 81886 
1.096e+02 1.148e+02 88879 
1.148e+02 1.202e+02 96738 
1.202e+02 1.259e+02 105169 
1.259e+02 1.318e+02 115971 
1.318e+02 1.380e+02 125731 
1.380e+02 1.445e+02 137514 
1.445e+02 1.514e+02 149076 
1.514e+02 1.585e+02 163494 
1.585e+02 1.660e+02 178240 
1.660e+02 1.738e+02 194148 
1.738e+02 1.820e+02 211227 
1.820e+02 1.905e+02 231256 
1.905e+02 1.995e+02 250773 
1.995e+02 2.089e+02 274157 
2.089e+02 2.188e+02 299304 
2.188e+02 2.291e+02 326230 
2.291e+02 2.399e+02 355527 
2.399e+02 2.512e+02 386473 
2.512e+02 2.630e+02 422815 
2.630e+02 2.754e+02 462645 
2.754e+02 2.884e+02 502406 
2.884e+02 3.020e+02 548366 
3.020e+02 3.162e+02 596967 
3.162e+02 3.311e+02 652410 
3.311e+02 3.467e+02 709639 
3.467e+02 3.631e+02 772437 
3.631e+02 3.802e+02 844197 
3.802e+02 3.981e+02 920759 
3.981e+02 4.169e+02 1005680 
4.169e+02 4.365e+02 1093886 
4.365e+02 4.571e+02 1191087 
4.571e+02 4.786e+02 1297137 
4.786e+02 5.012e+02 1412888 
5.012e+02 5.248e+02 1540005 
5.248e+02 5.495e+02 1676520 
5.495e+02 5.754e+02 1825478 
5.754e+02 6.026e+02 1988459 
6.026e+02 6.310e+02 2168027 
6.310e+02 6.607e+02 2358103 
6.607e+02 6.918e+02 2567069 
6.918e+02 7.244e+02 2794249 
7.244e+02 7.586e+02 3036458 
7.586e+02 7.943e+02 3299491 
7.943e+02 8.318e+02 3584716 
8.318e+02 8.710e+02 3900924 
8.710e+02 9.120e+02 4241715 
9.120e+02 9.550e+02 4616737 
9.550e+02 1.000e+03 5026922 
1.000e+03 1.047e+03 5475227 
1.047e+03 1.096e+03 5955934 
1.096e+03 1.148e+03 6479427 
1.148e+03 1.202e+03 7043527 
1.202e+03 1.259e+03 7659061 
1.259e+03 1.318e+03 8339493 
1.318e+03 1.380e+03 9073481 
1.380e+03 1.445e+03 9869209 
1.445e+03 1.514e+03 10739831 
1.514e+03 1.585e+03 11694285 
1.585e+03 1.660e+03 12723767 
1.660e+03 1.738e+03 13837744 
1.738e+03 1.820e+03 15047405 
1.820e+03 1.905e+03 16350674 
1.905e+03 1.995e+03 17776991 
1.995e+03 2.089e+03 19337582 
2.089e+03 2.188e+03 21006644 
2.188e+03 2.291e+03 22833117 
2.291e+03 2.399e+03 24841626 
2.399e+03 2.512e+03 26997876 
2.512e+03 2.630e+03 29308575 
2.630e+03 2.754e+03 31851432 
2.754e+03 2.884e+03 34559506 
2.884e+03 3.020e+03 37530251 
3.020e+03 3.162e+03 40752831 
3.162e+03 3.311e+03 44251171 
3.311e+03 3.467e+03 48043417 
3.467e+03 3.631e+03 52175652 
3.631e+03 3.802e+03 56646170 
3.802e+03 3.981e+03 61466066 
3.981e+03 4.169e+03 66682221 
4.169e+03 4.365e+03 72327273 
4.365e+03 4.571e+03 78500508 
4.571e+03 4.786e+03 85190672 
4.786e+03 5.012e+03 92441127 
5.012e+03 5.248e+03 100240691 
5.248e+03 5.495e+03 108753766 
5.495e+03 5.754e+03 117982501 
5.754e+03 6.026e+03 127993663 
6.026e+03 6.310e+03 138748536 
6.310e+03 6.607e+03 150425839 
6.607e+03 6.918e+03 163038369 
6.918e+03 7.244e+03 176708571 
7.244e+03 7.586e+03 191458577 
7.586e+03 7.943e+03 207474312 
7.943e+03 8.318e+03 224773112 
8.318e+03 8.710e+03 243513842 
8.710e+03 9.120e+03 263797744 
9.120e+03 9.550e+03 285520704 
9.550e+03 1.000e+04 309089942 
1.000e+04 1.047e+04 334579143 
1.047e+04 1.096e+04 361958518 
1.096e+04 1.148e+04 391396208 
1.148e+04 1.202e+04 423359298 
1.202e+04 1.259e+04 458046053 
1.259e+04 1.318e+04 495509374 
1.318e+04 1.380e+04 535855483 
1.380e+04 1.445e+04 579241245 
1.445e+04 1.514e+04 625818501 
1.514e+04 1.585e+04 676107617 
1.585e+04 1.660e+04 730287203 
1.660e+04 1.738e+04 788619491 
1.738e+04 1.820e+04 851422612 
1.820e+04 1.905e+04 918831219 
1.905e+04 1.995e+04 991644130 
1.995e+04 2.089e+04 1069853619 
2.089e+04 2.188e+04 1153906058 
2.188e+04 2.291e+04 1244292083 
2.291e+04 2.399e+04 1341618933 
2.399e+04 2.512e+04 1446045034 
2.512e+04 2.630e+04 1557904558 
2.630e+04 2.754e+04 1677899142 
2.754e+04 2.884e+04 1805995608 
2.884e+04 3.020e+04 1943942956 
3.020e+04 3.162e+04 2090658699 
3.162e+04 3.311e+04 2248108775 
3.311e+04 3.467e+04 2415603377 
3.467e+04 3.631e+04 2595500437 
3.631e+04 3.802e+04 2786257118 
3.802e+04 3.981e+04 2989371827 
3.981e+04 4.169e+04 3205485212 
4.169e+04 4.365e+04 3436721995 
4.365e+04 4.571e+04 3683425638 
4.571e+04 4.786e+04 3944539765 
4.786e+04 5.012e+04 4223085997 
5.012e+04 5.248e+04 4518287685 
5.248e+04 5.495e+04 4830799785 
5.495e+04 5.754e+04 5160651903 
5.754e+04 6.026e+04 5510020484 
6.026e+04 6.310e+04 5878297453 
6.310e+04 6.607e+04 6263262627 
6.607e+04 6.918e+04 6666066755 
6.918e+04 7.244e+04 7090643417 
7.244e+04 7.586e+04 7534854317 
7.586e+04 7.943e+04 7996455214 
7.943e+04 8.318e+04 8475422734 
8.318e+04 8.710e+04 8969798395 
8.710e+04 9.120e+04 9482265343 
9.120e+04 9.550e+04 10008420163 
9.550e+04 1.000e+05 10549296170 
1.000e+05 1.047e+05 11097230461 
1.047e+05 1.096e+05 11654405852 
1.096e+05 1.148e+05 12212904698 
1.148e+05 1.202e+05 12762595467 
