1.000e+00 1.047e+00 2 
1.047e+00 1.096e+00 5 
1.096e+00 1.148e+00 4 
1.148e+00 1.202e+00 3 
1.202e+00 1.259e+00 2 
1.259e+00 1.318e+00 3 
1.318e+00 1.380e+00 0 
1.380e+00 1.445e+00 7 
1.445e+00 1.514e+00 8 
1.514e+00 1.585e+00 13 
1.585e+00 1.660e+00 8 
1.660e+00 1.738e+00 4 
1.738e+00 1.820e+00 10 
1.820e+00 1.905e+00 9 
1.905e+00 1.995e+00 4 
1.995e+00 2.089e+00 10 
2.089e+00 2.188e+00 11 
2.188e+00 2.291e+00 19 
2.291e+00 2.399e+00 16 
2.399e+00 2.512e+00 14 
2.512e+00 2.630e+00 31 
2.630e+00 2.754e+00 18 
2.754e+00 2.884e+00 19 
2.884e+00 3.020e+00 27 
3.020e+00 3.162e+00 13 
3.162e+00 3.311e+00 30 
3.311e+00 3.467e+00 25 
3.467e+00 3.631e+00 24 
3.631e+00 3.802e+00 26 
3.802e+00 3.981e+00 31 
3.981e+00 4.169e+00 30 
4.169e+00 4.365e+00 53 
4.365e+00 4.571e+00 52 
4.571e+00 4.786e+00 51 
4.786e+00 5.012e+00 43 
5.012e+00 5.248e+00 72 
5.248e+00 5.495e+00 80 
5.495e+00 5.754e+00 72 
5.754e+00 6.026e+00 86 
6.026e+00 6.310e+00 88 
6.310e+00 6.607e+00 96 
6.607e+00 6.918e+00 112 
6.918e+00 7.244e+00 107 
7.244e+00 7.586e+00 122 
7.586e+00 7.943e+00 121 
7.943e+00 8.318e+00 151 
8.318e+00 8.710e+00 178 
8.710e+00 9.120e+00 179 
9.120e+00 9.550e+00 208 
9.550e+00 1.000e+01 208 
1.000e+01 1.047e+01 228 
1.047e+01 1.096e+01 232 
1.096e+01 1.148e+01 324 
1.148e+01 1.202e+01 308 
1.202e+01 1.259e+01 315 
1.259e+01 1.318e+01 372 
1.318e+01 1.380e+01 374 
1.380e+01 1.445e+01 437 
1.445e+01 1.514e+01 458 
1.514e+01 1.585e+01 555 
1.585e+01 1.660e+01 547 
1.660e+01 1.738e+01 652 
1.738e+01 1.820e+01 690 
1.820e+01 1.905e+01 706 
1.905e+01 1.995e+01 804 
1.995e+01 2.089e+01 852 
2.089e+01 2.188e+01 908 
2.188e+01 2.291e+01 1127 
2.291e+01 2.399e+01 1208 
2.399e+01 2.512e+01 1358 
2.512e+01 2.630e+01 1415 
2.630e+01 2.754e+01 1444 
2.754e+01 2.884e+01 1667 
2.884e+01 3.020e+01 1708 
3.020e+01 3.162e+01 1944 
3.162e+01 3.311e+01 2122 
3.311e+01 3.467e+01 2244 
3.467e+01 3.631e+01 2440 
3.631e+01 3.802e+01 2820 
3.802e+01 3.981e+01 2987 
3.981e+01 4.169e+01 3197 
4.169e+01 4.365e+01 3426 
4.365e+01 4.571e+01 3974 
4.571e+01 4.786e+01 4282 
4.786e+01 5.012e+01 4686 
5.012e+01 5.248e+01 5015 
5.248e+01 5.495e+01 5450 
5.495e+01 5.754e+01 5951 
5.754e+01 6.026e+01 6472 
6.026e+01 6.310e+01 7051 
6.310e+01 6.607e+01 7782 
6.607e+01 6.918e+01 8488 
6.918e+01 7.244e+01 9145 
7.244e+01 7.586e+01 9886 
7.586e+01 7.943e+01 11051 
7.943e+01 8.318e+01 11970 
8.318e+01 8.710e+01 12984 
8.710e+01 9.120e+01 14564 
9.120e+01 9.550e+01 15526 
9.550e+01 1.000e+02 16938 
1.000e+02 1.047e+02 18421 
1.047e+02 1.096e+02 20127 
1.096e+02 1.148e+02 22363 
1.148e+02 1.202e+02 24165 
1.202e+02 1.259e+02 26054 
1.259e+02 1.318e+02 28577 
1.318e+02 1.380e+02 31038 
1.380e+02 1.445e+02 33852 
1.445e+02 1.514e+02 37134 
1.514e+02 1.585e+02 40599 
1.585e+02 1.660e+02 44168 
1.660e+02 1.738e+02 48318 
1.738e+02 1.820e+02 52706 
1.820e+02 1.905e+02 56990 
1.905e+02 1.995e+02 62351 
1.995e+02 2.089e+02 68373 
2.089e+02 2.188e+02 74379 
2.188e+02 2.291e+02 80411 
2.291e+02 2.399e+02 87984 
2.399e+02 2.512e+02 96399 
2.512e+02 2.630e+02 104187 
2.630e+02 2.754e+02 113596 
2.754e+02 2.884e+02 124405 
2.884e+02 3.020e+02 135691 
3.020e+02 3.162e+02 147595 
3.162e+02 3.311e+02 160505 
3.311e+02 3.467e+02 176255 
3.467e+02 3.631e+02 190700 
3.631e+02 3.802e+02 208377 
3.802e+02 3.981e+02 227780 
3.981e+02 4.169e+02 247991 
4.169e+02 4.365e+02 269942 
4.365e+02 4.571e+02 294049 
4.571e+02 4.786e+02 320061 
4.786e+02 5.012e+02 348412 
5.012e+02 5.248e+02 379683 
5.248e+02 5.495e+02 413919 
5.495e+02 5.754e+02 449224 
5.754e+02 6.026e+02 489269 
6.026e+02 6.310e+02 533840 
6.310e+02 6.607e+02 581589 
6.607e+02 6.918e+02 632082 
6.918e+02 7.244e+02 687277 
7.244e+02 7.586e+02 747242 
7.586e+02 7.943e+02 812773 
7.943e+02 8.318e+02 884856 
8.318e+02 8.710e+02 964364 
8.710e+02 9.120e+02 1048970 
9.120e+02 9.550e+02 1143871 
9.550e+02 1.000e+03 1243940 
1.000e+03 1.047e+03 1356466 
1.047e+03 1.096e+03 1475270 
1.096e+03 1.148e+03 1605322 
1.148e+03 1.202e+03 1748085 
1.202e+03 1.259e+03 1901939 
1.259e+03 1.318e+03 2070835 
1.318e+03 1.380e+03 2245957 
1.380e+03 1.445e+03 2441234 
1.445e+03 1.514e+03 2659191 
1.514e+03 1.585e+03 2889328 
1.585e+03 1.660e+03 3143196 
1.660e+03 1.738e+03 3421177 
1.738e+03 1.820e+03 3723181 
1.820e+03 1.905e+03 4042818 
1.905e+03 1.995e+03 4388138 
1.995e+03 2.089e+03 4772813 
2.089e+03 2.188e+03 5194983 
2.188e+03 2.291e+03 5648157 
2.291e+03 2.399e+03 6145436 
2.399e+03 2.512e+03 6675326 
2.512e+03 2.630e+03 7250603 
2.630e+03 2.754e+03 7874229 
2.754e+03 2.884e+03 8555168 
2.884e+03 3.020e+03 9292862 
3.020e+03 3.162e+03 10090748 
3.162e+03 3.311e+03 10961080 
3.311e+03 3.467e+03 11902188 
3.467e+03 3.631e+03 12934022 
3.631e+03 3.802e+03 14039067 
3.802e+03 3.981e+03 15244278 
3.981e+03 4.169e+03 16545661 
4.169e+03 4.365e+03 17958562 
4.365e+03 4.571e+03 19488308 
4.571e+03 4.786e+03 21160909 
4.786e+03 5.012e+03 22955948 
5.012e+03 5.248e+03 24880464 
5.248e+03 5.495e+03 26991042 
5.495e+03 5.754e+03 29264269 
5.754e+03 6.026e+03 31749554 
6.026e+03 6.310e+03 34424485 
6.310e+03 6.607e+03 37328376 
6.607e+03 6.918e+03 40462519 
6.918e+03 7.244e+03 43872156 
7.244e+03 7.586e+03 47598047 
7.586e+03 7.943e+03 51576124 
7.943e+03 8.318e+03 55889195 
8.318e+03 8.710e+03 60517644 
8.710e+03 9.120e+03 65591011 
9.120e+03 9.550e+03 71021428 
9.550e+03 1.000e+04 76912177 
1.000e+04 1.047e+04 83292137 
1.047e+04 1.096e+04 90246859 
1.096e+04 1.148e+04 97646970 
1.148e+04 1.202e+04 105642963 
1.202e+04 1.259e+04 114254634 
1.259e+04 1.318e+04 123596170 
1.318e+04 1.380e+04 133640926 
1.380e+04 1.445e+04 144445522 
1.445e+04 1.514e+04 156053736 
1.514e+04 1.585e+04 168667257 
1.585e+04 1.660e+04 182220053 
1.660e+04 1.738e+04 196909401 
1.738e+04 1.820e+04 212567287 
1.820e+04 1.905e+04 229511149 
1.905e+04 1.995e+04 247671618 
1.995e+04 2.089e+04 267204409 
2.089e+04 2.188e+04 288224858 
2.188e+04 2.291e+04 310745515 
2.291e+04 2.399e+04 335073057 
2.399e+04 2.512e+04 361248277 
2.512e+04 2.630e+04 389217760 
2.630e+04 2.754e+04 419330737 
2.754e+04 2.884e+04 451553662 
2.884e+04 3.020e+04 485829469 
3.020e+04 3.162e+04 522533494 
3.162e+04 3.311e+04 561676628 
3.311e+04 3.467e+04 603290398 
3.467e+04 3.631e+04 648034955 
3.631e+04 3.802e+04 695546603 
3.802e+04 3.981e+04 746381764 
3.981e+04 4.169e+04 800674882 
4.169e+04 4.365e+04 858471921 
4.365e+04 4.571e+04 919420178 
4.571e+04 4.786e+04 984593791 
4.786e+04 5.012e+04 1054324116 
5.012e+04 5.248e+04 1127855766 
5.248e+04 5.495e+04 1205255397 
5.495e+04 5.754e+04 1287032451 
5.754e+04 6.026e+04 1373431025 
6.026e+04 6.310e+04 1465108898 
6.310e+04 6.607e+04 1562117008 
6.607e+04 6.918e+04 1663461477 
6.918e+04 7.244e+04 1769817836 
7.244e+04 7.586e+04 1880853172 
7.586e+04 7.943e+04 1995462214 
7.943e+04 8.318e+04 2114350073 
8.318e+04 8.710e+04 2238529365 
8.710e+04 9.120e+04 2368133293 
9.120e+04 9.550e+04 2500343170 
9.550e+04 1.000e+05 2635182345 
1.000e+05 1.047e+05 2773612247 
1.047e+05 1.096e+05 2912068324 
1.096e+05 1.148e+05 3051827170 
1.148e+05 1.202e+05 3191969169 
