1.000e+00 1.047e+00 0 
1.047e+00 1.096e+00 0 
1.096e+00 1.148e+00 0 
1.148e+00 1.202e+00 0 
1.202e+00 1.259e+00 0 
1.259e+00 1.318e+00 0 
1.318e+00 1.380e+00 2 
1.380e+00 1.445e+00 2 
1.445e+00 1.514e+00 3 
1.514e+00 1.585e+00 3 
1.585e+00 1.660e+00 1 
1.660e+00 1.738e+00 1 
1.738e+00 1.820e+00 1 
1.820e+00 1.905e+00 7 
1.905e+00 1.995e+00 0 
1.995e+00 2.089e+00 1 
2.089e+00 2.188e+00 0 
2.188e+00 2.291e+00 2 
2.291e+00 2.399e+00 3 
2.399e+00 2.512e+00 5 
2.512e+00 2.630e+00 4 
2.630e+00 2.754e+00 1 
2.754e+00 2.884e+00 0 
2.884e+00 3.020e+00 9 
3.020e+00 3.162e+00 5 
3.162e+00 3.311e+00 6 
3.311e+00 3.467e+00 6 
3.467e+00 3.631e+00 5 
3.631e+00 3.802e+00 6 
3.802e+00 3.981e+00 15 
3.981e+00 4.169e+00 8 
4.169e+00 4.365e+00 4 
4.365e+00 4.571e+00 11 
4.571e+00 4.786e+00 15 
4.786e+00 5.012e+00 10 
5.012e+00 5.248e+00 24 
5.248e+00 5.495e+00 14 
5.495e+00 5.754e+00 16 
5.754e+00 6.026e+00 26 
6.026e+00 6.310e+00 20 
6.310e+00 6.607e+00 16 
6.607e+00 6.918e+00 30 
6.918e+00 7.244e+00 30 
7.244e+00 7.586e+00 35 
7.586e+00 7.943e+00 44 
7.943e+00 8.318e+00 33 
8.318e+00 8.710e+00 39 
8.710e+00 9.120e+00 45 
9.120e+00 9.550e+00 54 
9.550e+00 1.000e+01 56 
1.000e+01 1.047e+01 79 
1.047e+01 1.096e+01 81 
1.096e+01 1.148e+01 67 
1.148e+01 1.202e+01 75 
1.202e+01 1.259e+01 89 
1.259e+01 1.318e+01 117 
1.318e+01 1.380e+01 98 
1.380e+01 1.445e+01 103 
1.445e+01 1.514e+01 150 
1.514e+01 1.585e+01 118 
1.585e+01 1.660e+01 109 
1.660e+01 1.738e+01 144 
1.738e+01 1.820e+01 165 
1.820e+01 1.905e+01 211 
1.905e+01 1.995e+01 218 
1.995e+01 2.089e+01 254 
2.089e+01 2.188e+01 267 
2.188e+01 2.291e+01 280 
2.291e+01 2.399e+01 313 
2.399e+01 2.512e+01 329 
2.512e+01 2.630e+01 373 
2.630e+01 2.754e+01 403 
2.754e+01 2.884e+01 419 
2.884e+01 3.020e+01 447 
3.020e+01 3.162e+01 555 
3.162e+01 3.311e+01 574 
3.311e+01 3.467e+01 648 
3.467e+01 3.631e+01 686 
3.631e+01 3.802e+01 737 
3.802e+01 3.981e+01 804 
3.981e+01 4.169e+01 915 
4.169e+01 4.365e+01 1030 
4.365e+01 4.571e+01 1088 
4.571e+01 4.786e+01 1180 
4.786e+01 5.012e+01 1261 
5.012e+01 5.248e+01 1428 
5.248e+01 5.495e+01 1597 
5.495e+01 5.754e+01 1661 
5.754e+01 6.026e+01 1873 
6.026e+01 6.310e+01 2066 
6.310e+01 6.607e+01 2148 
6.607e+01 6.918e+01 2430 
6.918e+01 7.244e+01 2637 
7.244e+01 7.586e+01 2848 
7.586e+01 7.943e+01 3189 
7.943e+01 8.318e+01 3413 
8.318e+01 8.710e+01 3734 
8.710e+01 9.120e+01 4121 
9.120e+01 9.550e+01 4289 
9.550e+01 1.000e+02 4887 
1.000e+02 1.047e+02 5300 
1.047e+02 1.096e+02 5836 
1.096e+02 1.148e+02 6383 
1.148e+02 1.202e+02 6631 
1.202e+02 1.259e+02 7405 
1.259e+02 1.318e+02 8059 
1.318e+02 1.380e+02 8629 
1.380e+02 1.445e+02 9463 
1.445e+02 1.514e+02 10238 
1.514e+02 1.585e+02 11113 
1.585e+02 1.660e+02 12336 
1.660e+02 1.738e+02 13006 
1.738e+02 1.820e+02 14252 
1.820e+02 1.905e+02 15113 
1.905e+02 1.995e+02 16537 
1.995e+02 2.089e+02 17712 
2.089e+02 2.188e+02 19288 
2.188e+02 2.291e+02 20806 
2.291e+02 2.399e+02 22238 
2.399e+02 2.512e+02 24290 
2.512e+02 2.630e+02 26097 
2.630e+02 2.754e+02 28135 
2.754e+02 2.884e+02 30145 
2.884e+02 3.020e+02 32747 
3.020e+02 3.162e+02 34962 
3.162e+02 3.311e+02 37776 
3.311e+02 3.467e+02 40470 
3.467e+02 3.631e+02 43821 
3.631e+02 3.802e+02 46930 
3.802e+02 3.981e+02 50871 
3.981e+02 4.169e+02 54889 
4.169e+02 4.365e+02 59064 
4.365e+02 4.571e+02 63208 
4.571e+02 4.786e+02 68257 
4.786e+02 5.012e+02 73369 
5.012e+02 5.248e+02 79784 
5.248e+02 5.495e+02 85845 
5.495e+02 5.754e+02 92519 
5.754e+02 6.026e+02 100529 
6.026e+02 6.310e+02 107411 
6.310e+02 6.607e+02 116104 
6.607e+02 6.918e+02 125002 
6.918e+02 7.244e+02 135654 
7.244e+02 7.586e+02 146248 
7.586e+02 7.943e+02 157729 
7.943e+02 8.318e+02 170797 
8.318e+02 8.710e+02 184310 
8.710e+02 9.120e+02 199676 
9.120e+02 9.550e+02 216226 
9.550e+02 1.000e+03 233205 
1.000e+03 1.047e+03 250282 
1.047e+03 1.096e+03 272817 
1.096e+03 1.148e+03 295572 
1.148e+03 1.202e+03 318712 
1.202e+03 1.259e+03 343791 
1.259e+03 1.318e+03 372814 
1.318e+03 1.380e+03 402664 
1.380e+03 1.445e+03 433898 
1.445e+03 1.514e+03 471171 
1.514e+03 1.585e+03 510860 
1.585e+03 1.660e+03 552824 
1.660e+03 1.738e+03 597320 
1.738e+03 1.820e+03 645868 
1.820e+03 1.905e+03 700684 
1.905e+03 1.995e+03 756249 
1.995e+03 2.089e+03 819154 
2.089e+03 2.188e+03 885959 
2.188e+03 2.291e+03 959437 
2.291e+03 2.399e+03 1040734 
2.399e+03 2.512e+03 1124494 
2.512e+03 2.630e+03 1220986 
2.630e+03 2.754e+03 1322263 
2.754e+03 2.884e+03 1434832 
2.884e+03 3.020e+03 1554742 
3.020e+03 3.162e+03 1683858 
3.162e+03 3.311e+03 1828558 
3.311e+03 3.467e+03 1986451 
3.467e+03 3.631e+03 2149391 
3.631e+03 3.802e+03 2337228 
3.802e+03 3.981e+03 2537633 
3.981e+03 4.169e+03 2753263 
4.169e+03 4.365e+03 2988751 
4.365e+03 4.571e+03 3253158 
4.571e+03 4.786e+03 3542301 
4.786e+03 5.012e+03 3858881 
5.012e+03 5.248e+03 4199375 
5.248e+03 5.495e+03 4575383 
5.495e+03 5.754e+03 4990316 
5.754e+03 6.026e+03 5443398 
6.026e+03 6.310e+03 5928078 
6.310e+03 6.607e+03 6458511 
6.607e+03 6.918e+03 7031894 
6.918e+03 7.244e+03 7664242 
7.244e+03 7.586e+03 8362948 
7.586e+03 7.943e+03 9103271 
7.943e+03 8.318e+03 9923129 
8.318e+03 8.710e+03 10797199 
8.710e+03 9.120e+03 11760910 
9.120e+03 9.550e+03 12796431 
9.550e+03 1.000e+04 13946708 
1.000e+04 1.047e+04 15172879 
1.047e+04 1.096e+04 16502602 
1.096e+04 1.148e+04 17971234 
1.148e+04 1.202e+04 19579996 
1.202e+04 1.259e+04 21316657 
1.259e+04 1.318e+04 23261544 
1.318e+04 1.380e+04 25382516 
1.380e+04 1.445e+04 27678536 
1.445e+04 1.514e+04 30163202 
1.514e+04 1.585e+04 32923910 
1.585e+04 1.660e+04 35788153 
1.660e+04 1.738e+04 38904697 
1.738e+04 1.820e+04 42310396 
1.820e+04 1.905e+04 46049112 
1.905e+04 1.995e+04 50159273 
1.995e+04 2.089e+04 54797658 
2.089e+04 2.188e+04 59796836 
2.188e+04 2.291e+04 65077587 
2.291e+04 2.399e+04 70802735 
2.399e+04 2.512e+04 76901753 
2.512e+04 2.630e+04 83509107 
2.630e+04 2.754e+04 90535389 
2.754e+04 2.884e+04 98107916 
2.884e+04 3.020e+04 106453132 
3.020e+04 3.162e+04 115619647 
3.162e+04 3.311e+04 125674793 
3.311e+04 3.467e+04 136846074 
3.467e+04 3.631e+04 148866806 
3.631e+04 3.802e+04 161893755 
3.802e+04 3.981e+04 175663586 
3.981e+04 4.169e+04 190320152 
4.169e+04 4.365e+04 206381541 
4.365e+04 4.571e+04 223090702 
4.571e+04 4.786e+04 241082701 
4.786e+04 5.012e+04 260346573 
5.012e+04 5.248e+04 281079856 
5.248e+04 5.495e+04 302837976 
5.495e+04 5.754e+04 326666459 
5.754e+04 6.026e+04 351795875 
6.026e+04 6.310e+04 378798613 
6.310e+04 6.607e+04 407710725 
6.607e+04 6.918e+04 439131484 
6.918e+04 7.244e+04 471420815 
7.244e+04 7.586e+04 506293382 
7.586e+04 7.943e+04 542739299 
7.943e+04 8.318e+04 583580082 
8.318e+04 8.710e+04 625938273 
8.710e+04 9.120e+04 668079938 
9.120e+04 9.550e+04 715158953 
9.550e+04 1.000e+05 763980995 
1.000e+05 1.047e+05 809996903 
1.047e+05 1.096e+05 852208901 
1.096e+05 1.148e+05 894306347 
1.148e+05 1.202e+05 935821156 
