1.000e+00 1.047e+00 2 
1.047e+00 1.096e+00 16 
1.096e+00 1.148e+00 16 
1.148e+00 1.202e+00 8 
1.202e+00 1.259e+00 8 
1.259e+00 1.318e+00 15 
1.318e+00 1.380e+00 11 
1.380e+00 1.445e+00 11 
1.445e+00 1.514e+00 20 
1.514e+00 1.585e+00 14 
1.585e+00 1.660e+00 16 
1.660e+00 1.738e+00 17 
1.738e+00 1.820e+00 32 
1.820e+00 1.905e+00 21 
1.905e+00 1.995e+00 25 
1.995e+00 2.089e+00 24 
2.089e+00 2.188e+00 37 
2.188e+00 2.291e+00 37 
2.291e+00 2.399e+00 38 
2.399e+00 2.512e+00 39 
2.512e+00 2.630e+00 50 
2.630e+00 2.754e+00 36 
2.754e+00 2.884e+00 59 
2.884e+00 3.020e+00 63 
3.020e+00 3.162e+00 60 
3.162e+00 3.311e+00 80 
3.311e+00 3.467e+00 82 
3.467e+00 3.631e+00 74 
3.631e+00 3.802e+00 92 
3.802e+00 3.981e+00 100 
3.981e+00 4.169e+00 118 
4.169e+00 4.365e+00 135 
4.365e+00 4.571e+00 139 
4.571e+00 4.786e+00 160 
4.786e+00 5.012e+00 156 
5.012e+00 5.248e+00 215 
5.248e+00 5.495e+00 214 
5.495e+00 5.754e+00 220 
5.754e+00 6.026e+00 239 
6.026e+00 6.310e+00 268 
6.310e+00 6.607e+00 278 
6.607e+00 6.918e+00 319 
6.918e+00 7.244e+00 323 
7.244e+00 7.586e+00 387 
7.586e+00 7.943e+00 393 
7.943e+00 8.318e+00 441 
8.318e+00 8.710e+00 493 
8.710e+00 9.120e+00 502 
9.120e+00 9.550e+00 601 
9.550e+00 1.000e+01 622 
1.000e+01 1.047e+01 733 
1.047e+01 1.096e+01 771 
1.096e+01 1.148e+01 833 
1.148e+01 1.202e+01 949 
1.202e+01 1.259e+01 1007 
1.259e+01 1.318e+01 1086 
1.318e+01 1.380e+01 1221 
1.380e+01 1.445e+01 1349 
1.445e+01 1.514e+01 1494 
1.514e+01 1.585e+01 1663 
1.585e+01 1.660e+01 1807 
1.660e+01 1.738e+01 1991 
1.738e+01 1.820e+01 2140 
1.820e+01 1.905e+01 2382 
1.905e+01 1.995e+01 2612 
1.995e+01 2.089e+01 2928 
2.089e+01 2.188e+01 3145 
2.188e+01 2.291e+01 3334 
2.291e+01 2.399e+01 3771 
2.399e+01 2.512e+01 4108 
2.512e+01 2.630e+01 4470 
2.630e+01 2.754e+01 4917 
2.754e+01 2.884e+01 5343 
2.884e+01 3.020e+01 5836 
3.020e+01 3.162e+01 6557 
3.162e+01 3.311e+01 7184 
3.311e+01 3.467e+01 7744 
3.467e+01 3.631e+01 8555 
3.631e+01 3.802e+01 9258 
3.802e+01 3.981e+01 10341 
3.981e+01 4.169e+01 11037 
4.169e+01 4.365e+01 12302 
4.365e+01 4.571e+01 13516 
4.571e+01 4.786e+01 14924 
4.786e+01 5.012e+01 16171 
5.012e+01 5.248e+01 18005 
5.248e+01 5.495e+01 19564 
5.495e+01 5.754e+01 21423 
5.754e+01 6.026e+01 23519 
6.026e+01 6.310e+01 25737 
6.310e+01 6.607e+01 28177 
6.607e+01 6.918e+01 30802 
6.918e+01 7.244e+01 34081 
7.244e+01 7.586e+01 37475 
7.586e+01 7.943e+01 40934 
7.943e+01 8.318e+01 45156 
8.318e+01 8.710e+01 49638 
8.710e+01 9.120e+01 54137 
9.120e+01 9.550e+01 59166 
9.550e+01 1.000e+02 64542 
1.000e+02 1.047e+02 70716 
1.047e+02 1.096e+02 77870 
1.096e+02 1.148e+02 85685 
1.148e+02 1.202e+02 94166 
1.202e+02 1.259e+02 102765 
1.259e+02 1.318e+02 112507 
1.318e+02 1.380e+02 123527 
1.380e+02 1.445e+02 135672 
1.445e+02 1.514e+02 148152 
1.514e+02 1.585e+02 162825 
1.585e+02 1.660e+02 178463 
1.660e+02 1.738e+02 195499 
1.738e+02 1.820e+02 214677 
1.820e+02 1.905e+02 235162 
1.905e+02 1.995e+02 257550 
1.995e+02 2.089e+02 281713 
2.089e+02 2.188e+02 309279 
2.188e+02 2.291e+02 340139 
2.291e+02 2.399e+02 372683 
2.399e+02 2.512e+02 409088 
2.512e+02 2.630e+02 448107 
2.630e+02 2.754e+02 490676 
2.754e+02 2.884e+02 538739 
2.884e+02 3.020e+02 590515 
3.020e+02 3.162e+02 646011 
3.162e+02 3.311e+02 708756 
3.311e+02 3.467e+02 776713 
3.467e+02 3.631e+02 853484 
3.631e+02 3.802e+02 933996 
3.802e+02 3.981e+02 1024130 
3.981e+02 4.169e+02 1124686 
4.169e+02 4.365e+02 1233406 
4.365e+02 4.571e+02 1350031 
4.571e+02 4.786e+02 1480623 
4.786e+02 5.012e+02 1622141 
5.012e+02 5.248e+02 1779406 
5.248e+02 5.495e+02 1953613 
5.495e+02 5.754e+02 2138233 
5.754e+02 6.026e+02 2343280 
6.026e+02 6.310e+02 2570082 
6.310e+02 6.607e+02 2818785 
6.607e+02 6.918e+02 3087318 
6.918e+02 7.244e+02 3383193 
7.244e+02 7.586e+02 3713867 
7.586e+02 7.943e+02 4071923 
7.943e+02 8.318e+02 4463348 
8.318e+02 8.710e+02 4896617 
8.710e+02 9.120e+02 5367849 
9.120e+02 9.550e+02 5888179 
9.550e+02 1.000e+03 6446514 
1.000e+03 1.047e+03 7063542 
1.047e+03 1.096e+03 7751330 
1.096e+03 1.148e+03 8503466 
1.148e+03 1.202e+03 9315177 
1.202e+03 1.259e+03 10207841 
1.259e+03 1.318e+03 11183904 
1.318e+03 1.380e+03 12264498 
1.380e+03 1.445e+03 13448536 
1.445e+03 1.514e+03 14735471 
1.514e+03 1.585e+03 16148100 
1.585e+03 1.660e+03 17711262 
1.660e+03 1.738e+03 19408016 
1.738e+03 1.820e+03 21269016 
1.820e+03 1.905e+03 23293147 
1.905e+03 1.995e+03 25541277 
1.995e+03 2.089e+03 27986341 
2.089e+03 2.188e+03 30671499 
2.188e+03 2.291e+03 33624558 
2.291e+03 2.399e+03 36861167 
2.399e+03 2.512e+03 40382972 
2.512e+03 2.630e+03 44245931 
2.630e+03 2.754e+03 48487677 
2.754e+03 2.884e+03 53143061 
2.884e+03 3.020e+03 58231920 
3.020e+03 3.162e+03 63791672 
3.162e+03 3.311e+03 69891958 
3.311e+03 3.467e+03 76589928 
3.467e+03 3.631e+03 83905460 
3.631e+03 3.802e+03 91938323 
3.802e+03 3.981e+03 100692309 
3.981e+03 4.169e+03 110322622 
4.169e+03 4.365e+03 120838191 
4.365e+03 4.571e+03 132356741 
4.571e+03 4.786e+03 144970310 
4.786e+03 5.012e+03 158818203 
5.012e+03 5.248e+03 173853951 
5.248e+03 5.495e+03 190429164 
5.495e+03 5.754e+03 208552949 
5.754e+03 6.026e+03 228357533 
6.026e+03 6.310e+03 250051921 
6.310e+03 6.607e+03 273732827 
6.607e+03 6.918e+03 299747358 
6.918e+03 7.244e+03 328058508 
7.244e+03 7.586e+03 359047811 
7.586e+03 7.943e+03 393085526 
7.943e+03 8.318e+03 430143826 
8.318e+03 8.710e+03 470974495 
8.710e+03 9.120e+03 515371977 
9.120e+03 9.550e+03 564008726 
9.550e+03 1.000e+04 617186400 
1.000e+04 1.047e+04 675150585 
1.047e+04 1.096e+04 738520375 
1.096e+04 1.148e+04 807938181 
1.148e+04 1.202e+04 883722983 
1.202e+04 1.259e+04 966673134 
1.259e+04 1.318e+04 1057017954 
1.318e+04 1.380e+04 1155437616 
1.380e+04 1.445e+04 1262955795 
1.445e+04 1.514e+04 1380256374 
1.514e+04 1.585e+04 1508182807 
1.585e+04 1.660e+04 1647687323 
1.660e+04 1.738e+04 1799995820 
1.738e+04 1.820e+04 1965739306 
1.820e+04 1.905e+04 2146439337 
1.905e+04 1.995e+04 2343338925 
1.995e+04 2.089e+04 2557108797 
2.089e+04 2.188e+04 2789566018 
2.188e+04 2.291e+04 3043221547 
2.291e+04 2.399e+04 3318987297 
2.399e+04 2.512e+04 3618966541 
2.512e+04 2.630e+04 3944365632 
2.630e+04 2.754e+04 4297515236 
2.754e+04 2.884e+04 4681392915 
2.884e+04 3.020e+04 5097710804 
3.020e+04 3.162e+04 5548666836 
3.162e+04 3.311e+04 6036752045 
3.311e+04 3.467e+04 6565932856 
3.467e+04 3.631e+04 7138792635 
3.631e+04 3.802e+04 7758155392 
3.802e+04 3.981e+04 8428102879 
3.981e+04 4.169e+04 9149844633 
4.169e+04 4.365e+04 9925932334 
4.365e+04 4.571e+04 10759625042 
4.571e+04 4.786e+04 11653171523 
4.786e+04 5.012e+04 12613387973 
5.012e+04 5.248e+04 13642721173 
5.248e+04 5.495e+04 14740616558 
5.495e+04 5.754e+04 15913813632 
5.754e+04 6.026e+04 17158630373 
6.026e+04 6.310e+04 18472601674 
6.310e+04 6.607e+04 19859487805 
6.607e+04 6.918e+04 21328629995 
6.918e+04 7.244e+04 22879340447 
7.244e+04 7.586e+04 24516712847 
7.586e+04 7.943e+04 26245425683 
7.943e+04 8.318e+04 28060159916 
8.318e+04 8.710e+04 29953761603 
8.710e+04 9.120e+04 31928275157 
9.120e+04 9.550e+04 33965452712 
9.550e+04 1.000e+05 36048298513 
1.000e+05 1.047e+05 38157575019 
1.047e+05 1.096e+05 40300912598 
1.096e+05 1.148e+05 42463170831 
1.148e+05 1.202e+05 44581744305 
