1.000e+00 1.047e+00 67 
1.047e+00 1.096e+00 149 
1.096e+00 1.148e+00 199 
1.148e+00 1.202e+00 153 
1.202e+00 1.259e+00 150 
1.259e+00 1.318e+00 149 
1.318e+00 1.380e+00 129 
1.380e+00 1.445e+00 227 
1.445e+00 1.514e+00 350 
1.514e+00 1.585e+00 268 
1.585e+00 1.660e+00 248 
1.660e+00 1.738e+00 262 
1.738e+00 1.820e+00 381 
1.820e+00 1.905e+00 468 
1.905e+00 1.995e+00 395 
1.995e+00 2.089e+00 369 
2.089e+00 2.188e+00 587 
2.188e+00 2.291e+00 578 
2.291e+00 2.399e+00 558 
2.399e+00 2.512e+00 493 
2.512e+00 2.630e+00 905 
2.630e+00 2.754e+00 712 
2.754e+00 2.884e+00 802 
2.884e+00 3.020e+00 1049 
3.020e+00 3.162e+00 945 
3.162e+00 3.311e+00 1232 
3.311e+00 3.467e+00 1208 
3.467e+00 3.631e+00 1313 
3.631e+00 3.802e+00 1502 
3.802e+00 3.981e+00 1600 
3.981e+00 4.169e+00 1818 
4.169e+00 4.365e+00 1996 
4.365e+00 4.571e+00 1980 
4.571e+00 4.786e+00 2386 
4.786e+00 5.012e+00 2300 
5.012e+00 5.248e+00 2898 
5.248e+00 5.495e+00 2992 
5.495e+00 5.754e+00 2973 
5.754e+00 6.026e+00 3737 
6.026e+00 6.310e+00 4029 
6.310e+00 6.607e+00 4156 
6.607e+00 6.918e+00 4542 
6.918e+00 7.244e+00 4985 
7.244e+00 7.586e+00 5307 
7.586e+00 7.943e+00 5890 
7.943e+00 8.318e+00 6428 
8.318e+00 8.710e+00 6902 
8.710e+00 9.120e+00 7525 
9.120e+00 9.550e+00 7906 
9.550e+00 1.000e+01 8445 
1.000e+01 1.047e+01 9400 
1.047e+01 1.096e+01 10046 
1.096e+01 1.148e+01 10449 
1.148e+01 1.202e+01 11815 
1.202e+01 1.259e+01 12278 
1.259e+01 1.318e+01 13309 
1.318e+01 1.380e+01 14273 
1.380e+01 1.445e+01 15349 
1.445e+01 1.514e+01 16263 
1.514e+01 1.585e+01 17214 
1.585e+01 1.660e+01 18523 
1.660e+01 1.738e+01 19610 
1.738e+01 1.820e+01 20422 
1.820e+01 1.905e+01 21449 
1.905e+01 1.995e+01 22851 
1.995e+01 2.089e+01 23489 
2.089e+01 2.188e+01 25182 
2.188e+01 2.291e+01 26047 
2.291e+01 2.399e+01 27216 
2.399e+01 2.512e+01 28220 
2.512e+01 2.630e+01 29083 
2.630e+01 2.754e+01 30018 
2.754e+01 2.884e+01 31253 
2.884e+01 3.020e+01 32260 
3.020e+01 3.162e+01 33367 
3.162e+01 3.311e+01 34366 
3.311e+01 3.467e+01 35932 
3.467e+01 3.631e+01 36759 
3.631e+01 3.802e+01 38837 
3.802e+01 3.981e+01 39868 
3.981e+01 4.169e+01 42338 
4.169e+01 4.365e+01 44534 
4.365e+01 4.571e+01 46256 
4.571e+01 4.786e+01 48868 
4.786e+01 5.012e+01 52728 
5.012e+01 5.248e+01 55352 
5.248e+01 5.495e+01 58980 
5.495e+01 5.754e+01 63134 
5.754e+01 6.026e+01 67731 
6.026e+01 6.310e+01 71994 
6.310e+01 6.607e+01 77822 
6.607e+01 6.918e+01 83306 
6.918e+01 7.244e+01 89845 
7.244e+01 7.586e+01 96236 
7.586e+01 7.943e+01 104189 
7.943e+01 8.318e+01 111741 
8.318e+01 8.710e+01 120698 
8.710e+01 9.120e+01 129841 
9.120e+01 9.550e+01 138958 
9.550e+01 1.000e+02 149922 
1.000e+02 1.047e+02 161848 
1.047e+02 1.096e+02 173315 
1.096e+02 1.148e+02 186672 
1.148e+02 1.202e+02 201111 
1.202e+02 1.259e+02 216663 
1.259e+02 1.318e+02 232830 
1.318e+02 1.380e+02 250447 
1.380e+02 1.445e+02 270399 
1.445e+02 1.514e+02 289515 
1.514e+02 1.585e+02 310826 
1.585e+02 1.660e+02 335190 
1.660e+02 1.738e+02 360020 
1.738e+02 1.820e+02 388372 
1.820e+02 1.905e+02 419085 
1.905e+02 1.995e+02 452031 
1.995e+02 2.089e+02 486805 
2.089e+02 2.188e+02 524269 
2.188e+02 2.291e+02 564642 
2.291e+02 2.399e+02 608532 
2.399e+02 2.512e+02 656431 
2.512e+02 2.630e+02 708830 
2.630e+02 2.754e+02 764351 
2.754e+02 2.884e+02 827478 
2.884e+02 3.020e+02 894876 
3.020e+02 3.162e+02 965851 
3.162e+02 3.311e+02 1044752 
3.311e+02 3.467e+02 1129420 
3.467e+02 3.631e+02 1224841 
3.631e+02 3.802e+02 1323628 
3.802e+02 3.981e+02 1433247 
3.981e+02 4.169e+02 1553291 
4.169e+02 4.365e+02 1687029 
4.365e+02 4.571e+02 1830534 
4.571e+02 4.786e+02 1987097 
4.786e+02 5.012e+02 2157995 
5.012e+02 5.248e+02 2342153 
5.248e+02 5.495e+02 2538496 
5.495e+02 5.754e+02 2759602 
5.754e+02 6.026e+02 3000090 
6.026e+02 6.310e+02 3261809 
6.310e+02 6.607e+02 3547300 
6.607e+02 6.918e+02 3857431 
6.918e+02 7.244e+02 4194598 
7.244e+02 7.586e+02 4570730 
7.586e+02 7.943e+02 4976239 
7.943e+02 8.318e+02 5414345 
8.318e+02 8.710e+02 5895321 
8.710e+02 9.120e+02 6416233 
9.120e+02 9.550e+02 6971379 
9.550e+02 1.000e+03 7590460 
1.000e+03 1.047e+03 8255816 
1.047e+03 1.096e+03 8990309 
1.096e+03 1.148e+03 9772765 
1.148e+03 1.202e+03 10642766 
1.202e+03 1.259e+03 11588256 
1.259e+03 1.318e+03 12613905 
1.318e+03 1.380e+03 13745640 
1.380e+03 1.445e+03 14948310 
1.445e+03 1.514e+03 16293721 
1.514e+03 1.585e+03 17730790 
1.585e+03 1.660e+03 19329374 
1.660e+03 1.738e+03 21051928 
1.738e+03 1.820e+03 22939777 
1.820e+03 1.905e+03 24974812 
1.905e+03 1.995e+03 27200006 
1.995e+03 2.089e+03 29630612 
2.089e+03 2.188e+03 32306002 
2.188e+03 2.291e+03 35231550 
2.291e+03 2.399e+03 38363856 
2.399e+03 2.512e+03 41788484 
2.512e+03 2.630e+03 45529283 
2.630e+03 2.754e+03 49604192 
2.754e+03 2.884e+03 54048960 
2.884e+03 3.020e+03 58951094 
3.020e+03 3.162e+03 64247858 
3.162e+03 3.311e+03 70040871 
3.311e+03 3.467e+03 76366705 
3.467e+03 3.631e+03 83213851 
3.631e+03 3.802e+03 90772642 
3.802e+03 3.981e+03 98973978 
3.981e+03 4.169e+03 107818400 
4.169e+03 4.365e+03 117582347 
4.365e+03 4.571e+03 128202666 
4.571e+03 4.786e+03 139789097 
4.786e+03 5.012e+03 152593956 
5.012e+03 5.248e+03 166467995 
5.248e+03 5.495e+03 181724839 
5.495e+03 5.754e+03 198367222 
5.754e+03 6.026e+03 216434058 
6.026e+03 6.310e+03 236244416 
6.310e+03 6.607e+03 257858129 
6.607e+03 6.918e+03 281368175 
6.918e+03 7.244e+03 307029579 
7.244e+03 7.586e+03 335033862 
7.586e+03 7.943e+03 365610415 
7.943e+03 8.318e+03 399029706 
8.318e+03 8.710e+03 435812767 
8.710e+03 9.120e+03 475847632 
9.120e+03 9.550e+03 519411409 
9.550e+03 1.000e+04 566721358 
1.000e+04 1.047e+04 618619525 
1.047e+04 1.096e+04 675273695 
1.096e+04 1.148e+04 736906720 
1.148e+04 1.202e+04 804052049 
1.202e+04 1.259e+04 877820998 
1.259e+04 1.318e+04 958270969 
1.318e+04 1.380e+04 1045976467 
1.380e+04 1.445e+04 1141812048 
1.445e+04 1.514e+04 1245456857 
1.514e+04 1.585e+04 1357814204 
1.585e+04 1.660e+04 1481686872 
1.660e+04 1.738e+04 1616702265 
1.738e+04 1.820e+04 1764288359 
1.820e+04 1.905e+04 1924240154 
1.905e+04 1.995e+04 2097759888 
1.995e+04 2.089e+04 2287348916 
2.089e+04 2.188e+04 2494156280 
2.188e+04 2.291e+04 2716837708 
2.291e+04 2.399e+04 2960014568 
2.399e+04 2.512e+04 3223738605 
2.512e+04 2.630e+04 3512866875 
2.630e+04 2.754e+04 3827359236 
2.754e+04 2.884e+04 4170008603 
2.884e+04 3.020e+04 4541371444 
3.020e+04 3.162e+04 4945980742 
3.162e+04 3.311e+04 5385537450 
3.311e+04 3.467e+04 5858470842 
3.467e+04 3.631e+04 6367148633 
3.631e+04 3.802e+04 6917786495 
3.802e+04 3.981e+04 7519105257 
3.981e+04 4.169e+04 8179658601 
4.169e+04 4.365e+04 8896559322 
4.365e+04 4.571e+04 9658513454 
4.571e+04 4.786e+04 10456140821 
4.786e+04 5.012e+04 11303040579 
5.012e+04 5.248e+04 12219178259 
5.248e+04 5.495e+04 13200287685 
5.495e+04 5.754e+04 14242766636 
5.754e+04 6.026e+04 15353911835 
6.026e+04 6.310e+04 16522275047 
6.310e+04 6.607e+04 17754930064 
6.607e+04 6.918e+04 19051671302 
6.918e+04 7.244e+04 20409672286 
7.244e+04 7.586e+04 21830221187 
7.586e+04 7.943e+04 23374962285 
7.943e+04 8.318e+04 25050076202 
8.318e+04 8.710e+04 26783288486 
8.710e+04 9.120e+04 28547157589 
9.120e+04 9.550e+04 30372617840 
9.550e+04 1.000e+05 32279973326 
1.000e+05 1.047e+05 34224450135 
1.047e+05 1.096e+05 36090894011 
1.096e+05 1.148e+05 37993200390 
1.148e+05 1.202e+05 39872887593 
