1.000e+00 1.047e+00 2 
1.047e+00 1.096e+00 5 
1.096e+00 1.148e+00 1 
1.148e+00 1.202e+00 4 
1.202e+00 1.259e+00 1 
1.259e+00 1.318e+00 4 
1.318e+00 1.380e+00 1 
1.380e+00 1.445e+00 5 
1.445e+00 1.514e+00 5 
1.514e+00 1.585e+00 5 
1.585e+00 1.660e+00 5 
1.660e+00 1.738e+00 5 
1.738e+00 1.820e+00 12 
1.820e+00 1.905e+00 6 
1.905e+00 1.995e+00 6 
1.995e+00 2.089e+00 12 
2.089e+00 2.188e+00 12 
2.188e+00 2.291e+00 13 
2.291e+00 2.399e+00 6 
2.399e+00 2.512e+00 14 
2.512e+00 2.630e+00 19 
2.630e+00 2.754e+00 16 
2.754e+00 2.884e+00 17 
2.884e+00 3.020e+00 19 
3.020e+00 3.162e+00 23 
3.162e+00 3.311e+00 32 
3.311e+00 3.467e+00 24 
3.467e+00 3.631e+00 23 
3.631e+00 3.802e+00 37 
3.802e+00 3.981e+00 31 
3.981e+00 4.169e+00 41 
4.169e+00 4.365e+00 38 
4.365e+00 4.571e+00 46 
4.571e+00 4.786e+00 42 
4.786e+00 5.012e+00 48 
5.012e+00 5.248e+00 59 
5.248e+00 5.495e+00 61 
5.495e+00 5.754e+00 64 
5.754e+00 6.026e+00 89 
6.026e+00 6.310e+00 89 
6.310e+00 6.607e+00 80 
6.607e+00 6.918e+00 104 
6.918e+00 7.244e+00 108 
7.244e+00 7.586e+00 124 
7.586e+00 7.943e+00 152 
7.943e+00 8.318e+00 133 
8.318e+00 8.710e+00 162 
8.710e+00 9.120e+00 162 
9.120e+00 9.550e+00 165 
9.550e+00 1.000e+01 202 
1.000e+01 1.047e+01 234 
1.047e+01 1.096e+01 267 
1.096e+01 1.148e+01 254 
1.148e+01 1.202e+01 314 
1.202e+01 1.259e+01 302 
1.259e+01 1.318e+01 381 
1.318e+01 1.380e+01 364 
1.380e+01 1.445e+01 425 
1.445e+01 1.514e+01 445 
1.514e+01 1.585e+01 534 
1.585e+01 1.660e+01 549 
1.660e+01 1.738e+01 656 
1.738e+01 1.820e+01 683 
1.820e+01 1.905e+01 742 
1.905e+01 1.995e+01 845 
1.995e+01 2.089e+01 931 
2.089e+01 2.188e+01 982 
2.188e+01 2.291e+01 1121 
2.291e+01 2.399e+01 1245 
2.399e+01 2.512e+01 1338 
2.512e+01 2.630e+01 1465 
2.630e+01 2.754e+01 1545 
2.754e+01 2.884e+01 1751 
2.884e+01 3.020e+01 1951 
3.020e+01 3.162e+01 2129 
3.162e+01 3.311e+01 2218 
3.311e+01 3.467e+01 2497 
3.467e+01 3.631e+01 2711 
3.631e+01 3.802e+01 3059 
3.802e+01 3.981e+01 3284 
3.981e+01 4.169e+01 3637 
4.169e+01 4.365e+01 3901 
4.365e+01 4.571e+01 4331 
4.571e+01 4.786e+01 4815 
4.786e+01 5.012e+01 5295 
5.012e+01 5.248e+01 5706 
5.248e+01 5.495e+01 6327 
5.495e+01 5.754e+01 6848 
5.754e+01 6.026e+01 7502 
6.026e+01 6.310e+01 8192 
6.310e+01 6.607e+01 8997 
6.607e+01 6.918e+01 10001 
6.918e+01 7.244e+01 10897 
7.244e+01 7.586e+01 12005 
7.586e+01 7.943e+01 13111 
7.943e+01 8.318e+01 14325 
8.318e+01 8.710e+01 15535 
8.710e+01 9.120e+01 17336 
9.120e+01 9.550e+01 18880 
9.550e+01 1.000e+02 20470 
1.000e+02 1.047e+02 22493 
1.047e+02 1.096e+02 24878 
1.096e+02 1.148e+02 27192 
1.148e+02 1.202e+02 29897 
1.202e+02 1.259e+02 32429 
1.259e+02 1.318e+02 35849 
1.318e+02 1.380e+02 39464 
1.380e+02 1.445e+02 43325 
1.445e+02 1.514e+02 47316 
1.514e+02 1.585e+02 51730 
1.585e+02 1.660e+02 56770 
1.660e+02 1.738e+02 61962 
1.738e+02 1.820e+02 68533 
1.820e+02 1.905e+02 75121 
1.905e+02 1.995e+02 82252 
1.995e+02 2.089e+02 90216 
2.089e+02 2.188e+02 98431 
2.188e+02 2.291e+02 108170 
2.291e+02 2.399e+02 118547 
2.399e+02 2.512e+02 130338 
2.512e+02 2.630e+02 142768 
2.630e+02 2.754e+02 157568 
2.754e+02 2.884e+02 171533 
2.884e+02 3.020e+02 188834 
3.020e+02 3.162e+02 206481 
3.162e+02 3.311e+02 226073 
3.311e+02 3.467e+02 247434 
3.467e+02 3.631e+02 271675 
3.631e+02 3.802e+02 298501 
3.802e+02 3.981e+02 326787 
3.981e+02 4.169e+02 357734 
4.169e+02 4.365e+02 394401 
4.365e+02 4.571e+02 431808 
4.571e+02 4.786e+02 472924 
4.786e+02 5.012e+02 519330 
5.012e+02 5.248e+02 567585 
5.248e+02 5.495e+02 622831 
5.495e+02 5.754e+02 682453 
5.754e+02 6.026e+02 748792 
6.026e+02 6.310e+02 822451 
6.310e+02 6.607e+02 899714 
6.607e+02 6.918e+02 985805 
6.918e+02 7.244e+02 1083230 
7.244e+02 7.586e+02 1187076 
7.586e+02 7.943e+02 1299548 
7.943e+02 8.318e+02 1424899 
8.318e+02 8.710e+02 1562616 
8.710e+02 9.120e+02 1714233 
9.120e+02 9.550e+02 1879461 
9.550e+02 1.000e+03 2059872 
1.000e+03 1.047e+03 2257385 
1.047e+03 1.096e+03 2475673 
1.096e+03 1.148e+03 2712469 
1.148e+03 1.202e+03 2972938 
1.202e+03 1.259e+03 3258596 
1.259e+03 1.318e+03 3575356 
1.318e+03 1.380e+03 3915175 
1.380e+03 1.445e+03 4293737 
1.445e+03 1.514e+03 4705761 
1.514e+03 1.585e+03 5155036 
1.585e+03 1.660e+03 5654815 
1.660e+03 1.738e+03 6196239 
1.738e+03 1.820e+03 6791451 
1.820e+03 1.905e+03 7444615 
1.905e+03 1.995e+03 8161368 
1.995e+03 2.089e+03 8944569 
2.089e+03 2.188e+03 9793638 
2.188e+03 2.291e+03 10745071 
2.291e+03 2.399e+03 11770063 
2.399e+03 2.512e+03 12898630 
2.512e+03 2.630e+03 14136103 
2.630e+03 2.754e+03 15490720 
2.754e+03 2.884e+03 16980371 
2.884e+03 3.020e+03 18606157 
3.020e+03 3.162e+03 20383612 
3.162e+03 3.311e+03 22336623 
3.311e+03 3.467e+03 24470293 
3.467e+03 3.631e+03 26805503 
3.631e+03 3.802e+03 29378519 
3.802e+03 3.981e+03 32175430 
3.981e+03 4.169e+03 35249377 
4.169e+03 4.365e+03 38625846 
4.365e+03 4.571e+03 42298110 
4.571e+03 4.786e+03 46332998 
4.786e+03 5.012e+03 50758048 
5.012e+03 5.248e+03 55590158 
5.248e+03 5.495e+03 60879783 
5.495e+03 5.754e+03 66673181 
5.754e+03 6.026e+03 73021864 
6.026e+03 6.310e+03 79950685 
6.310e+03 6.607e+03 87540717 
6.607e+03 6.918e+03 95852893 
6.918e+03 7.244e+03 104950517 
7.244e+03 7.586e+03 114884574 
7.586e+03 7.943e+03 125760447 
7.943e+03 8.318e+03 137635609 
8.318e+03 8.710e+03 150638299 
8.710e+03 9.120e+03 164865981 
9.120e+03 9.550e+03 180379854 
9.550e+03 1.000e+04 197379140 
1.000e+04 1.047e+04 215948382 
1.047e+04 1.096e+04 236229206 
1.096e+04 1.148e+04 258350789 
1.148e+04 1.202e+04 282581604 
1.202e+04 1.259e+04 308987369 
1.259e+04 1.318e+04 337840041 
1.318e+04 1.380e+04 369299730 
1.380e+04 1.445e+04 403652332 
1.445e+04 1.514e+04 441130896 
1.514e+04 1.585e+04 481980115 
1.585e+04 1.660e+04 526565289 
1.660e+04 1.738e+04 575140348 
1.738e+04 1.820e+04 628092997 
1.820e+04 1.905e+04 685758397 
1.905e+04 1.995e+04 748575824 
1.995e+04 2.089e+04 816944606 
2.089e+04 2.188e+04 891287774 
2.188e+04 2.291e+04 972220350 
2.291e+04 2.399e+04 1060085787 
2.399e+04 2.512e+04 1155786305 
2.512e+04 2.630e+04 1259729615 
2.630e+04 2.754e+04 1372406996 
2.754e+04 2.884e+04 1494832863 
2.884e+04 3.020e+04 1627485671 
3.020e+04 3.162e+04 1771217861 
3.162e+04 3.311e+04 1926975030 
3.311e+04 3.467e+04 2095518139 
3.467e+04 3.631e+04 2277705654 
3.631e+04 3.802e+04 2474820147 
3.802e+04 3.981e+04 2687390669 
3.981e+04 4.169e+04 2916492168 
4.169e+04 4.365e+04 3163466158 
4.365e+04 4.571e+04 3429040488 
4.571e+04 4.786e+04 3714499114 
4.786e+04 5.012e+04 4020988813 
5.012e+04 5.248e+04 4349552216 
5.248e+04 5.495e+04 4701089092 
5.495e+04 5.754e+04 5076492352 
5.754e+04 6.026e+04 5477006617 
6.026e+04 6.310e+04 5902801539 
6.310e+04 6.607e+04 6355593723 
6.607e+04 6.918e+04 6835463915 
6.918e+04 7.244e+04 7342332935 
7.244e+04 7.586e+04 7876245239 
7.586e+04 7.943e+04 8436258384 
7.943e+04 8.318e+04 9022764983 
8.318e+04 8.710e+04 9634500426 
8.710e+04 9.120e+04 10268483936 
9.120e+04 9.550e+04 10923252096 
9.550e+04 1.000e+05 11593892199 
1.000e+05 1.047e+05 12277003370 
1.047e+05 1.096e+05 12965755434 
1.096e+05 1.148e+05 13654207756 
1.148e+05 1.202e+05 14332427433 
