1.000e+00 1.047e+00 9153431 
1.047e+00 1.096e+00 9963913 
1.096e+00 1.148e+00 10849103 
1.148e+00 1.202e+00 11805914 
1.202e+00 1.259e+00 12857284 
1.259e+00 1.318e+00 13968877 
1.318e+00 1.380e+00 15197413 
1.380e+00 1.445e+00 16516070 
1.445e+00 1.514e+00 17960573 
1.514e+00 1.585e+00 19540920 
1.585e+00 1.660e+00 21259387 
1.660e+00 1.738e+00 23108684 
1.738e+00 1.820e+00 25121621 
1.820e+00 1.905e+00 27312449 
1.905e+00 1.995e+00 29704531 
1.995e+00 2.089e+00 32309754 
2.089e+00 2.188e+00 35141172 
2.188e+00 2.291e+00 38176735 
2.291e+00 2.399e+00 41483006 
2.399e+00 2.512e+00 45042899 
2.512e+00 2.630e+00 48931118 
2.630e+00 2.754e+00 53190480 
2.754e+00 2.884e+00 57771725 
2.884e+00 3.020e+00 62787459 
3.020e+00 3.162e+00 68246393 
3.162e+00 3.311e+00 74151272 
3.311e+00 3.467e+00 80572316 
3.467e+00 3.631e+00 87493426 
3.631e+00 3.802e+00 95005995 
3.802e+00 3.981e+00 103221200 
3.981e+00 4.169e+00 112045267 
4.169e+00 4.365e+00 121591467 
4.365e+00 4.571e+00 132080264 
4.571e+00 4.786e+00 143263184 
4.786e+00 5.012e+00 155390183 
5.012e+00 5.248e+00 168682202 
5.248e+00 5.495e+00 182985099 
5.495e+00 5.754e+00 198404075 
5.754e+00 6.026e+00 215213106 
6.026e+00 6.310e+00 233301325 
6.310e+00 6.607e+00 253101421 
6.607e+00 6.918e+00 274483424 
6.918e+00 7.244e+00 297546019 
7.244e+00 7.586e+00 322614708 
7.586e+00 7.943e+00 349780194 
7.943e+00 8.318e+00 379224351 
8.318e+00 8.710e+00 410853837 
8.710e+00 9.120e+00 445190892 
9.120e+00 9.550e+00 482266639 
9.550e+00 1.000e+01 522266041 
1.000e+01 1.047e+01 565764867 
1.047e+01 1.096e+01 612874977 
1.096e+01 1.148e+01 663890054 
1.148e+01 1.202e+01 718784726 
1.202e+01 1.259e+01 778033268 
1.259e+01 1.318e+01 841659155 
1.318e+01 1.380e+01 910315976 
1.380e+01 1.445e+01 984665968 
1.445e+01 1.514e+01 1065235381 
1.514e+01 1.585e+01 1151729780 
1.585e+01 1.660e+01 1245296369 
1.660e+01 1.738e+01 1346671756 
1.738e+01 1.820e+01 1455474598 
1.820e+01 1.905e+01 1572991907 
1.905e+01 1.995e+01 1699273330 
1.995e+01 2.089e+01 1834370991 
2.089e+01 2.188e+01 1979917642 
2.188e+01 2.291e+01 2137265418 
2.291e+01 2.399e+01 2305232465 
2.399e+01 2.512e+01 2485338776 
2.512e+01 2.630e+01 2680115959 
2.630e+01 2.754e+01 2888888338 
2.754e+01 2.884e+01 3112093341 
2.884e+01 3.020e+01 3352184202 
3.020e+01 3.162e+01 3609761356 
3.162e+01 3.311e+01 3883912517 
3.311e+01 3.467e+01 4177152505 
3.467e+01 3.631e+01 4491333796 
3.631e+01 3.802e+01 4827660253 
3.802e+01 3.981e+01 5184820086 
3.981e+01 4.169e+01 5563805204 
4.169e+01 4.365e+01 5967977490 
4.365e+01 4.571e+01 6398081618 
4.571e+01 4.786e+01 6852139478 
4.786e+01 5.012e+01 7335733571 
5.012e+01 5.248e+01 7846844415 
5.248e+01 5.495e+01 8388133621 
5.495e+01 5.754e+01 8953675342 
5.754e+01 6.026e+01 9546100670 
6.026e+01 6.310e+01 10168078009 
6.310e+01 6.607e+01 10817089032 
6.607e+01 6.918e+01 11491196537 
6.918e+01 7.244e+01 12193192770 
7.244e+01 7.586e+01 12915810557 
7.586e+01 7.943e+01 13653745937 
7.943e+01 8.318e+01 14394244402 
8.318e+01 8.710e+01 15142495974 
8.710e+01 9.120e+01 15887970850 
9.120e+01 9.550e+01 16617064522 
9.550e+01 1.000e+02 17321309724 
1.000e+02 1.047e+02 17986359327 
1.047e+02 1.096e+02 18574701940 
1.096e+02 1.148e+02 19064960614 
1.148e+02 1.202e+02 19442012202 
1.202e+02 1.259e+02 19659913829 
1.259e+02 1.318e+02 19656795332 
1.318e+02 1.380e+02 19372358936 
1.380e+02 1.445e+02 18733756214 
1.445e+02 1.514e+02 17610704755 
1.514e+02 1.585e+02 15854713181 
1.585e+02 1.660e+02 13215186950 
1.660e+02 1.738e+02 9244443240 
1.738e+02 1.820e+02 2875058532 
1.820e+02 1.905e+02 0 
1.905e+02 1.995e+02 0 
1.995e+02 2.089e+02 0 
2.089e+02 2.188e+02 0 
2.188e+02 2.291e+02 0 
2.291e+02 2.399e+02 0 
2.399e+02 2.512e+02 0 
2.512e+02 2.630e+02 0 
2.630e+02 2.754e+02 0 
2.754e+02 2.884e+02 0 
2.884e+02 3.020e+02 0 
3.020e+02 3.162e+02 0 
3.162e+02 3.311e+02 0 
3.311e+02 3.467e+02 0 
3.467e+02 3.631e+02 0 
3.631e+02 3.802e+02 0 
3.802e+02 3.981e+02 0 
3.981e+02 4.169e+02 0 
4.169e+02 4.365e+02 0 
4.365e+02 4.571e+02 0 
4.571e+02 4.786e+02 0 
4.786e+02 5.012e+02 0 
5.012e+02 5.248e+02 0 
5.248e+02 5.495e+02 0 
5.495e+02 5.754e+02 0 
5.754e+02 6.026e+02 0 
6.026e+02 6.310e+02 0 
6.310e+02 6.607e+02 0 
6.607e+02 6.918e+02 0 
6.918e+02 7.244e+02 0 
7.244e+02 7.586e+02 0 
7.586e+02 7.943e+02 0 
7.943e+02 8.318e+02 0 
8.318e+02 8.710e+02 0 
8.710e+02 9.120e+02 0 
9.120e+02 9.550e+02 0 
9.550e+02 1.000e+03 0 
1.000e+03 1.047e+03 0 
1.047e+03 1.096e+03 0 
1.096e+03 1.148e+03 0 
1.148e+03 1.202e+03 0 
1.202e+03 1.259e+03 0 
1.259e+03 1.318e+03 0 
1.318e+03 1.380e+03 0 
1.380e+03 1.445e+03 0 
1.445e+03 1.514e+03 0 
1.514e+03 1.585e+03 0 
1.585e+03 1.660e+03 0 
1.660e+03 1.738e+03 0 
1.738e+03 1.820e+03 0 
1.820e+03 1.905e+03 0 
1.905e+03 1.995e+03 0 
1.995e+03 2.089e+03 0 
2.089e+03 2.188e+03 0 
2.188e+03 2.291e+03 0 
2.291e+03 2.399e+03 0 
2.399e+03 2.512e+03 0 
2.512e+03 2.630e+03 0 
2.630e+03 2.754e+03 0 
2.754e+03 2.884e+03 0 
2.884e+03 3.020e+03 0 
3.020e+03 3.162e+03 0 
3.162e+03 3.311e+03 0 
3.311e+03 3.467e+03 0 
3.467e+03 3.631e+03 0 
3.631e+03 3.802e+03 0 
3.802e+03 3.981e+03 0 
3.981e+03 4.169e+03 0 
4.169e+03 4.365e+03 0 
4.365e+03 4.571e+03 0 
4.571e+03 4.786e+03 0 
4.786e+03 5.012e+03 0 
5.012e+03 5.248e+03 0 
5.248e+03 5.495e+03 0 
5.495e+03 5.754e+03 0 
5.754e+03 6.026e+03 0 
6.026e+03 6.310e+03 0 
6.310e+03 6.607e+03 0 
6.607e+03 6.918e+03 0 
6.918e+03 7.244e+03 0 
7.244e+03 7.586e+03 0 
7.586e+03 7.943e+03 0 
7.943e+03 8.318e+03 0 
8.318e+03 8.710e+03 0 
8.710e+03 9.120e+03 0 
9.120e+03 9.550e+03 0 
9.550e+03 1.000e+04 0 
1.000e+04 1.047e+04 0 
1.047e+04 1.096e+04 0 
1.096e+04 1.148e+04 0 
1.148e+04 1.202e+04 0 
1.202e+04 1.259e+04 0 
1.259e+04 1.318e+04 0 
1.318e+04 1.380e+04 0 
1.380e+04 1.445e+04 0 
1.445e+04 1.514e+04 0 
1.514e+04 1.585e+04 0 
1.585e+04 1.660e+04 0 
1.660e+04 1.738e+04 0 
1.738e+04 1.820e+04 0 
1.820e+04 1.905e+04 0 
1.905e+04 1.995e+04 0 
1.995e+04 2.089e+04 0 
2.089e+04 2.188e+04 0 
2.188e+04 2.291e+04 0 
2.291e+04 2.399e+04 0 
2.399e+04 2.512e+04 0 
2.512e+04 2.630e+04 0 
2.630e+04 2.754e+04 0 
2.754e+04 2.884e+04 0 
2.884e+04 3.020e+04 0 
3.020e+04 3.162e+04 0 
3.162e+04 3.311e+04 0 
3.311e+04 3.467e+04 0 
3.467e+04 3.631e+04 0 
3.631e+04 3.802e+04 0 
3.802e+04 3.981e+04 0 
3.981e+04 4.169e+04 0 
4.169e+04 4.365e+04 0 
4.365e+04 4.571e+04 0 
4.571e+04 4.786e+04 0 
4.786e+04 5.012e+04 0 
5.012e+04 5.248e+04 0 
5.248e+04 5.495e+04 0 
5.495e+04 5.754e+04 0 
5.754e+04 6.026e+04 0 
6.026e+04 6.310e+04 0 
6.310e+04 6.607e+04 0 
6.607e+04 6.918e+04 0 
6.918e+04 7.244e+04 0 
7.244e+04 7.586e+04 0 
7.586e+04 7.943e+04 0 
7.943e+04 8.318e+04 0 
8.318e+04 8.710e+04 0 
8.710e+04 9.120e+04 0 
9.120e+04 9.550e+04 0 
9.550e+04 1.000e+05 0 
1.000e+05 1.047e+05 0 
1.047e+05 1.096e+05 0 
1.096e+05 1.148e+05 0 
1.148e+05 1.202e+05 0 
