1.000e+00 1.047e+00 9115824 
1.047e+00 1.096e+00 9929464 
1.096e+00 1.148e+00 10805881 
1.148e+00 1.202e+00 11757546 
1.202e+00 1.259e+00 12785694 
1.259e+00 1.318e+00 13897546 
1.318e+00 1.380e+00 15123721 
1.380e+00 1.445e+00 16447558 
1.445e+00 1.514e+00 17892758 
1.514e+00 1.585e+00 19466944 
1.585e+00 1.660e+00 21162942 
1.660e+00 1.738e+00 23001840 
1.738e+00 1.820e+00 25015470 
1.820e+00 1.905e+00 27223729 
1.905e+00 1.995e+00 29599305 
1.995e+00 2.089e+00 32162522 
2.089e+00 2.188e+00 34949852 
2.188e+00 2.291e+00 37959669 
2.291e+00 2.399e+00 41259362 
2.399e+00 2.512e+00 44815696 
2.512e+00 2.630e+00 48679274 
2.630e+00 2.754e+00 52969746 
2.754e+00 2.884e+00 57543867 
2.884e+00 3.020e+00 62520971 
3.020e+00 3.162e+00 67939819 
3.162e+00 3.311e+00 73852290 
3.311e+00 3.467e+00 80261401 
3.467e+00 3.631e+00 87197686 
3.631e+00 3.802e+00 94594534 
3.802e+00 3.981e+00 102760647 
3.981e+00 4.169e+00 111616699 
4.169e+00 4.365e+00 121114337 
4.365e+00 4.571e+00 131508149 
4.571e+00 4.786e+00 142865120 
4.786e+00 5.012e+00 155123992 
5.012e+00 5.248e+00 168364185 
5.248e+00 5.495e+00 182605452 
5.495e+00 5.754e+00 198029897 
5.754e+00 6.026e+00 214882699 
6.026e+00 6.310e+00 233197954 
6.310e+00 6.607e+00 252807570 
6.607e+00 6.918e+00 274185847 
6.918e+00 7.244e+00 297059018 
7.244e+00 7.586e+00 321920306 
7.586e+00 7.943e+00 348876035 
7.943e+00 8.318e+00 378289410 
8.318e+00 8.710e+00 410174882 
8.710e+00 9.120e+00 444758041 
9.120e+00 9.550e+00 481896712 
9.550e+00 1.000e+01 521916872 
1.000e+01 1.047e+01 565180541 
1.047e+01 1.096e+01 612023349 
1.096e+01 1.148e+01 662520182 
1.148e+01 1.202e+01 717543941 
1.202e+01 1.259e+01 776343254 
1.259e+01 1.318e+01 840465753 
1.318e+01 1.380e+01 909254989 
1.380e+01 1.445e+01 983498167 
1.445e+01 1.514e+01 1064163227 
1.514e+01 1.585e+01 1150823160 
1.585e+01 1.660e+01 1243887355 
1.660e+01 1.738e+01 1344535784 
1.738e+01 1.820e+01 1453174678 
1.820e+01 1.905e+01 1570273001 
1.905e+01 1.995e+01 1696196942 
1.995e+01 2.089e+01 1832441399 
2.089e+01 2.188e+01 1978855850 
2.188e+01 2.291e+01 2135843648 
2.291e+01 2.399e+01 2305046538 
2.399e+01 2.512e+01 2486552777 
2.512e+01 2.630e+01 2680934007 
2.630e+01 2.754e+01 2888379364 
2.754e+01 2.884e+01 3110916223 
2.884e+01 3.020e+01 3349985250 
3.020e+01 3.162e+01 3607250088 
3.162e+01 3.311e+01 3881210048 
3.311e+01 3.467e+01 4175179075 
3.467e+01 3.631e+01 4490657826 
3.631e+01 3.802e+01 4827041404 
3.802e+01 3.981e+01 5183608910 
3.981e+01 4.169e+01 5564657093 
4.169e+01 4.365e+01 5968959925 
4.365e+01 4.571e+01 6397525095 
4.571e+01 4.786e+01 6855129474 
4.786e+01 5.012e+01 7339259267 
5.012e+01 5.248e+01 7849825607 
5.248e+01 5.495e+01 8386008062 
5.495e+01 5.754e+01 8952483806 
5.754e+01 6.026e+01 9545619818 
6.026e+01 6.310e+01 10168851220 
6.310e+01 6.607e+01 10817173834 
6.607e+01 6.918e+01 11492962962 
6.918e+01 7.244e+01 12191740230 
7.244e+01 7.586e+01 12917068835 
7.586e+01 7.943e+01 13654272260 
7.943e+01 8.318e+01 14399814409 
8.318e+01 8.710e+01 15151251393 
8.710e+01 9.120e+01 15890208389 
9.120e+01 9.550e+01 16626111721 
9.550e+01 1.000e+02 17330447091 
1.000e+02 1.047e+02 17989782490 
1.047e+02 1.096e+02 18575997347 
1.096e+02 1.148e+02 19069404536 
1.148e+02 1.202e+02 19446361561 
1.202e+02 1.259e+02 19661352087 
1.259e+02 1.318e+02 19666554077 
1.318e+02 1.380e+02 19381974354 
1.380e+02 1.445e+02 18738723640 
1.445e+02 1.514e+02 17607294591 
1.514e+02 1.585e+02 15858197729 
1.585e+02 1.660e+02 13203123123 
1.660e+02 1.738e+02 9233868541 
1.738e+02 1.820e+02 2866897493 
1.820e+02 1.905e+02 0 
1.905e+02 1.995e+02 0 
1.995e+02 2.089e+02 0 
2.089e+02 2.188e+02 0 
2.188e+02 2.291e+02 0 
2.291e+02 2.399e+02 0 
2.399e+02 2.512e+02 0 
2.512e+02 2.630e+02 0 
2.630e+02 2.754e+02 0 
2.754e+02 2.884e+02 0 
2.884e+02 3.020e+02 0 
3.020e+02 3.162e+02 0 
3.162e+02 3.311e+02 0 
3.311e+02 3.467e+02 0 
3.467e+02 3.631e+02 0 
3.631e+02 3.802e+02 0 
3.802e+02 3.981e+02 0 
3.981e+02 4.169e+02 0 
4.169e+02 4.365e+02 0 
4.365e+02 4.571e+02 0 
4.571e+02 4.786e+02 0 
4.786e+02 5.012e+02 0 
5.012e+02 5.248e+02 0 
5.248e+02 5.495e+02 0 
5.495e+02 5.754e+02 0 
5.754e+02 6.026e+02 0 
6.026e+02 6.310e+02 0 
6.310e+02 6.607e+02 0 
6.607e+02 6.918e+02 0 
6.918e+02 7.244e+02 0 
7.244e+02 7.586e+02 0 
7.586e+02 7.943e+02 0 
7.943e+02 8.318e+02 0 
8.318e+02 8.710e+02 0 
8.710e+02 9.120e+02 0 
9.120e+02 9.550e+02 0 
9.550e+02 1.000e+03 0 
1.000e+03 1.047e+03 0 
1.047e+03 1.096e+03 0 
1.096e+03 1.148e+03 0 
1.148e+03 1.202e+03 0 
1.202e+03 1.259e+03 0 
1.259e+03 1.318e+03 0 
1.318e+03 1.380e+03 0 
1.380e+03 1.445e+03 0 
1.445e+03 1.514e+03 0 
1.514e+03 1.585e+03 0 
1.585e+03 1.660e+03 0 
1.660e+03 1.738e+03 0 
1.738e+03 1.820e+03 0 
1.820e+03 1.905e+03 0 
1.905e+03 1.995e+03 0 
1.995e+03 2.089e+03 0 
2.089e+03 2.188e+03 0 
2.188e+03 2.291e+03 0 
2.291e+03 2.399e+03 0 
2.399e+03 2.512e+03 0 
2.512e+03 2.630e+03 0 
2.630e+03 2.754e+03 0 
2.754e+03 2.884e+03 0 
2.884e+03 3.020e+03 0 
3.020e+03 3.162e+03 0 
3.162e+03 3.311e+03 0 
3.311e+03 3.467e+03 0 
3.467e+03 3.631e+03 0 
3.631e+03 3.802e+03 0 
3.802e+03 3.981e+03 0 
3.981e+03 4.169e+03 0 
4.169e+03 4.365e+03 0 
4.365e+03 4.571e+03 0 
4.571e+03 4.786e+03 0 
4.786e+03 5.012e+03 0 
5.012e+03 5.248e+03 0 
5.248e+03 5.495e+03 0 
5.495e+03 5.754e+03 0 
5.754e+03 6.026e+03 0 
6.026e+03 6.310e+03 0 
6.310e+03 6.607e+03 0 
6.607e+03 6.918e+03 0 
6.918e+03 7.244e+03 0 
7.244e+03 7.586e+03 0 
7.586e+03 7.943e+03 0 
7.943e+03 8.318e+03 0 
8.318e+03 8.710e+03 0 
8.710e+03 9.120e+03 0 
9.120e+03 9.550e+03 0 
9.550e+03 1.000e+04 0 
1.000e+04 1.047e+04 0 
1.047e+04 1.096e+04 0 
1.096e+04 1.148e+04 0 
1.148e+04 1.202e+04 0 
1.202e+04 1.259e+04 0 
1.259e+04 1.318e+04 0 
1.318e+04 1.380e+04 0 
1.380e+04 1.445e+04 0 
1.445e+04 1.514e+04 0 
1.514e+04 1.585e+04 0 
1.585e+04 1.660e+04 0 
1.660e+04 1.738e+04 0 
1.738e+04 1.820e+04 0 
1.820e+04 1.905e+04 0 
1.905e+04 1.995e+04 0 
1.995e+04 2.089e+04 0 
2.089e+04 2.188e+04 0 
2.188e+04 2.291e+04 0 
2.291e+04 2.399e+04 0 
2.399e+04 2.512e+04 0 
2.512e+04 2.630e+04 0 
2.630e+04 2.754e+04 0 
2.754e+04 2.884e+04 0 
2.884e+04 3.020e+04 0 
3.020e+04 3.162e+04 0 
3.162e+04 3.311e+04 0 
3.311e+04 3.467e+04 0 
3.467e+04 3.631e+04 0 
3.631e+04 3.802e+04 0 
3.802e+04 3.981e+04 0 
3.981e+04 4.169e+04 0 
4.169e+04 4.365e+04 0 
4.365e+04 4.571e+04 0 
4.571e+04 4.786e+04 0 
4.786e+04 5.012e+04 0 
5.012e+04 5.248e+04 0 
5.248e+04 5.495e+04 0 
5.495e+04 5.754e+04 0 
5.754e+04 6.026e+04 0 
6.026e+04 6.310e+04 0 
6.310e+04 6.607e+04 0 
6.607e+04 6.918e+04 0 
6.918e+04 7.244e+04 0 
7.244e+04 7.586e+04 0 
7.586e+04 7.943e+04 0 
7.943e+04 8.318e+04 0 
8.318e+04 8.710e+04 0 
8.710e+04 9.120e+04 0 
9.120e+04 9.550e+04 0 
9.550e+04 1.000e+05 0 
1.000e+05 1.047e+05 0 
1.047e+05 1.096e+05 0 
1.096e+05 1.148e+05 0 
1.148e+05 1.202e+05 0 
