1.000e+00 1.047e+00 2 
1.047e+00 1.096e+00 3 
1.096e+00 1.148e+00 7 
1.148e+00 1.202e+00 6 
1.202e+00 1.259e+00 6 
1.259e+00 1.318e+00 9 
1.318e+00 1.380e+00 8 
1.380e+00 1.445e+00 5 
1.445e+00 1.514e+00 10 
1.514e+00 1.585e+00 12 
1.585e+00 1.660e+00 9 
1.660e+00 1.738e+00 9 
1.738e+00 1.820e+00 12 
1.820e+00 1.905e+00 13 
1.905e+00 1.995e+00 18 
1.995e+00 2.089e+00 15 
2.089e+00 2.188e+00 20 
2.188e+00 2.291e+00 15 
2.291e+00 2.399e+00 18 
2.399e+00 2.512e+00 18 
2.512e+00 2.630e+00 23 
2.630e+00 2.754e+00 27 
2.754e+00 2.884e+00 35 
2.884e+00 3.020e+00 35 
3.020e+00 3.162e+00 37 
3.162e+00 3.311e+00 39 
3.311e+00 3.467e+00 46 
3.467e+00 3.631e+00 52 
3.631e+00 3.802e+00 57 
3.802e+00 3.981e+00 62 
3.981e+00 4.169e+00 60 
4.169e+00 4.365e+00 80 
4.365e+00 4.571e+00 81 
4.571e+00 4.786e+00 74 
4.786e+00 5.012e+00 80 
5.012e+00 5.248e+00 98 
5.248e+00 5.495e+00 125 
5.495e+00 5.754e+00 107 
5.754e+00 6.026e+00 137 
6.026e+00 6.310e+00 134 
6.310e+00 6.607e+00 162 
6.607e+00 6.918e+00 155 
6.918e+00 7.244e+00 187 
7.244e+00 7.586e+00 201 
7.586e+00 7.943e+00 207 
7.943e+00 8.318e+00 223 
8.318e+00 8.710e+00 282 
8.710e+00 9.120e+00 282 
9.120e+00 9.550e+00 322 
9.550e+00 1.000e+01 336 
1.000e+01 1.047e+01 386 
1.047e+01 1.096e+01 418 
1.096e+01 1.148e+01 464 
1.148e+01 1.202e+01 511 
1.202e+01 1.259e+01 485 
1.259e+01 1.318e+01 599 
1.318e+01 1.380e+01 618 
1.380e+01 1.445e+01 726 
1.445e+01 1.514e+01 762 
1.514e+01 1.585e+01 831 
1.585e+01 1.660e+01 885 
1.660e+01 1.738e+01 1003 
1.738e+01 1.820e+01 1114 
1.820e+01 1.905e+01 1245 
1.905e+01 1.995e+01 1353 
1.995e+01 2.089e+01 1491 
2.089e+01 2.188e+01 1660 
2.188e+01 2.291e+01 1789 
2.291e+01 2.399e+01 1944 
2.399e+01 2.512e+01 2167 
2.512e+01 2.630e+01 2292 
2.630e+01 2.754e+01 2624 
2.754e+01 2.884e+01 2832 
2.884e+01 3.020e+01 3090 
3.020e+01 3.162e+01 3326 
3.162e+01 3.311e+01 3664 
3.311e+01 3.467e+01 4223 
3.467e+01 3.631e+01 4387 
3.631e+01 3.802e+01 4954 
3.802e+01 3.981e+01 5448 
3.981e+01 4.169e+01 5819 
4.169e+01 4.365e+01 6585 
4.365e+01 4.571e+01 6952 
4.571e+01 4.786e+01 7837 
4.786e+01 5.012e+01 8634 
5.012e+01 5.248e+01 9482 
5.248e+01 5.495e+01 10244 
5.495e+01 5.754e+01 11292 
5.754e+01 6.026e+01 12330 
6.026e+01 6.310e+01 13615 
6.310e+01 6.607e+01 14971 
6.607e+01 6.918e+01 16159 
6.918e+01 7.244e+01 17929 
7.244e+01 7.586e+01 19485 
7.586e+01 7.943e+01 21500 
7.943e+01 8.318e+01 23135 
8.318e+01 8.710e+01 25542 
8.710e+01 9.120e+01 28424 
9.120e+01 9.550e+01 30992 
9.550e+01 1.000e+02 33855 
1.000e+02 1.047e+02 37247 
1.047e+02 1.096e+02 40612 
1.096e+02 1.148e+02 44768 
1.148e+02 1.202e+02 48922 
1.202e+02 1.259e+02 53641 
1.259e+02 1.318e+02 58930 
1.318e+02 1.380e+02 64706 
1.380e+02 1.445e+02 70803 
1.445e+02 1.514e+02 77589 
1.514e+02 1.585e+02 85019 
1.585e+02 1.660e+02 93471 
1.660e+02 1.738e+02 102172 
1.738e+02 1.820e+02 112358 
1.820e+02 1.905e+02 123367 
1.905e+02 1.995e+02 134819 
1.995e+02 2.089e+02 148668 
2.089e+02 2.188e+02 161736 
2.188e+02 2.291e+02 178548 
2.291e+02 2.399e+02 194303 
2.399e+02 2.512e+02 213559 
2.512e+02 2.630e+02 234254 
2.630e+02 2.754e+02 257676 
2.754e+02 2.884e+02 280960 
2.884e+02 3.020e+02 308117 
3.020e+02 3.162e+02 336439 
3.162e+02 3.311e+02 371126 
3.311e+02 3.467e+02 405790 
3.467e+02 3.631e+02 445850 
3.631e+02 3.802e+02 488380 
3.802e+02 3.981e+02 533999 
3.981e+02 4.169e+02 587048 
4.169e+02 4.365e+02 643271 
4.365e+02 4.571e+02 705735 
4.571e+02 4.786e+02 774163 
4.786e+02 5.012e+02 848847 
5.012e+02 5.248e+02 928230 
5.248e+02 5.495e+02 1019852 
5.495e+02 5.754e+02 1117189 
5.754e+02 6.026e+02 1222441 
6.026e+02 6.310e+02 1344177 
6.310e+02 6.607e+02 1470301 
6.607e+02 6.918e+02 1612753 
6.918e+02 7.244e+02 1765593 
7.244e+02 7.586e+02 1934370 
7.586e+02 7.943e+02 2122677 
7.943e+02 8.318e+02 2327456 
8.318e+02 8.710e+02 2551502 
8.710e+02 9.120e+02 2791164 
9.120e+02 9.550e+02 3060702 
9.550e+02 1.000e+03 3358285 
1.000e+03 1.047e+03 3682218 
1.047e+03 1.096e+03 4031551 
1.096e+03 1.148e+03 4420715 
1.148e+03 1.202e+03 4842474 
1.202e+03 1.259e+03 5307374 
1.259e+03 1.318e+03 5817182 
1.318e+03 1.380e+03 6371737 
1.380e+03 1.445e+03 6982952 
1.445e+03 1.514e+03 7642956 
1.514e+03 1.585e+03 8381607 
1.585e+03 1.660e+03 9186863 
1.660e+03 1.738e+03 10062568 
1.738e+03 1.820e+03 11020767 
1.820e+03 1.905e+03 12067805 
1.905e+03 1.995e+03 13224795 
1.995e+03 2.089e+03 14482511 
2.089e+03 2.188e+03 15858784 
2.188e+03 2.291e+03 17374586 
2.291e+03 2.399e+03 19031008 
2.399e+03 2.512e+03 20835810 
2.512e+03 2.630e+03 22804236 
2.630e+03 2.754e+03 24965852 
2.754e+03 2.884e+03 27298555 
2.884e+03 3.020e+03 29888895 
3.020e+03 3.162e+03 32706275 
3.162e+03 3.311e+03 35794851 
3.311e+03 3.467e+03 39191451 
3.467e+03 3.631e+03 42932503 
3.631e+03 3.802e+03 47028128 
3.802e+03 3.981e+03 51486255 
3.981e+03 4.169e+03 56354245 
4.169e+03 4.365e+03 61658468 
4.365e+03 4.571e+03 67477885 
4.571e+03 4.786e+03 73894953 
4.786e+03 5.012e+03 80868359 
5.012e+03 5.248e+03 88499317 
5.248e+03 5.495e+03 96866823 
5.495e+03 5.754e+03 105950663 
5.754e+03 6.026e+03 115917275 
6.026e+03 6.310e+03 126869421 
6.310e+03 6.607e+03 138902612 
6.607e+03 6.918e+03 151966761 
6.918e+03 7.244e+03 166166926 
7.244e+03 7.586e+03 181750928 
7.586e+03 7.943e+03 198805747 
7.943e+03 8.318e+03 217369938 
8.318e+03 8.710e+03 237736855 
8.710e+03 9.120e+03 259998196 
9.120e+03 9.550e+03 284296039 
9.550e+03 1.000e+04 310782740 
1.000e+04 1.047e+04 339657882 
1.047e+04 1.096e+04 371126574 
1.096e+04 1.148e+04 405619659 
1.148e+04 1.202e+04 443177758 
1.202e+04 1.259e+04 484308416 
1.259e+04 1.318e+04 529232702 
1.318e+04 1.380e+04 578166630 
1.380e+04 1.445e+04 631550118 
1.445e+04 1.514e+04 689684572 
1.514e+04 1.585e+04 752678305 
1.585e+04 1.660e+04 821583794 
1.660e+04 1.738e+04 896092724 
1.738e+04 1.820e+04 977637079 
1.820e+04 1.905e+04 1065754964 
1.905e+04 1.995e+04 1160465987 
1.995e+04 2.089e+04 1264749777 
2.089e+04 2.188e+04 1377712105 
2.188e+04 2.291e+04 1501168439 
2.291e+04 2.399e+04 1634807518 
2.399e+04 2.512e+04 1779908178 
2.512e+04 2.630e+04 1936799281 
2.630e+04 2.754e+04 2106509302 
2.754e+04 2.884e+04 2290772773 
2.884e+04 3.020e+04 2491716778 
3.020e+04 3.162e+04 2707294945 
3.162e+04 3.311e+04 2940242783 
3.311e+04 3.467e+04 3192454801 
3.467e+04 3.631e+04 3466439560 
3.631e+04 3.802e+04 3761674010 
3.802e+04 3.981e+04 4083522885 
3.981e+04 4.169e+04 4428559067 
4.169e+04 4.365e+04 4797031768 
4.365e+04 4.571e+04 5194341817 
4.571e+04 4.786e+04 5618522304 
4.786e+04 5.012e+04 6072976693 
5.012e+04 5.248e+04 6559228653 
5.248e+04 5.495e+04 7077635003 
5.495e+04 5.754e+04 7631893940 
5.754e+04 6.026e+04 8223125997 
6.026e+04 6.310e+04 8845395178 
6.310e+04 6.607e+04 9511370168 
6.607e+04 6.918e+04 10224759193 
6.918e+04 7.244e+04 10984299961 
7.244e+04 7.586e+04 11776879586 
7.586e+04 7.943e+04 12601825621 
7.943e+04 8.318e+04 13463719942 
8.318e+04 8.710e+04 14383993542 
8.710e+04 9.120e+04 15344960352 
9.120e+04 9.550e+04 16321386943 
9.550e+04 1.000e+05 17332341046 
1.000e+05 1.047e+05 18401929119 
1.047e+05 1.096e+05 19498118774 
1.096e+05 1.148e+05 20580740636 
1.148e+05 1.202e+05 21677329723 
