1.000e+00 1.047e+00 1068 
1.047e+00 1.096e+00 1183 
1.096e+00 1.148e+00 1250 
1.148e+00 1.202e+00 1211 
1.202e+00 1.259e+00 1334 
1.259e+00 1.318e+00 1358 
1.318e+00 1.380e+00 1488 
1.380e+00 1.445e+00 1523 
1.445e+00 1.514e+00 1596 
1.514e+00 1.585e+00 1694 
1.585e+00 1.660e+00 1643 
1.660e+00 1.738e+00 1824 
1.738e+00 1.820e+00 1915 
1.820e+00 1.905e+00 1913 
1.905e+00 1.995e+00 2056 
1.995e+00 2.089e+00 2147 
2.089e+00 2.188e+00 2223 
2.188e+00 2.291e+00 2294 
2.291e+00 2.399e+00 2332 
2.399e+00 2.512e+00 2516 
2.512e+00 2.630e+00 2668 
2.630e+00 2.754e+00 2746 
2.754e+00 2.884e+00 2839 
2.884e+00 3.020e+00 3011 
3.020e+00 3.162e+00 3024 
3.162e+00 3.311e+00 3140 
3.311e+00 3.467e+00 3343 
3.467e+00 3.631e+00 3432 
3.631e+00 3.802e+00 3662 
3.802e+00 3.981e+00 3588 
3.981e+00 4.169e+00 3896 
4.169e+00 4.365e+00 3938 
4.365e+00 4.571e+00 4110 
4.571e+00 4.786e+00 4340 
4.786e+00 5.012e+00 4511 
5.012e+00 5.248e+00 4674 
5.248e+00 5.495e+00 4748 
5.495e+00 5.754e+00 5193 
5.754e+00 6.026e+00 5362 
6.026e+00 6.310e+00 5454 
6.310e+00 6.607e+00 5772 
6.607e+00 6.918e+00 6008 
6.918e+00 7.244e+00 6243 
7.244e+00 7.586e+00 6543 
7.586e+00 7.943e+00 6734 
7.943e+00 8.318e+00 7145 
8.318e+00 8.710e+00 7488 
8.710e+00 9.120e+00 7708 
9.120e+00 9.550e+00 8004 
9.550e+00 1.000e+01 8406 
1.000e+01 1.047e+01 8736 
1.047e+01 1.096e+01 9221 
1.096e+01 1.148e+01 9687 
1.148e+01 1.202e+01 10109 
1.202e+01 1.259e+01 10376 
1.259e+01 1.318e+01 11047 
1.318e+01 1.380e+01 11585 
1.380e+01 1.445e+01 12223 
1.445e+01 1.514e+01 12803 
1.514e+01 1.585e+01 13425 
1.585e+01 1.660e+01 14360 
1.660e+01 1.738e+01 15012 
1.738e+01 1.820e+01 15945 
1.820e+01 1.905e+01 16565 
1.905e+01 1.995e+01 17582 
1.995e+01 2.089e+01 18657 
2.089e+01 2.188e+01 19717 
2.188e+01 2.291e+01 20838 
2.291e+01 2.399e+01 21790 
2.399e+01 2.512e+01 23298 
2.512e+01 2.630e+01 24730 
2.630e+01 2.754e+01 26522 
2.754e+01 2.884e+01 27820 
2.884e+01 3.020e+01 29794 
3.020e+01 3.162e+01 31368 
3.162e+01 3.311e+01 33865 
3.311e+01 3.467e+01 36325 
3.467e+01 3.631e+01 38714 
3.631e+01 3.802e+01 41474 
3.802e+01 3.981e+01 44169 
3.981e+01 4.169e+01 47213 
4.169e+01 4.365e+01 51393 
4.365e+01 4.571e+01 53957 
4.571e+01 4.786e+01 58937 
4.786e+01 5.012e+01 63645 
5.012e+01 5.248e+01 67887 
5.248e+01 5.495e+01 72546 
5.495e+01 5.754e+01 77531 
5.754e+01 6.026e+01 84718 
6.026e+01 6.310e+01 90510 
6.310e+01 6.607e+01 95758 
6.607e+01 6.918e+01 103728 
6.918e+01 7.244e+01 111387 
7.244e+01 7.586e+01 119878 
7.586e+01 7.943e+01 127700 
7.943e+01 8.318e+01 137730 
8.318e+01 8.710e+01 146684 
8.710e+01 9.120e+01 156761 
9.120e+01 9.550e+01 169562 
9.550e+01 1.000e+02 180912 
1.000e+02 1.047e+02 194314 
1.047e+02 1.096e+02 208193 
1.096e+02 1.148e+02 223007 
1.148e+02 1.202e+02 239796 
1.202e+02 1.259e+02 256169 
1.259e+02 1.318e+02 275775 
1.318e+02 1.380e+02 294423 
1.380e+02 1.445e+02 315996 
1.445e+02 1.514e+02 337492 
1.514e+02 1.585e+02 362590 
1.585e+02 1.660e+02 388583 
1.660e+02 1.738e+02 415275 
1.738e+02 1.820e+02 448088 
1.820e+02 1.905e+02 478895 
1.905e+02 1.995e+02 514536 
1.995e+02 2.089e+02 551569 
2.089e+02 2.188e+02 591387 
2.188e+02 2.291e+02 636563 
2.291e+02 2.399e+02 682444 
2.399e+02 2.512e+02 731249 
2.512e+02 2.630e+02 788208 
2.630e+02 2.754e+02 844678 
2.754e+02 2.884e+02 910978 
2.884e+02 3.020e+02 977452 
3.020e+02 3.162e+02 1052391 
3.162e+02 3.311e+02 1130916 
3.311e+02 3.467e+02 1217942 
3.467e+02 3.631e+02 1312325 
3.631e+02 3.802e+02 1411647 
3.802e+02 3.981e+02 1524026 
3.981e+02 4.169e+02 1638805 
4.169e+02 4.365e+02 1765425 
4.365e+02 4.571e+02 1903075 
4.571e+02 4.786e+02 2050810 
4.786e+02 5.012e+02 2211066 
5.012e+02 5.248e+02 2384294 
5.248e+02 5.495e+02 2565062 
5.495e+02 5.754e+02 2767559 
5.754e+02 6.026e+02 2991285 
6.026e+02 6.310e+02 3228801 
6.310e+02 6.607e+02 3480951 
6.607e+02 6.918e+02 3765035 
6.918e+02 7.244e+02 4068008 
7.244e+02 7.586e+02 4390751 
7.586e+02 7.943e+02 4745353 
7.943e+02 8.318e+02 5132476 
8.318e+02 8.710e+02 5549760 
8.710e+02 9.120e+02 5988669 
9.120e+02 9.550e+02 6478910 
9.550e+02 1.000e+03 7016968 
1.000e+03 1.047e+03 7600571 
1.047e+03 1.096e+03 8225063 
1.096e+03 1.148e+03 8908602 
1.148e+03 1.202e+03 9644713 
1.202e+03 1.259e+03 10451363 
1.259e+03 1.318e+03 11327640 
1.318e+03 1.380e+03 12265801 
1.380e+03 1.445e+03 13300714 
1.445e+03 1.514e+03 14441235 
1.514e+03 1.585e+03 15662076 
1.585e+03 1.660e+03 16989934 
1.660e+03 1.738e+03 18445404 
1.738e+03 1.820e+03 20016998 
1.820e+03 1.905e+03 21754772 
1.905e+03 1.995e+03 23606801 
1.995e+03 2.089e+03 25640269 
2.089e+03 2.188e+03 27888403 
2.188e+03 2.291e+03 30347417 
2.291e+03 2.399e+03 33021185 
2.399e+03 2.512e+03 35928375 
2.512e+03 2.630e+03 39125105 
2.630e+03 2.754e+03 42605380 
2.754e+03 2.884e+03 46391379 
2.884e+03 3.020e+03 50503777 
3.020e+03 3.162e+03 55063964 
3.162e+03 3.311e+03 60058037 
3.311e+03 3.467e+03 65568997 
3.467e+03 3.631e+03 71531552 
3.631e+03 3.802e+03 78029297 
3.802e+03 3.981e+03 85182070 
3.981e+03 4.169e+03 93012665 
4.169e+03 4.365e+03 101638566 
4.365e+03 4.571e+03 111076405 
4.571e+03 4.786e+03 121450275 
4.786e+03 5.012e+03 132932737 
5.012e+03 5.248e+03 145333205 
5.248e+03 5.495e+03 159006563 
5.495e+03 5.754e+03 173771953 
5.754e+03 6.026e+03 190016693 
6.026e+03 6.310e+03 207748364 
6.310e+03 6.607e+03 227108003 
6.607e+03 6.918e+03 248115321 
6.918e+03 7.244e+03 271242935 
7.244e+03 7.586e+03 296768646 
7.586e+03 7.943e+03 324525415 
7.943e+03 8.318e+03 354760977 
8.318e+03 8.710e+03 388147879 
8.710e+03 9.120e+03 424690247 
9.120e+03 9.550e+03 464934550 
9.550e+03 1.000e+04 508665215 
1.000e+04 1.047e+04 556726174 
1.047e+04 1.096e+04 609139038 
1.096e+04 1.148e+04 666679016 
1.148e+04 1.202e+04 729848152 
1.202e+04 1.259e+04 798941686 
1.259e+04 1.318e+04 873887562 
1.318e+04 1.380e+04 954805763 
1.380e+04 1.445e+04 1041837141 
1.445e+04 1.514e+04 1138762333 
1.514e+04 1.585e+04 1243731629 
1.585e+04 1.660e+04 1357480214 
1.660e+04 1.738e+04 1481481004 
1.738e+04 1.820e+04 1616844054 
1.820e+04 1.905e+04 1764032320 
1.905e+04 1.995e+04 1925081095 
1.995e+04 2.089e+04 2099258281 
2.089e+04 2.188e+04 2290196223 
2.188e+04 2.291e+04 2499622983 
2.291e+04 2.399e+04 2727610706 
2.399e+04 2.512e+04 2971445063 
2.512e+04 2.630e+04 3239059057 
2.630e+04 2.754e+04 3527890575 
2.754e+04 2.884e+04 3842021129 
2.884e+04 3.020e+04 4181752456 
3.020e+04 3.162e+04 4547726915 
3.162e+04 3.311e+04 4956971662 
3.311e+04 3.467e+04 5397769732 
3.467e+04 3.631e+04 5868560834 
3.631e+04 3.802e+04 6376532603 
3.802e+04 3.981e+04 6924455159 
3.981e+04 4.169e+04 7504635263 
4.169e+04 4.365e+04 8143296638 
4.365e+04 4.571e+04 8826824483 
4.571e+04 4.786e+04 9564222198 
4.786e+04 5.012e+04 10360231790 
5.012e+04 5.248e+04 11195415375 
5.248e+04 5.495e+04 12084729203 
5.495e+04 5.754e+04 13062236431 
5.754e+04 6.026e+04 14077527035 
6.026e+04 6.310e+04 15164917141 
6.310e+04 6.607e+04 16300899294 
6.607e+04 6.918e+04 17527114192 
6.918e+04 7.244e+04 18819649974 
7.244e+04 7.586e+04 20170038606 
7.586e+04 7.943e+04 21599757033 
7.943e+04 8.318e+04 23049760991 
8.318e+04 8.710e+04 24581180987 
8.710e+04 9.120e+04 26178957991 
9.120e+04 9.550e+04 27816547710 
9.550e+04 1.000e+05 29482697275 
1.000e+05 1.047e+05 31222920370 
1.047e+05 1.096e+05 32966664022 
1.096e+05 1.148e+05 34710676486 
1.148e+05 1.202e+05 36384313853 
