1.000e+00 1.047e+00 22148858 
1.047e+00 1.096e+00 24085085 
1.096e+00 1.148e+00 26223262 
1.148e+00 1.202e+00 28523112 
1.202e+00 1.259e+00 31029578 
1.259e+00 1.318e+00 33751387 
1.318e+00 1.380e+00 36701354 
1.380e+00 1.445e+00 39883982 
1.445e+00 1.514e+00 43406374 
1.514e+00 1.585e+00 47222949 
1.585e+00 1.660e+00 51348458 
1.660e+00 1.738e+00 55840462 
1.738e+00 1.820e+00 60730234 
1.820e+00 1.905e+00 66046044 
1.905e+00 1.995e+00 71793164 
1.995e+00 2.089e+00 78046130 
2.089e+00 2.188e+00 84833805 
2.188e+00 2.291e+00 92194111 
2.291e+00 2.399e+00 100196674 
2.399e+00 2.512e+00 108896031 
2.512e+00 2.630e+00 118268848 
2.630e+00 2.754e+00 128540464 
2.754e+00 2.884e+00 139680987 
2.884e+00 3.020e+00 151748813 
3.020e+00 3.162e+00 164788713 
3.162e+00 3.311e+00 178997616 
3.311e+00 3.467e+00 194386785 
3.467e+00 3.631e+00 211103882 
3.631e+00 3.802e+00 229320478 
3.802e+00 3.981e+00 248991612 
3.981e+00 4.169e+00 270424097 
4.169e+00 4.365e+00 293618620 
4.365e+00 4.571e+00 318706252 
4.571e+00 4.786e+00 346007185 
4.786e+00 5.012e+00 375564023 
5.012e+00 5.248e+00 407539676 
5.248e+00 5.495e+00 442390720 
5.495e+00 5.754e+00 480023569 
5.754e+00 6.026e+00 520650869 
6.026e+00 6.310e+00 564879936 
6.310e+00 6.607e+00 612714601 
6.607e+00 6.918e+00 664481665 
6.918e+00 7.244e+00 720609736 
7.244e+00 7.586e+00 781201388 
7.586e+00 7.943e+00 847036316 
7.943e+00 8.318e+00 918383013 
8.318e+00 8.710e+00 995533122 
8.710e+00 9.120e+00 1079381753 
9.120e+00 9.550e+00 1170103799 
9.550e+00 1.000e+01 1267696082 
1.000e+01 1.047e+01 1373212466 
1.047e+01 1.096e+01 1487610646 
1.096e+01 1.148e+01 1610722736 
1.148e+01 1.202e+01 1743966857 
1.202e+01 1.259e+01 1887938804 
1.259e+01 1.318e+01 2043302092 
1.318e+01 1.380e+01 2211590950 
1.380e+01 1.445e+01 2393270904 
1.445e+01 1.514e+01 2589135267 
1.514e+01 1.585e+01 2799830376 
1.585e+01 1.660e+01 3027630908 
1.660e+01 1.738e+01 3272202106 
1.738e+01 1.820e+01 3536718500 
1.820e+01 1.905e+01 3821174858 
1.905e+01 1.995e+01 4127430808 
1.995e+01 2.089e+01 4457669303 
2.089e+01 2.188e+01 4813823176 
2.188e+01 2.291e+01 5195741982 
2.291e+01 2.399e+01 5604530037 
2.399e+01 2.512e+01 6045260429 
2.512e+01 2.630e+01 6518104202 
2.630e+01 2.754e+01 7025685375 
2.754e+01 2.884e+01 7568669617 
2.884e+01 3.020e+01 8150690529 
3.020e+01 3.162e+01 8775783610 
3.162e+01 3.311e+01 9442816065 
3.311e+01 3.467e+01 10159172783 
3.467e+01 3.631e+01 10924692650 
3.631e+01 3.802e+01 11741268732 
3.802e+01 3.981e+01 12611024502 
3.981e+01 4.169e+01 13535575305 
4.169e+01 4.365e+01 14515397256 
4.365e+01 4.571e+01 15557580704 
4.571e+01 4.786e+01 16662349296 
4.786e+01 5.012e+01 17833183844 
5.012e+01 5.248e+01 19077720609 
5.248e+01 5.495e+01 20397038797 
5.495e+01 5.754e+01 21778387166 
5.754e+01 6.026e+01 23226182604 
6.026e+01 6.310e+01 24751385843 
6.310e+01 6.607e+01 26336676967 
6.607e+01 6.918e+01 27990701365 
6.918e+01 7.244e+01 29689706692 
7.244e+01 7.586e+01 31446424564 
7.586e+01 7.943e+01 33243887869 
7.943e+01 8.318e+01 35051374348 
8.318e+01 8.710e+01 36871080804 
8.710e+01 9.120e+01 38664971413 
9.120e+01 9.550e+01 40456179854 
9.550e+01 1.000e+02 42184494928 
1.000e+02 1.047e+02 43799385880 
1.047e+02 1.096e+02 45230023567 
1.096e+02 1.148e+02 46445535221 
1.148e+02 1.202e+02 47338842641 
1.202e+02 1.259e+02 47835047107 
1.259e+02 1.318e+02 47802834216 
1.318e+02 1.380e+02 47123262843 
1.380e+02 1.445e+02 45581876770 
1.445e+02 1.514e+02 42839422794 
1.514e+02 1.585e+02 38571865480 
1.585e+02 1.660e+02 32131165116 
1.660e+02 1.738e+02 22437467122 
1.738e+02 1.820e+02 6950363222 
1.820e+02 1.905e+02 0 
1.905e+02 1.995e+02 0 
1.995e+02 2.089e+02 0 
2.089e+02 2.188e+02 0 
2.188e+02 2.291e+02 0 
2.291e+02 2.399e+02 0 
2.399e+02 2.512e+02 0 
2.512e+02 2.630e+02 0 
2.630e+02 2.754e+02 0 
2.754e+02 2.884e+02 0 
2.884e+02 3.020e+02 0 
3.020e+02 3.162e+02 0 
3.162e+02 3.311e+02 0 
3.311e+02 3.467e+02 0 
3.467e+02 3.631e+02 0 
3.631e+02 3.802e+02 0 
3.802e+02 3.981e+02 0 
3.981e+02 4.169e+02 0 
4.169e+02 4.365e+02 0 
4.365e+02 4.571e+02 0 
4.571e+02 4.786e+02 0 
4.786e+02 5.012e+02 0 
5.012e+02 5.248e+02 0 
5.248e+02 5.495e+02 0 
5.495e+02 5.754e+02 0 
5.754e+02 6.026e+02 0 
6.026e+02 6.310e+02 0 
6.310e+02 6.607e+02 0 
6.607e+02 6.918e+02 0 
6.918e+02 7.244e+02 0 
7.244e+02 7.586e+02 0 
7.586e+02 7.943e+02 0 
7.943e+02 8.318e+02 0 
8.318e+02 8.710e+02 0 
8.710e+02 9.120e+02 0 
9.120e+02 9.550e+02 0 
9.550e+02 1.000e+03 0 
1.000e+03 1.047e+03 0 
1.047e+03 1.096e+03 0 
1.096e+03 1.148e+03 0 
1.148e+03 1.202e+03 0 
1.202e+03 1.259e+03 0 
1.259e+03 1.318e+03 0 
1.318e+03 1.380e+03 0 
1.380e+03 1.445e+03 0 
1.445e+03 1.514e+03 0 
1.514e+03 1.585e+03 0 
1.585e+03 1.660e+03 0 
1.660e+03 1.738e+03 0 
1.738e+03 1.820e+03 0 
1.820e+03 1.905e+03 0 
1.905e+03 1.995e+03 0 
1.995e+03 2.089e+03 0 
2.089e+03 2.188e+03 0 
2.188e+03 2.291e+03 0 
2.291e+03 2.399e+03 0 
2.399e+03 2.512e+03 0 
2.512e+03 2.630e+03 0 
2.630e+03 2.754e+03 0 
2.754e+03 2.884e+03 0 
2.884e+03 3.020e+03 0 
3.020e+03 3.162e+03 0 
3.162e+03 3.311e+03 0 
3.311e+03 3.467e+03 0 
3.467e+03 3.631e+03 0 
3.631e+03 3.802e+03 0 
3.802e+03 3.981e+03 0 
3.981e+03 4.169e+03 0 
4.169e+03 4.365e+03 0 
4.365e+03 4.571e+03 0 
4.571e+03 4.786e+03 0 
4.786e+03 5.012e+03 0 
5.012e+03 5.248e+03 0 
5.248e+03 5.495e+03 0 
5.495e+03 5.754e+03 0 
5.754e+03 6.026e+03 0 
6.026e+03 6.310e+03 0 
6.310e+03 6.607e+03 0 
6.607e+03 6.918e+03 0 
6.918e+03 7.244e+03 0 
7.244e+03 7.586e+03 0 
7.586e+03 7.943e+03 0 
7.943e+03 8.318e+03 0 
8.318e+03 8.710e+03 0 
8.710e+03 9.120e+03 0 
9.120e+03 9.550e+03 0 
9.550e+03 1.000e+04 0 
1.000e+04 1.047e+04 0 
1.047e+04 1.096e+04 0 
1.096e+04 1.148e+04 0 
1.148e+04 1.202e+04 0 
1.202e+04 1.259e+04 0 
1.259e+04 1.318e+04 0 
1.318e+04 1.380e+04 0 
1.380e+04 1.445e+04 0 
1.445e+04 1.514e+04 0 
1.514e+04 1.585e+04 0 
1.585e+04 1.660e+04 0 
1.660e+04 1.738e+04 0 
1.738e+04 1.820e+04 0 
1.820e+04 1.905e+04 0 
1.905e+04 1.995e+04 0 
1.995e+04 2.089e+04 0 
2.089e+04 2.188e+04 0 
2.188e+04 2.291e+04 0 
2.291e+04 2.399e+04 0 
2.399e+04 2.512e+04 0 
2.512e+04 2.630e+04 0 
2.630e+04 2.754e+04 0 
2.754e+04 2.884e+04 0 
2.884e+04 3.020e+04 0 
3.020e+04 3.162e+04 0 
3.162e+04 3.311e+04 0 
3.311e+04 3.467e+04 0 
3.467e+04 3.631e+04 0 
3.631e+04 3.802e+04 0 
3.802e+04 3.981e+04 0 
3.981e+04 4.169e+04 0 
4.169e+04 4.365e+04 0 
4.365e+04 4.571e+04 0 
4.571e+04 4.786e+04 0 
4.786e+04 5.012e+04 0 
5.012e+04 5.248e+04 0 
5.248e+04 5.495e+04 0 
5.495e+04 5.754e+04 0 
5.754e+04 6.026e+04 0 
6.026e+04 6.310e+04 0 
6.310e+04 6.607e+04 0 
6.607e+04 6.918e+04 0 
6.918e+04 7.244e+04 0 
7.244e+04 7.586e+04 0 
7.586e+04 7.943e+04 0 
7.943e+04 8.318e+04 0 
8.318e+04 8.710e+04 0 
8.710e+04 9.120e+04 0 
9.120e+04 9.550e+04 0 
9.550e+04 1.000e+05 0 
1.000e+05 1.047e+05 0 
1.047e+05 1.096e+05 0 
1.096e+05 1.148e+05 0 
1.148e+05 1.202e+05 0 
