4725278075
217067465573
63957088250
14164822316
216837471897
110652799682
23357580530
216825143796
141939488947
33474467983
216749570910
169440757828
44955953782
216995471269
196569197153
56816330248
216885372293
221498220587
72131437860
217056913425
250098003576
92662205575
217006682784
283542177419
118817439723
217066668418
320974222194
142103437485
216905984020
350125815573
157680947047
216880846577
369596402836
170986349536
217051181084
385606227469
195821489279
216891536346
411855633236
214193909001
217085770368
430897253871
241203194159
216846721654
457065078472
256682600564
216974655728
471419279464
277722109221
216978536416
490254189914
288959526880
217076314319
500357382147
301612832433
216931340166
511241615111
328398792931
216969688938
533563701702
349009787090
217068448229
549845463521
364035639357
216991048815
561808036746
359721884411
216884611002
558579695637
365696052757
217023615031
563244402190
363243983407
216821155118
561123542252
383705459386
216905300971
576758565069
411705515664
217175010115
597896479294
466426938900
216992994413
636368718691
527107093903
217149643090
676605174209
605537268473
217080280616
724775958095
637860730290
216991524034
743881283059
290568032275
216919476924
502111082910
67950175182
217173576126
242867032461
217051280329
216934589213
216940964327
217005010929
217118452397
217044009584
216966927581
