-905029.88	-905723.81
-893582.81	-924016
-863678.69	-936126.88
-856286.5	-949450.13
-852023.44	-955811
-849048.31	-955565.38
-843196.69	-957416.63
-841224.44	-956247.25
-834835.94	-955393
-833759.25	-956849.31
-831750.88	-954216.69
-834332.44	-932290.5
-838009.13	-898718.56
-847816.81	-801905.63
-848565.88	-795535.44
-855044.81	-720939.31
-855498.06	-717552.63
-857431.19	-694956.44
-860602.13	-659368.38
-862802.56	-634787.06
-853635.56	-633823.94
-806017.69	-630514.19
-757653.19	-625799
-710791		-621606.69
-690030.38	-619609.69
-661278.06	-616897.19
-608037.06	-612454.88
-559694.69	-608102.63
-535404.94	-606447.81
-511895.72	-604705.63
-462543.75	-600553.44
-449413.06	-599564.69
-414696.31	-597000.63
-366491.13	-593544.19
-366599.66	-591018.31
-371921.38	-520899.56
-372359.78	-509827.09
-374706.13	-474911.97
-377788.03	-430149.75
-378232		-418932.16
-380049.88	-384526.13
-381716.06	-338681.56
-381887.91	-338204.91
-430121.47	-339988.47
-449380.16	-340884.28
-478744.03	-342370.69
-500294.81	-342833.97
-527150.06	-344258.28
-543910.81	-344899.25
-575354.94	-346525.47
-595853		-347185.34
-595995		-345104.34
-594135.94	-342643.78
-594235.38	-341532.09
-597855		-337224.84
-601203.88	-335624.75
-603183.88	-333041.47
-609778.25	-328767.44
-617485.19	-320996.97
-618761.5	-313770.31
-617010.63	-312286.09
-614369.56	-311539.56
-613756.75	-309425
-615163.13	-304971.34
-617516.38	-303083.13
-619738.31	-299587.28
-619343.56	-297094.13
-616331.5	-295603.88
-612761.13	-295351.56
-610503.25	-292777.34
-614789.69	-289370.97
-616565.63	-284544.22
-619939.94	-283525.94
-624105.63	-279433.88
-627112.56	-278738.25
-632571.88	-279654.47
-636152.56	-278547.5
-637416.38	-277339.81
-638810.63	-273175.13
-638194.38	-268826.97
-639367.44	-265090.03
-638308.13	-261644.64
-640088.19	-257885.16
-644001		-252663.97
-645871.19	-245702.78
-647507.81	-242907.81
-647839.13	-236511.38
-645760.88	-234431.38
-646141.69	-232650.58
-644968.69	-229492.36
-645796.19	-227877.13
-646923		-225205.91
-651026.81	-223681.38
-655483.56	-218723.98
-656940.69	-214269.7
-655733.38	-211886.89
-653923		-210595.36
-653430.81	-209166.17
-650280.56	-208497.34
-647436.81	-205462.53
-647803.5	-202855.97
-649734.56	-199101.44
-650789.5	-190016.59
-648306.5	-186810.91
-647180.94	-184861.33
-648823.19	-183085.45
-655968.31	-184699.83
-663171		-182722.23
-664952.5	-180077.64
-665327.69	-177276.2
-663820.5	-173667.33
-667222.63	-170896.98
-668492.56	-170707.55
-669694.81	-172069.75
-671507.06	-171029.06
-673728.38	-173308.61
-674786.75	-173353.7
-676937.38	-171501.11
-678071.19	-167517.38
-680239.81	-164111.7
-680053.69	-162597.64
-676460.88	-157054.64
-671900.81	-153997.06
-671148.88	-151585.05
-667612.94	-149348.05
-665774.19	-146405.02
-668012.56	-140233.72
-673741.81	-139648.08
-675470.13	-138214.67
-675349.63	-136363.45
-673976.5	-133148.91
-675040.44	-129599.14
-675652		-128313.42
-676985.5	-127834.88
-683004.56	-127551.57
-684782.75	-123837.34
-683701.5	-119711.35
-680303.56	-117772.07
-679397.94	-115402.62
-676576.75	-115285.51
-679209.25	-111654.66
-680754.81	-110941.7
-679191.5	-109759.73
-676838.44	-109321.76
-675609.5	-106258.75
-676356		-104201.38
-680381.75	-102182.95
-682079.69	-102593.14
-683339.94	-104928.97
-685155.56	-106121.3
-692595.06	-104536.27
-695309.56	-101345.73
-695653.38	-98104.461
-695043.81	-95893.398
-693859.81	-95260.813
-686628.81	-95543.867
-684906.81	-92217.758
-683284.88	-94676.648
-681806.75	-95004.008
-681194.44	-94007
-683033.31	-90051.484
-681948.81	-88306.102
-679092.69	-86682.563
-671575		-86614.281
-672356.81	-84897.727
-671218.44	-82082.07
-669680.06	-81484.508
-671010.25	-78770.906
-673844.88	-77430.82
-678349.94	-77131.164
-680841		-75582.398
-681259.44	-74093.797
-679759.81	-71456.852
-679974.5	-70008.641
-684249.13	-65764.438
-684038.81	-62501.332
-682494.63	-60883.34
-676247.31	-59460.602
-675232.06	-58447.414
-677211.25	-51291.027
-680881.44	-53919.113
-683101.06	-52795.547
-685068.06	-49378.68
-686174.56	-44857.766
-689240.13	-44011.688
-690351.25	-42842.711
-689250.13	-36871.086
-694585.06	-32619.412
-698460.31	-30591.99
-698883.75	-27839.686
-697529.81	-26473.025
-692222.19	-25479.314
-690954.81	-24455.668
-692822.31	-18702.242
-692617.38	-16458.924
-691425.69	-14856.232
-688224.38	-14191.589
-685777.06	-12440.103
-685373.19	-13589.688
-687089.31	-15894.169
-686272.69	-16103.599
-684811.94	-14878.201
-684082.25	-13099.909
-684789.56	-9631.2578
-683092.06	-8056.1055
-683461		-4233.6392
-681826.44	-2369.9875
-683137.13	-1257.3007
-681720.63	-179.7382
-679900.38	-252.03191
-679679.88	485.66971
-681612.44	1961.5931
-680825.69	3596.3477
-678059.44	4971.7749
-677997.06	5848.4937
-683477.38	13447.495
-683253.63	15254.032
-680846.81	17925.479
-682313.19	20295.33
-679250.5	20661.682
-677648.56	20969.381
-676540.94	22179.643
-677479.06	26318.846
-674653.63	32115.787
-674631.31	33913.988
-672807.06	33744.344
-671931.69	34508.391
-672854.88	38308.184
-676401.63	39768.648
-676100.13	42112.465
-677082.5	41489.938
-677608.44	39671.613
-678429.5	39978.914
-677084.94	42704.582
-678854.94	43945.047
-678316.63	46638.074
-680601.75	48100.941
-679957.25	58764.242
-677055.75	58200.098
-678196.75	61215.027
-678155.31	62576.77
-674706.56	63345.828
-676930.5	64568.117
-676120.5	65669
-672635.5	65614.18
-669470.75	67099.805
-671768.25	74633.844
-672048.31	76420.25
-674678.56	76558.555
-675211.75	77217.391
-674142.31	79299.695
-674495.06	80451.289
-676890.5	79822.289
-677822.69	80367.75
-674567.56	82099.898
-676891.38	82153.289
-678231.44	83946.266
-680222.13	84449.961
-679811.38	86603.406
-681315.31	88681.539
-680182.25	90474.719
-682185.31	91269.625
-682969.31	93036.125
-685744.5	93023.594
-685678.38	94969.227
-687078.81	95836.969
-688624.06	95387.008
-690212.69	98239.133
-693030.69	100362.2
-692977.94	103765.09
-694049		105180.18
-692508.88	106892.79
-692532.5	108592.47
-693726.44	107039.2
-694681.81	106952.71
-694304.81	109882.98
-696528.38	108774.92
-696253.88	110583.38
-697519.44	109513.13
-698225.25	110650.91
-699379.81	115124.3
-698658		117095.8
-699112.06	118244.13
-700721.13	119249.4
-701438.56	117180.83
-702039.13	117060.04
-702282.63	118021.77
-701550.63	119751.22
-700011.56	120346.41
-701998.88	123086.23
-700494		124456.73
-701428.75	125052.04
-701244.19	126614.15
-702237.44	126235.05
-702362.75	124481.12
-703108.31	124208.66
-703457.06	125263.74
-702364.13	127978.88
-703842.44	128309.46
-704471.63	126535.63
-705280.44	126552.45
-705578.88	127609.8
-704389.19	130425.91
-706837.75	129843.68
-705731.38	131102.09
-706577.88	131992.06
-705553.44	134099.3
-704996.13	137662.23
-707170.31	137662.69
-708579.19	136346.22
-709436.56	137085.36
-709343.38	138393.02
-711933.06	140367.36
-711749.31	141523.22
-709690.06	142747.08
-710040.88	143500.8
-711970.88	143387.48
-713377.5	141389.27
-714738.44	143573.58
-711848.75	147223.66
-713602.25	149580.02
-711054.81	149846.39
-709970.69	151573.81
-710483.31	152191.89
-713023.44	152022.98
-709557.56	155244.09
-710276.44	156509.08
-712979.56	155475.22
-713330.81	157640.08
-710316.88	158068.81
-709272.13	162085.91
-712223.75	162528.95
-711465.56	167489.78
-710228.44	168525.44
-710928.81	170762.94
-713242.56	173060.61
-744910.69	173693.77
-772306.06	174086.44
-787938.31	174169.73
-808727.75	174742.63
-842597.56	175917.31
-863636		176413.55
-886355.63	176877.53
-886902.63	179156.86
-888132.5	179678.58
-891601.69	182204.36
-894136.31	182912.03
-895586.44	186032.95
-895522.63	187637.02
-897430.56	187181.17
-897174.13	189357.73
-899863.69	190027.59
-899690		191039.41
-902043.81	191442.59
-905657.63	192662.69
-907283.56	195454.39
-910292.19	196633.52
-912679.13	195868.97
-915174.88	197842.06
-917181.06	197442.05
-917698.06	198013.2
-917237.5	199494.03
-921362.56	197823.44
-923656.31	198368.73
-924317.31	197633.61
-927639.31	197273.53
-927995.63	195834.48
-930761		196168.39
-932174.75	197678.06
-934162.56	198251.8
-936903.25	201071.66
-937199.75	202603.53
-936389.25	204011.97
-938109.31	205494.34
-938195.56	207840.81
-941015		206715.2
-941623.13	203879.45
-942185.38	203820.03
-945015		206108.94
-944730.44	208675.02
-946424.06	208399.47
-947289.69	209775.53
-948462.88	208977.25
-949768.44	209163.39
-950837.81	209821.48
-951648		211973.52
-954515.56	212314.67
-954295.31	214689.89
-959430.44	210989.98
-961181.81	210621.44
-964005.19	213008.42
-963582.44	213955.52
-965360.75	215344.2
-965115.88	216645
-965744.63	217077.83
-968828.69	217238.7
-970165.13	219135.17
-973588.56	218099.34
-975658.06	218971.63
-976510.13	220542.22
-974363.5	222884.28
-974881.56	224871.17
-975729.81	225075.56
-975947.06	224162.97
-977410.38	224994.13
-977868.06	223561.78
-980813.56	224250.34
-981512.38	225127.22
-982621.69	224519.77
-983420.5	222573.42
-984404.56	222298.72
-985004.38	223851.97
-986378.69	223799.38
-987165.19	226292.55
-989147.5	225549.2
-991104.25	227292.52
-993947.94	223728.86
-993557		222091.86
-994133.69	221837.84
-995875.69	221614.92
-996470.06	222534.16
-998217.31	221530.5
-998822.69	223718.25
-1000269.3	224792.73
-999830.25	225251.17
-1002574.8	225925.8
-1003566.2	225554.03
-1003845.9	223767.23
-1006005	224109.22
-1006426.1	222479.06
-1008175.6	222158.36
-1009747.8	222900.09
-1011013.3	223669.44
-1012724	222467.72
-1013008.4	223463.52
-1014547.6	223958.61
-1017539	221184.7
-1020855.8	220970.45
-1023861.4	218002.23
-1025362.4	219031.22
-1025327.2	218101.45
-1027776.8	218658.55
-1030396.6	218251.16
-1032042.6	214408.89
-1035760.6	212855.34
-1035756.7	211487.95
-1037579	212295.02
-1038443.4	211572.98
-1040384.9	213559.55
-1040324.8	211554.25
-1041650.8	209349.28
-1043781.7	209396.5
-1046330.4	207860.31
-1048773	210662.81
-1050760.8	209869.72
-1051727	210570.56
-1052588.1	209896.06
-1054608.4	211498.2
-1055455.9	211018.89
-1057643.3	211704.2
-1058770.8	209436.95
-1061496	207570.92
-1064520.3	206506.52
-1066097.5	207200
-1067593.8	206177.89
-1069064.4	206228.92
-1072982	209034.34
-1073745.5	211869.34
-1080193.8	211281.34
-1082324	210644.78
-1086671	211721.34
-1087226.4	212491.53
-1089990.3	212239
-1090237.1	213770.09
-1091017.1	213530.05
-1091049.9	212360.19
-1093627.4	212583.95
-1094007.6	211535.23
-1096138.4	210898.23
-1100025.6	211308.25
-1106181	207049.33
-1108093.9	198116.22
-1110979	198271.81
-1127388.6	189810.64
-1143071.9	201013.95
-1143609.1	179620.09
-1156794.6	152775.41
-1157707	150930.22
-1171362.1	122708.72
-1179109.4	114985.05
-1176997.4	113213.06
-1166683.6	122697.03
-1160108.6	132764.36
-1161722.9	139435.66
-1157323.4	142292
-1158676	138498.91
-1157731.3	136354.31
-1155004.5	133451.88
-1159789.4	112719.02
-1146389.6	120126.39
-1135735.8	120544.59
-1131524.1	117197.49
-1135312.1	108558.73
-1145500.6	103326.42
-1144036	99090.203
-1130696.1	84500.344
-1140892.1	89045.688
-1144374.1	93824.344
-1157748.3	91667.477
-1164170.8	101321.46
-1168659.9	94701.852
-1168158	98333.266
-1172650.3	97570.109
-1173064.4	101214.76
-1169997.1	100847.63
-1175343.3	103321.3
-1178400.9	110424.7
-1175952.4	103297.44
-1185387.5	102729.77
-1183544.9	97823.836
-1198075	87222.359
-1197700.3	78419.977
-1206845.6	78106.086
-1208239	75072.266
-1222336.5	70411.055
-1241923.4	44443.613
-1250441.6	29778.246
-1247586.4	30869.041
-1249149	20060.645
-1254536.1	5874.1533
-1262049	4105.833
-1251330.6	27983.537
-1276909.8	-19505.33
-1264959	763.95831
-1258674.1	1506.5992
-1267711.4	-22405.322
-1264852.4	-22533.617
-1263305	-14850.063
-1260669.3	-22656.867
-1246522.4	-14218.518
-1254928.4	-19981.186
-1257679.4	-26931.998
-1252446.8	-25448.961
-1260729.4	-30724.234
-1262500.9	-34308.566
-1256697.1	-36883.84
-1250515.3	-36946.813
-1252053.9	-40184.152
-1247275.6	-42284.863
-1253687.9	-40678.371
-1251235	-37952.828
-1260186.4	-39441.094
-1263371.3	-35370.262
-1269208.8	-46306.453
-1264796.8	-41192.566
-1258256.4	-42782.25
-1264656.8	-45534.574
-1263519.8	-48224.035
-1258936	-48183.113
-1260374.4	-53713.16
-1254215.3	-53689.547
-1241321.6	-53764.031
-1254339.4	-54247.949
-1251374.6	-55640.984
-1251696	-60816.547
-1255573.1	-62113.883
-1261752.3	-57140.121
-1268919.4	-57530.91
-1267266.3	-53408.582
-1274832.3	-45900.941
-1278846	-53149.789
-1279846.4	-48939.434
-1275587.3	-44954.625
-1282873.3	-36897.516
-1296887.6	-62536.793
-1293098.1	-66388.469
-1286925.6	-66477.602
-1286058.8	-69960.195
-1277816	-74262.664
-1280873.4	-77759.859
-1281278.3	-74410.023
-1285218.5	-71684.141
-1287342.3	-73237.172
-1285794.9	-80600.82
-1291671.4	-74490.141
-1296062.8	-74342.906
-1300654.4	-75050.828
-1305323.6	-73633.969
-1307286.3	-76088.656
-1317910.8	-90134.078
-1302163.5	-86357.227
-1307204.6	-92331.547
-1309895.9	-89119.141
-1317809.9	-92426.477
-1315271.9	-97942.578
-1308368.3	-96912.922
-1315933.5	-107256.54
-1312451.8	-107552.11
-1312673	-110640.48
-1317459.8	-109665.87
-1323053.5	-119526.13
-1324859.1	-117744.15
-1327338.6	-120535.25
-1325766.9	-117280.31
-1324382.9	-106531.01
-1318564.9	-97296.672
-1328264.8	-97159.297
-1339781.4	-105917.98
-1351114.9	-113748.04
-1349930	-118637.22
-1348999.4	-115420.52
-1344471.9	-122028.67
-1347820.6	-129452.55
-1344161.3	-127931.19
-1346203.8	-140678.73
-1343683.1	-142284.89
-1344955.8	-144684.5
-1347249.3	-142614.97
-1349823.9	-140781.17
-1348726	-132081.53
-1355427.1	-132947.17
-1362033.5	-125544.98
-1361645.4	-128560.59
-1364422.6	-125791.17
-1369897.4	-129050.44
-1370674.9	-133434.59
-1370942.9	-128507.23
-1362528.5	-124734.46
-1364716.9	-119103.88
-1378623.5	-127089.63
-1405241.5	-135215.39
-1405256.6	-143657.73
-1392000.6	-144118.2
-1402505.1	-146287.28
-1407258	-153236.89
-1393751.1	-167339.59
-1407758.4	-160897.94
-1408304.4	-170940.58
-1415091.3	-148394.31
-1411411.5	-136743.88
-1431633.4	-144387.36
-1441092.5	-142187.73
-1443014.4	-150832.23
-1457633.5	-150071.7
-1463525.3	-144150.52
-1484952	-140263.36
-1494159.6	-137910.94
-1498672.6	-142709.19
-1508918.5	-137690.09
-1511876.8	-132649.16
-1531463.4	-131454.58
-1544246.3	-121894.23
-1551530.5	-124253.26
-1550862.4	-118089.46
-1556951.8	-114189.55
-1555603.4	-127312.38
-1558538.3	-127090.66
-1560825.6	-134583.92
-1568756.5	-135158.23
-1568701	-139908.33
-1558697.1	-154925.25
-1556403.3	-153409.16
-1555471.1	-157093.06
-1548604	-160382.61
-1544126.6	-181651.66
-1543848.4	-198442.08
-1546511.8	-202032.58
-1543048.4	-202621.5
-1543929	-214072.3
-1538977.6	-222827.11
-1536503.6	-220762.72
-1535133.3	-222762.09
-1537388.9	-226286.39
-1532131.9	-228023.17
-1532330.9	-231656.25
-1524967.6	-238150.92
-1527019.9	-241618.11
-1520193.3	-252248.64
-1522011.3	-259868.42
-1506865.5	-273177.44
-1508226.3	-281854.41
-1504258.1	-284670.81
-1501037.3	-300789.94
-1493435.5	-300021.31
-1486857.3	-306297.97
-1483084.5	-305889.81
-1451952.1	-316339.66
-1441697.1	-326074.84
-1436272.8	-326083.88
-1432382.5	-331933.66
-1413564	-329500.13
-1405635.1	-331895.38
-1399946.3	-339181.47
-1381086.8	-333370.47
-1379455.3	-336772.28
-1367375.6	-338445.84
-1361328.5	-353978.25
-1347803.9	-363068.25
-1345620.5	-368596
-1324400.1	-374068.44
-1322351.6	-378867.06
-1305217.8	-387937.75
-1299435.8	-398777.59
-1295019.4	-399462.31
-1290383.8	-406295.22
-1285977.6	-405611.09
-1277542.4	-410759.38
-1268077.9	-412685.75
-1265764.9	-409650.88
-1260628	-416361.63
-1255661.5	-414577.56
-1247337.8	-423099.09
-1221089.9	-430430.06
-1217703	-435652.06
-1200141.9	-436772.88
-1190083.5	-445601.53
-1181539.9	-447807.31
-1166002.4	-466785.69
-1154601.8	-471593.94
-1147720.4	-489295.06
-1136439.6	-488004.69
-1141440.3	-493355.19
-1133542.8	-492608.22
-1132678.8	-498376.47
-1122649.3	-502216.75
-1120023.3	-500682.84
-1120793.8	-505109.91
-1117561.4	-506963.44
-1120021.1	-513419.13
-1114778.1	-513620.22
-1119540.8	-517399.03
-1120114.1	-522841.59
-1116078.8	-533686
-1116600	-538003.94
-1112742.8	-539047.75
-1114948.3	-548956.88
-1111302.4	-553279.25
-1114529.4	-561918.06
-1102321	-585267.38
-1105892.8	-589531.31
-1114333	-591725.75
-1111620.3	-602532.06
-1115270.5	-607337.25
-1111928	-609378.75
-1116592	-615402.31
-1115015	-618891.75
-1137795.9	-632543
-1150749.9	-635147.63
-1156785.9	-641287.94
-1165909.1	-644350
-1170646.1	-640761.81
-1173998	-652442.44
-1196241.6	-669698.13
-1192223.4	-680011.19
-1194449.3	-681483.25
-1186967.9	-686064.69
-1188679.8	-689954.75
-1183505.3	-698795.69
-1174872.8	-702978.69
-1168495.4	-720649.19
-1163954.3	-722094.38
-1163678.5	-726036.75
-1158112.1	-724210.44
-1159502.6	-726131.75
-1150684.1	-749590.44
-1141684.3	-759902.75
-1132147.9	-762815.94
-1123335.4	-778162.56
-1107754.1	-791424.38
-1093208.3	-793994.5
-1081175.5	-801858.31
-1064647.5	-802330.31
-1054724.6	-799363.25
-1044600.8	-800973.81
-1031258.5	-809988.13
-1028458.8	-809024
-1026298.8	-813114
-1006290.3	-814634.31
-997616.25	-822650.88
-992775.5	-823148.13
-991812.94	-828855.31
-976699.06	-841481.75
-977884.13	-845634.63
-973827.81	-847923.94
-975286.25	-850481.06
-970534.44	-857026.44
-964906.88	-858165.81
-952965.19	-870257.19
-942778.94	-873658.56
-931867.13	-887745.88
-905029.88	-905723.81
-1191078.6	101431.6
-1181497.9	114939.9
-1184018.4	116744.48
-1209074.8	83681.43
-1191078.6	101431.6
-1292646.1	-37615.777
-1323341.5	-79164.266
-1311639.5	-76141.586
-1310431.4	-69982.695
-1295640	-50318.332
-1294834.9	-43784.523
-1287583	-39923.445
-1292646.1	-37615.777
-1325503.4	-89175.727
-1316096	-82678.852
-1319403.3	-79393.508
-1325199.5	-81000.531
-1348102.4	-99836.492
-1339993.6	-97350.75
-1332298.5	-90140.398
-1330465.6	-92362.328
-1325503.4	-89175.727
-1409452.3	-130189.92
-1417540.3	-132253.56
-1409325.4	-131814.05
-1392079.8	-127673.14
-1376651.1	-119160.86
-1368813.9	-120007.56
-1373282	-114813.7
-1362753.6	-111492.27
-1351362.5	-102318.07
-1350439.3	-105897.63
-1349259.4	-100226.47
-1377473	-116790.56
-1409452.3	-130189.92
-1485168	-125718.79
-1473386.4	-131039.85
-1460753.1	-133097.02
-1449475.5	-134270.75
-1428501.9	-134486.64
-1418501.8	-133170.16
-1418206.6	-132182.47
-1430071.6	-133168.06
-1446501	-132880.58
-1462749.1	-130881.03
-1485214.4	-125207.87
-1505520.8	-119325.63
-1523172	-115963.16
-1543309.9	-113972.17
-1543943	-114713.48
-1524117.9	-117326.83
-1513237.9	-118868.2
-1505366.8	-121177.27
-1498742.8	-122634.28
-1491963.3	-123632.36
-1485168	-125718.79
