216457.03	-628890.38
201646.03	-630353.94
182150.13	-631968.19
139558.28	-635567.56
145079.78	-705135
148028.59	-732192.56
156256.09	-804819.81
157507.91	-814673.5
162124.84	-856814.31
166525.44	-891203.94
173069.08	-939342.5
184745		-1027866
195826.84	-1102444.4
196600.33	-1107205.5
208904.11	-1184314.6
237594.02	-1179572.1
272658.84	-1173668
318378.19	-1165843.5
373906.28	-1156418.9
430544.63	-1147149.3
459544.84	-1142172.6
484826.78	-1137894.3
536053		-1129617.1
589854.75	-1120717.6
610808.19	-1117221.4
647133.56	-1111289.3
639292.5	-1065695.6
639556.5	-1062882.9
635434.56	-1033712.3
632861		-1019392.3
620041.94	-933270.56
616617.19	-906343.13
612996.63	-879529.56
597863.63	-759218.81
596014.88	-741659.38
589022.56	-672589.44
588842.94	-669387.38
581591.69	-596929.75
534768.56	-601062.63
491332.75	-605041.13
487339.66	-605297.56
454918.84	-608159.63
416263.06	-611475.38
413551.44	-611811.19
360848.63	-616267
317871.84	-620086.19
249823.52	-625919.5
216457.03	-628890.38
